1.000000 1.000000 inf
1.000000 1.000000 inf
1.000000 -1.000000 inf
1.000000 1.000000 inf
1.000000 -2.236068 inf
1.000000 1.000000 inf
1.000000 1.000000 inf
1.000000 1.000000 inf
1.000000 1.000000 inf
1.000000 1.000000 inf
1.000000 1.000000 inf
1.000000 1.000000 inf
1.000000 1.000000 inf
1.000000 1.000000 inf
1.000000 1.000000 inf
1.000000 1.000000 inf
1.000000 1.000000 inf
1.000000 1.000000 inf
1.000000 1.000000 inf
1.000000 1.000000 inf
1.000000 1.000000 inf
1.000000 1.000000 inf
1.000000 1.000000 inf
1.000000 1.000000 inf
1.000000 1.000000 inf
1.000000 1.000000 inf
1.000000 1.000000 inf
1.000000 1.000000 inf
1.000000 1.000000 inf
1.000000 1.000000 inf
1.000000 1.000000 inf
1.000000 1.000000 inf
1.000000 1.000000 inf
1.000000 1.000000 inf
1.000000 1.000000 inf
1.000000 1.000000 inf
1.000000 -2.828427 inf
1.000000 1.000000 inf
1.000000 1.000000 inf
1.000000 1.000000 inf
1.000000 1.000000 inf
1.000000 1.000000 inf
1.000000 1.000000 inf
1.000000 1.000000 inf
1.000000 1.000000 inf
1.000000 1.000000 inf
1.000000 1.000000 inf
1.000000 1.000000 inf
1.000000 1.000000 inf
1.000000 1.000000 inf
1.000000 1.000000 inf
1.000000 1.000000 inf
1.000000 1.000000 inf
1.000000 1.000000 inf
1.000000 1.000000 inf
1.000000 1.000000 inf
1.000000 1.000000 inf
1.000000 1.000000 inf
1.000000 1.000000 inf
1.000000 1.000000 inf
1.000000 1.000000 inf
1.000000 1.000000 inf
1.000000 1.000000 inf
1.000000 1.000000 inf
1.000000 1.000000 inf
1.000000 1.000000 inf
1.000000 1.000000 inf
1.000000 1.000000 inf
1.000000 1.000000 inf
1.000000 1.000000 inf
1.000000 1.000000 inf
1.000000 1.000000 inf
1.000000 1.000000 inf
1.000000 1.000000 inf
1.000000 1.000000 inf
1.000000 1.000000 inf
1.000000 1.000000 inf
1.000000 1.000000 inf
1.000000 1.000000 inf
1.000000 1.000000 inf
1.000000 1.000000 inf
1.000000 1.000000 inf
1.000000 1.000000 inf
1.000000 1.000000 inf
1.000000 1.000000 inf
1.000000 1.000000 inf
1.000000 1.000000 inf
1.000000 1.000000 inf
1.000000 1.000000 inf
1.000000 1.000000 inf
1.000000 1.000000 inf
1.000000 1.000000 inf
1.000000 1.000000 inf
1.000000 1.000000 inf
1.000000 1.000000 inf
1.000000 1.000000 inf
1.000000 1.000000 inf
1.000000 1.000000 inf
1.000000 1.000000 inf
1.000000 1.000000 inf
1.000000 1.000000 inf
1.000000 1.000000 inf
1.000000 1.000000 inf
1.000000 1.000000 inf
1.000000 1.000000 inf
1.000000 1.000000 inf
1.000000 1.000000 inf
1.000000 1.000000 inf
1.000000 1.000000 inf
1.000000 1.000000 inf
1.000000 1.000000 inf
1.000000 1.000000 inf
1.000000 1.000000 inf
1.000000 1.000000 inf
1.000000 1.000000 inf
1.000000 1.000000 inf
1.000000 1.000000 inf
1.000000 1.000000 inf
1.000000 1.000000 inf
1.000000 1.000000 inf
1.000000 1.000000 inf
1.000000 1.000000 inf
1.000000 1.000000 inf
1.000000 1.000000 inf
1.000000 1.000000 inf
1.000000 1.000000 inf
1.000000 1.000000 inf
1.000000 1.000000 inf
1.000000 1.000000 inf
1.000000 1.000000 inf
1.000000 1.000000 inf
1.000000 1.000000 inf
1.000000 1.000000 inf
1.000000 1.000000 inf
1.000000 1.000000 inf
1.000000 1.000000 inf
1.000000 1.000000 inf
1.000000 1.000000 inf
1.000000 1.000000 inf
1.000000 1.000000 inf
1.000000 1.000000 inf
1.000000 1.000000 inf
1.000000 1.000000 inf
1.000000 1.000000 inf
1.000000 1.000000 inf
1.000000 1.000000 inf
1.000000 1.000000 inf
1.000000 1.000000 inf
1.000000 1.000000 inf
1.000000 1.000000 inf
1.000000 1.000000 inf
1.000000 1.000000 inf
1.000000 1.000000 inf
1.000000 1.000000 inf
1.000000 1.000000 inf
1.000000 1.000000 inf
1.000000 1.000000 inf
1.000000 1.000000 inf
1.000000 1.000000 inf
1.000000 1.000000 inf
1.000000 1.000000 inf
1.000000 1.000000 inf
1.000000 1.000000 inf
1.000000 1.000000 inf
1.000000 1.000000 inf
1.000000 1.000000 inf
1.000000 1.000000 inf
1.000000 1.000000 inf
1.000000 1.000000 inf
1.000000 1.000000 inf
1.000000 1.000000 inf
1.000000 1.000000 inf
1.000000 1.000000 inf
1.000000 1.000000 inf
1.000000 1.000000 inf
1.000000 1.000000 inf
1.000000 1.000000 inf
1.000000 1.000000 inf
1.000000 1.000000 inf
1.000000 1.000000 inf
1.000000 1.000000 inf
1.000000 1.000000 inf
1.000000 1.000000 inf
1.000000 1.000000 inf
1.000000 1.000000 inf
1.000000 1.000000 inf
1.000000 1.000000 inf
1.000000 1.000000 inf
1.000000 1.000000 inf
1.000000 1.000000 inf
1.000000 1.000000 inf
1.000000 1.000000 inf
1.000000 1.000000 inf
1.000000 1.000000 inf
1.000000 1.000000 inf
1.000000 1.000000 inf
1.000000 1.000000 inf
1.000000 1.000000 inf
1.000000 1.000000 inf
1.000000 1.000000 inf
1.000000 1.000000 inf
1.000000 1.000000 inf
1.000000 1.000000 inf
1.000000 1.000000 inf
1.000000 1.000000 inf
1.000000 1.000000 inf
1.000000 1.000000 inf
1.000000 -1.000000 inf
1.000000 1.000000 inf
1.000000 1.000000 inf
1.000000 -1.000000 inf
1.000000 1.000000 inf
1.000000 1.000000 inf
1.000000 1.000000 inf
1.000000 1.000000 inf
1.000000 1.000000 inf
1.000000 1.000000 inf
1.000000 1.000000 inf
1.000000 1.000000 inf
1.000000 1.000000 inf
1.000000 1.000000 inf
1.000000 1.000000 inf
1.000000 1.000000 inf
1.000000 1.000000 inf
1.000000 1.000000 inf
1.000000 1.000000 inf
1.000000 1.000000 inf
1.000000 1.000000 inf
1.000000 1.000000 inf
1.000000 -1.000000 inf
1.000000 -1.000000 inf
1.000000 1.000000 inf
1.000000 1.000000 inf
1.000000 -1.000000 inf
1.000000 1.000000 inf
1.000000 1.000000 inf
1.000000 1.000000 inf
1.000000 1.000000 inf
1.000000 -1.000000 inf
1.000000 1.000000 inf
1.000000 -1.000000 inf
1.000000 1.000000 inf
1.000000 1.000000 inf
1.000000 1.000000 inf
1.000000 -3.605551 inf
1.000000 1.000000 inf
1.000000 1.000000 inf
1.000000 1.000000 inf
1.000000 1.000000 inf
1.000000 1.000000 inf
1.000000 1.000000 inf
1.000000 -1.000000 inf
1.000000 1.000000 inf
1.000000 1.000000 inf
1.000000 1.000000 inf
1.000000 1.000000 inf
1.000000 1.000000 inf
1.000000 1.000000 inf
1.000000 -1.414214 inf
1.000000 1.000000 inf
1.000000 1.000000 inf
1.000000 1.000000 inf
1.000000 1.000000 inf
1.000000 1.000000 inf
1.000000 1.000000 inf
1.000000 1.000000 inf
1.000000 1.000000 inf
1.000000 1.000000 inf
1.000000 1.000000 inf
1.000000 1.000000 inf
1.000000 1.000000 inf
1.000000 1.000000 inf
1.000000 1.000000 inf
1.000000 1.000000 inf
1.000000 1.000000 inf
1.000000 1.000000 inf
1.000000 1.000000 inf
1.000000 1.000000 inf
1.000000 1.000000 inf
1.000000 1.000000 inf
1.000000 1.000000 inf
1.000000 1.000000 inf
1.000000 1.000000 inf
1.000000 1.000000 inf
1.000000 1.000000 inf
1.000000 1.000000 inf
1.000000 1.000000 inf
1.000000 1.000000 inf
1.000000 1.000000 inf
1.000000 1.000000 inf
1.000000 1.000000 inf
1.000000 1.000000 inf
1.000000 1.000000 inf
1.000000 1.000000 inf
1.000000 1.000000 inf
1.000000 1.000000 inf
1.000000 1.000000 inf
1.000000 1.000000 inf
1.000000 1.000000 inf
1.000000 1.000000 inf
1.000000 1.000000 inf
1.000000 1.000000 inf
1.000000 1.000000 inf
1.000000 1.000000 inf
1.000000 1.000000 inf
1.000000 -1.000000 inf
1.000000 1.000000 inf
1.000000 -1.414214 inf
1.000000 1.000000 inf
1.000000 -1.414214 inf
1.000000 1.000000 inf
1.000000 1.000000 inf
1.000000 1.000000 inf
1.000000 1.000000 inf
1.000000 -1.000000 inf
1.000000 1.000000 inf
1.000000 1.000000 inf
1.000000 1.000000 inf
1.000000 -1.414214 inf
1.000000 -1.414214 inf
1.000000 1.000000 inf
1.000000 1.000000 inf
1.000000 -1.000000 inf
1.000000 1.000000 inf
1.000000 1.000000 inf
1.000000 1.000000 9.848858
1.000000 3.000000 9.219544
1.000000 -5.000000 1.000000
1.000000 3.000000 7.280110
1.000000 1.000000 5.099020
1.000000 -2.828427 1.000000
1.000000 -2.828427 1.000000
1.000000 -2.828427 1.000000
1.000000 -2.236068 1.000000
1.000000 -2.236068 1.000000
1.000000 -2.236068 1.000000
1.000000 -2.236068 1.000000
1.000000 -2.236068 1.000000
1.000000 -2.236068 1.000000
1.000000 -2.236068 1.000000
1.000000 -2.236068 1.000000
1.000000 2.236068 5.385165
1.000000 2.236068 5.385165
1.000000 1.000000 4.123106
1.000000 -2.000000 1.000000
1.000000 -2.000000 1.000000
1.000000 -2.000000 1.000000
1.000000 -2.000000 1.000000
1.000000 -2.000000 1.000000
1.000000 -2.000000 1.000000
1.000000 3.000000 5.830952
1.000000 2.828427 5.656854
1.000000 3.000000 5.656854
1.000000 1.000000 3.605551
1.000000 4.472136 7.071068
1.000000 2.000000 4.472136
1.000000 -1.000000 1.414214
1.000000 -1.000000 1.414214
1.000000 -1.000000 1.414214
1.000000 -1.414214 1.000000
1.000000 -1.414214 1.000000
1.000000 -1.414214 1.000000
1.000000 -1.000000 1.414214
1.000000 -1.414214 1.000000
1.000000 -1.414214 1.000000
1.000000 -1.000000 1.414214
1.000000 -1.414214 1.000000
1.000000 -1.000000 1.414214
1.000000 -1.414214 1.000000
1.000000 -1.414214 1.000000
1.000000 -1.414214 1.000000
1.000000 -1.414214 1.000000
1.000000 -1.414214 1.000000
1.000000 -1.414214 1.000000
1.000000 2.000000 4.242641
1.000000 2.000000 4.242641
1.000000 2.000000 4.242641
1.000000 1.414214 3.605551
1.000000 1.000000 3.162278
1.000000 1.000000 3.162278
1.000000 1.000000 3.162278
1.000000 1.000000 3.162278
1.000000 3.000000 5.099020
1.000000 3.605551 5.656854
1.000000 -1.000000 1.000000
1.000000 -1.000000 1.000000
1.000000 -1.000000 1.000000
1.000000 -1.000000 1.000000
1.000000 -1.000000 1.000000
1.000000 -1.000000 1.000000
1.000000 -1.000000 1.000000
1.000000 -1.000000 1.000000
1.000000 -1.000000 1.000000
1.000000 -1.000000 1.000000
1.000000 -1.000000 1.000000
1.000000 -1.000000 1.000000
1.000000 -1.000000 1.000000
1.000000 -1.000000 1.000000
1.000000 -1.000000 1.000000
1.000000 -1.000000 1.000000
1.000000 -1.000000 1.000000
1.000000 -1.000000 1.000000
1.000000 -1.000000 1.000000
1.000000 -1.000000 1.000000
1.000000 -1.000000 1.000000
1.000000 -1.000000 1.000000
1.000000 -1.000000 1.000000
1.000000 -1.000000 1.000000
1.000000 -1.000000 1.000000
1.000000 -1.000000 1.000000
1.000000 -1.000000 1.000000
1.000000 2.000000 4.000000
1.000000 2.000000 4.000000
1.000000 -1.000000 1.000000
1.000000 -1.000000 1.000000
1.000000 -1.000000 1.000000
1.000000 -1.000000 1.000000
1.000000 -1.000000 1.000000
1.000000 -1.000000 1.000000
1.000000 -1.000000 1.000000
1.000000 -1.000000 1.000000
1.000000 -1.000000 1.000000
1.000000 -1.000000 1.000000
1.000000 -1.000000 1.000000
1.000000 -1.000000 1.000000
1.000000 -1.000000 1.000000
1.000000 -1.000000 1.000000
1.000000 -1.000000 1.000000
1.000000 -1.000000 1.000000
1.000000 -1.000000 1.000000
1.000000 -1.000000 1.000000
1.000000 -1.000000 1.000000
1.000000 -1.000000 1.000000
1.000000 -1.000000 1.000000
1.000000 -1.000000 1.000000
1.000000 -1.000000 1.000000
1.000000 -1.000000 1.000000
1.000000 -1.000000 1.000000
1.000000 -1.000000 1.000000
1.000000 -1.000000 1.000000
1.000000 -1.000000 1.000000
1.000000 1.000000 3.000000
1.000000 -1.000000 1.000000
1.000000 1.000000 3.000000
1.000000 1.000000 3.000000
1.000000 -1.000000 1.000000
1.000000 -1.000000 1.000000
1.000000 -1.000000 1.000000
1.000000 -1.000000 1.000000
1.000000 1.000000 3.000000
1.000000 1.000000 3.000000
1.000000 1.000000 3.000000
1.000000 -1.000000 1.000000
1.000000 1.000000 3.000000
1.000000 1.000000 3.000000
1.000000 -1.000000 1.000000
1.000000 -1.000000 1.000000
1.000000 -1.000000 1.000000
1.000000 -1.000000 1.000000
1.000000 -1.000000 1.000000
1.000000 -1.000000 1.000000
1.000000 -1.000000 1.000000
1.000000 -1.000000 1.000000
1.000000 -1.000000 1.000000
1.000000 -1.000000 1.000000
1.000000 -1.000000 1.000000
1.000000 -1.000000 1.000000
1.000000 -1.000000 1.000000
1.000000 -1.000000 1.000000
1.000000 -1.000000 1.000000
1.000000 -1.000000 1.000000
1.000000 -1.000000 1.000000
1.000000 -1.000000 1.000000
1.000000 -1.000000 1.000000
1.000000 -1.000000 1.000000
1.000000 -1.000000 1.000000
1.000000 -1.000000 1.000000
1.000000 -1.000000 1.000000
1.000000 -1.000000 1.000000
1.000000 -1.000000 1.000000
1.000000 -1.000000 1.000000
1.000000 -1.000000 1.000000
1.000000 -1.000000 1.000000
1.000000 -1.000000 1.000000
1.000000 -1.000000 1.000000
1.000000 -1.000000 1.000000
1.000000 -1.000000 1.000000
1.000000 -1.000000 1.000000
1.000000 -1.000000 1.000000
1.000000 -1.000000 1.000000
1.000000 -1.000000 1.000000
1.000000 -1.000000 1.000000
1.000000 -1.000000 1.000000
1.000000 -1.000000 1.000000
1.000000 -1.000000 1.000000
1.000000 -1.000000 1.000000
1.000000 -1.000000 1.000000
1.000000 -1.000000 1.000000
1.000000 -1.000000 1.000000
1.000000 -1.000000 1.000000
1.000000 -1.000000 1.000000
1.000000 -1.000000 1.000000
1.000000 -1.000000 1.000000
1.000000 -1.000000 1.000000
1.000000 -1.000000 1.000000
1.000000 -1.000000 1.000000
1.000000 -1.000000 1.000000
1.000000 -1.000000 1.000000
1.000000 -1.000000 1.000000
1.000000 -1.000000 1.000000
1.000000 -1.000000 1.000000
1.000000 -1.000000 1.000000
1.000000 -1.000000 1.000000
1.000000 -1.000000 1.000000
1.000000 -1.000000 1.000000
1.000000 -1.000000 1.000000
1.000000 -1.000000 1.000000
1.000000 -1.000000 1.000000
1.000000 -1.000000 1.000000
1.000000 -1.000000 1.000000
1.000000 -1.000000 1.000000
1.000000 -1.000000 1.000000
1.000000 -1.000000 1.000000
1.000000 -1.000000 1.000000
1.000000 -1.000000 1.000000
1.000000 -1.000000 1.000000
1.000000 -1.000000 1.000000
1.000000 -1.000000 1.000000
1.000000 -1.000000 1.000000
1.000000 -1.000000 1.000000
1.000000 -1.000000 1.000000
1.000000 -1.000000 1.000000
1.000000 -1.000000 1.000000
1.000000 -1.000000 1.000000
1.000000 -1.000000 1.000000
1.000000 -1.000000 1.000000
1.000000 -1.000000 1.000000
1.000000 -1.000000 1.000000
1.000000 -1.000000 1.000000
1.000000 -1.000000 1.000000
1.000000 -1.000000 1.000000
1.000000 -1.000000 1.000000
1.000000 -1.000000 1.000000
1.000000 -1.000000 1.000000
1.000000 -1.000000 1.000000
1.000000 -1.000000 1.000000
1.000000 -1.000000 1.000000
1.000000 -1.000000 1.000000
1.000000 -1.000000 1.000000
1.000000 -1.000000 1.000000
1.000000 -1.000000 1.000000
1.000000 -1.000000 1.000000
1.000000 -1.000000 1.000000
1.000000 -1.000000 1.000000
1.000000 -1.000000 1.000000
1.000000 -1.000000 1.000000
1.000000 -1.000000 1.000000
1.000000 -1.000000 1.000000
1.000000 -1.000000 1.000000
1.000000 -1.000000 1.000000
1.000000 -1.000000 1.000000
1.000000 -1.000000 1.000000
1.000000 -1.000000 1.000000
1.000000 -1.000000 1.000000
1.000000 -1.000000 1.000000
1.000000 -1.000000 1.000000
1.000000 -1.000000 1.000000
1.000000 -1.000000 1.000000
1.000000 -1.000000 1.000000
1.000000 -1.000000 1.000000
1.000000 -1.000000 1.000000
1.000000 -1.000000 1.000000
1.000000 -1.000000 1.000000
1.000000 -1.000000 1.000000
1.000000 -1.000000 1.000000
1.000000 -1.000000 1.000000
1.000000 -1.000000 1.000000
1.000000 -1.000000 1.000000
1.000000 -1.000000 1.000000
1.000000 -1.000000 1.000000
1.000000 -1.000000 1.000000
1.000000 -1.000000 1.000000
1.000000 -1.000000 1.000000
1.000000 -1.000000 1.000000
1.000000 -1.000000 1.000000
1.000000 -1.000000 1.000000
1.000000 -1.000000 1.000000
1.000000 -1.000000 1.000000
1.000000 -1.000000 1.000000
1.000000 -1.000000 1.000000
1.000000 -1.000000 1.000000
1.000000 -1.000000 1.000000
1.000000 -1.000000 1.000000
1.000000 -1.000000 1.000000
1.000000 -1.000000 1.000000
1.000000 -1.000000 1.000000
1.000000 -1.000000 1.000000
1.000000 -1.000000 1.000000
1.000000 -1.000000 1.000000
1.000000 -1.000000 1.000000
1.000000 -1.000000 1.000000
1.000000 -1.000000 1.000000
1.000000 -1.000000 1.000000
1.000000 -1.000000 1.000000
1.000000 -1.000000 1.000000
1.000000 -1.000000 1.000000
1.000000 -1.000000 1.000000
1.000000 -1.000000 1.000000
1.000000 -1.000000 1.000000
1.000000 -1.000000 1.000000
1.000000 -1.000000 1.000000
1.000000 -1.000000 1.000000
1.000000 -1.000000 1.000000
1.000000 -1.000000 1.000000
1.000000 -1.000000 1.000000
1.000000 -1.000000 1.000000
1.000000 -1.000000 1.000000
1.000000 -1.000000 1.000000
1.000000 -1.000000 1.000000
1.000000 -1.000000 1.000000
1.000000 -1.000000 1.000000
1.000000 -1.000000 1.000000
1.000000 -1.000000 1.000000
1.000000 -1.000000 1.000000
1.000000 -1.000000 1.000000
1.000000 -1.000000 1.000000
1.000000 -1.000000 1.000000
1.000000 -1.000000 1.000000
1.000000 -1.000000 1.000000
1.000000 -1.000000 1.000000
1.000000 -1.000000 1.000000
1.000000 -1.000000 1.000000
1.000000 -1.000000 1.000000
1.000000 -1.000000 1.000000
1.000000 -1.000000 1.000000
1.000000 -1.000000 1.000000
1.000000 -1.000000 1.000000
1.000000 -1.000000 1.000000
1.000000 -1.000000 1.000000
1.000000 -1.000000 1.000000
1.000000 -1.000000 1.000000
1.000000 -1.000000 1.000000
1.000000 -1.000000 1.000000
1.000000 -1.000000 1.000000
1.000000 -1.000000 1.000000
1.000000 1.000000 2.828427
1.000000 1.000000 2.828427
1.000000 1.000000 2.828427
1.000000 1.000000 2.828427
1.000000 1.000000 2.828427
1.000000 5.385165 7.211103
1.000000 1.414214 3.162278
1.000000 2.000000 3.605551
1.000000 2.000000 3.605551
1.000000 1.414214 3.000000
1.000000 4.123106 5.656854
1.000000 1.414214 2.828427
1.000000 1.414214 2.828427
1.000000 4.000000 5.385165
1.000000 4.123106 5.385165
1.000000 1.000000 2.236068
1.000000 1.000000 2.236068
1.000000 1.000000 2.236068
1.000000 1.000000 2.236068
1.000000 1.000000 2.236068
1.000000 1.000000 2.236068
1.000000 1.000000 2.236068
1.000000 1.000000 2.236068
1.000000 1.000000 2.236068
1.000000 1.000000 2.236068
1.000000 1.000000 2.236068
1.000000 1.000000 2.236068
1.000000 1.000000 2.236068
1.000000 1.000000 2.236068
1.000000 1.000000 2.236068
1.000000 1.000000 2.236068
1.000000 1.000000 2.236068
1.000000 1.000000 2.236068
1.000000 1.000000 2.236068
1.000000 1.000000 2.236068
1.000000 1.000000 2.236068
1.000000 1.000000 2.236068
1.000000 1.000000 2.236068
1.000000 1.000000 2.236068
1.000000 1.000000 2.236068
1.000000 1.000000 2.236068
1.000000 1.000000 2.236068
1.000000 1.000000 2.236068
1.000000 1.000000 2.236068
1.000000 1.000000 2.236068
1.000000 1.000000 2.236068
1.000000 2.828427 4.000000
1.000000 2.000000 3.162278
1.000000 2.000000 3.162278
1.000000 2.000000 3.162278
1.000000 2.000000 3.162278
1.000000 3.000000 4.123106
1.000000 1.000000 2.000000
1.000000 1.000000 2.000000
1.000000 1.000000 2.000000
1.000000 1.000000 2.000000
1.000000 1.000000 2.000000
1.000000 1.000000 2.000000
1.000000 1.000000 2.000000
1.000000 1.000000 2.000000
1.000000 1.000000 2.000000
1.000000 1.000000 2.000000
1.000000 1.000000 2.000000
1.000000 1.000000 2.000000
1.000000 1.000000 2.000000
1.000000 1.000000 2.000000
1.000000 1.000000 2.000000
1.000000 1.000000 2.000000
1.000000 1.000000 2.000000
1.000000 1.000000 2.000000
1.000000 1.000000 2.000000
1.000000 1.000000 2.000000
1.000000 1.000000 2.000000
1.000000 1.000000 2.000000
1.000000 1.000000 2.000000
1.000000 1.000000 2.000000
1.000000 1.000000 2.000000
1.000000 1.000000 2.000000
1.000000 1.000000 2.000000
1.000000 1.000000 2.000000
1.000000 1.000000 2.000000
1.000000 1.000000 2.000000
1.000000 1.000000 2.000000
1.000000 1.000000 2.000000
1.000000 1.000000 2.000000
1.000000 1.000000 2.000000
1.000000 1.000000 2.000000
1.000000 1.000000 2.000000
1.000000 1.000000 2.000000
1.000000 1.000000 2.000000
1.000000 1.000000 2.000000
1.000000 1.000000 2.000000
1.000000 2.000000 3.000000
1.000000 2.000000 3.000000
1.000000 2.000000 3.000000
1.000000 2.000000 3.000000
1.000000 2.000000 3.000000
1.000000 1.000000 2.000000
1.000000 1.000000 2.000000
1.000000 1.000000 2.000000
1.000000 1.000000 2.000000
1.000000 1.000000 2.000000
1.000000 3.162278 4.123106
1.000000 3.162278 4.123106
1.000000 2.236068 3.162278
1.000000 2.236068 3.162278
1.000000 2.236068 3.162278
1.000000 4.123106 5.000000
1.000000 2.000000 2.828427
1.000000 2.000000 2.828427
1.000000 2.000000 2.828427
1.000000 2.000000 2.828427
1.000000 2.000000 2.828427
1.000000 2.000000 2.828427
1.000000 2.000000 2.828427
1.000000 1.414214 2.236068
1.000000 1.414214 2.236068
1.000000 1.414214 2.236068
1.000000 1.414214 2.236068
1.000000 1.414214 2.236068
1.000000 1.414214 2.236068
1.000000 1.414214 2.236068
1.000000 1.414214 2.236068
1.000000 1.414214 2.236068
1.000000 1.414214 2.236068
1.000000 2.828427 3.605551
1.000000 2.828427 3.605551
1.000000 2.828427 3.605551
1.000000 4.242641 5.000000
1.000000 5.656854 6.403124
1.000000 6.000000 6.708204
1.000000 6.403124 7.071068
1.000000 5.000000 5.656854
1.000000 3.605551 4.242641
1.000000 3.000000 3.605551
1.000000 3.000000 3.605551
1.000000 3.000000 3.605551
1.000000 3.000000 3.605551
1.000000 3.000000 3.605551
1.000000 3.000000 3.605551
1.000000 6.403124 7.000000
1.000000 2.236068 2.828427
1.000000 2.236068 2.828427
1.000000 2.236068 2.828427
1.000000 2.236068 2.828427
1.000000 2.236068 2.828427
1.000000 2.236068 2.828427
1.000000 2.236068 2.828427
1.000000 2.236068 2.828427
1.000000 2.236068 2.828427
1.000000 2.236068 2.828427
1.000000 2.236068 2.828427
1.000000 2.236068 2.828427
1.000000 2.236068 2.828427
1.000000 2.236068 2.828427
1.000000 1.414214 2.000000
1.000000 1.414214 2.000000
1.000000 1.414214 2.000000
1.000000 1.414214 2.000000
1.000000 1.414214 2.000000
1.000000 1.414214 2.000000
1.000000 1.414214 2.000000
1.000000 1.414214 2.000000
1.000000 1.414214 2.000000
1.000000 1.414214 2.000000
1.000000 1.414214 2.000000
1.000000 1.414214 2.000000
1.000000 1.414214 2.000000
1.000000 1.414214 2.000000
1.000000 1.414214 2.000000
1.000000 1.414214 2.000000
1.000000 1.414214 2.000000
1.000000 1.414214 2.000000
1.000000 1.414214 2.000000
1.000000 1.414214 2.000000
1.000000 1.414214 2.000000
1.000000 1.414214 2.000000
1.000000 1.414214 2.000000
1.000000 1.414214 2.000000
1.000000 1.414214 2.000000
1.000000 1.414214 2.000000
1.000000 1.414214 2.000000
1.000000 1.414214 2.000000
1.000000 1.414214 2.000000
1.000000 1.414214 2.000000
1.000000 1.414214 2.000000
1.000000 1.414214 2.000000
1.000000 5.830952 6.403124
1.000000 4.472136 5.000000
1.000000 4.472136 5.000000
1.000000 4.472136 5.000000
1.000000 3.605551 4.123106
1.000000 3.605551 4.123106
1.000000 3.605551 4.123106
1.000000 6.708204 7.211103
1.000000 4.000000 4.472136
1.000000 4.000000 4.472136
1.000000 4.000000 4.472136
1.000000 3.162278 3.605551
1.000000 3.162278 3.605551
1.000000 3.162278 3.605551
1.000000 3.162278 3.605551
1.000000 3.162278 3.605551
1.000000 3.162278 3.605551
1.000000 3.162278 3.605551
1.000000 3.162278 3.605551
1.000000 3.162278 3.605551
1.000000 1.000000 1.414214
1.000000 1.000000 1.414214
1.000000 1.000000 1.414214
1.000000 1.000000 1.414214
1.000000 1.000000 1.414214
1.000000 1.000000 1.414214
1.000000 1.000000 1.414214
1.000000 1.000000 1.414214
1.000000 1.000000 1.414214
1.000000 1.000000 1.414214
1.000000 1.000000 1.414214
1.000000 1.000000 1.414214
1.000000 1.000000 1.414214
1.000000 1.000000 1.414214
1.000000 1.000000 1.414214
1.000000 1.000000 1.414214
1.000000 1.000000 1.414214
1.000000 1.000000 1.414214
1.000000 1.000000 1.414214
1.000000 1.000000 1.414214
1.000000 1.000000 1.414214
1.000000 1.000000 1.414214
1.000000 1.000000 1.414214
1.000000 1.000000 1.414214
1.000000 1.000000 1.414214
1.000000 1.000000 1.414214
1.000000 1.000000 1.414214
1.000000 1.000000 1.414214
1.000000 1.000000 1.414214
1.000000 1.000000 1.414214
1.000000 1.000000 1.414214
1.000000 1.000000 1.414214
1.000000 1.000000 1.414214
1.000000 1.000000 1.414214
1.000000 1.000000 1.414214
1.000000 1.000000 1.414214
1.000000 1.000000 1.414214
1.000000 1.000000 1.414214
1.000000 1.000000 1.414214
1.000000 1.000000 1.414214
1.000000 1.000000 1.414214
1.000000 1.000000 1.414214
1.000000 1.000000 1.414214
1.000000 1.000000 1.414214
1.000000 1.000000 1.414214
1.000000 1.000000 1.414214
1.000000 1.000000 1.414214
1.000000 1.000000 1.414214
1.000000 1.000000 1.414214
1.000000 1.000000 1.414214
1.000000 1.000000 1.414214
1.000000 1.000000 1.414214
1.000000 1.000000 1.414214
1.000000 1.000000 1.414214
1.000000 1.000000 1.414214
1.000000 1.000000 1.414214
1.000000 1.000000 1.414214
1.000000 1.000000 1.414214
1.000000 1.000000 1.414214
1.000000 1.000000 1.414214
1.000000 1.000000 1.414214
1.000000 1.000000 1.414214
1.000000 1.000000 1.414214
1.000000 1.000000 1.414214
1.000000 1.000000 1.414214
1.000000 1.000000 1.414214
1.000000 1.000000 1.414214
1.000000 1.000000 1.414214
1.000000 1.000000 1.414214
1.000000 1.000000 1.414214
1.000000 1.000000 1.414214
1.000000 1.000000 1.414214
1.000000 1.000000 1.414214
1.000000 1.000000 1.414214
1.000000 1.000000 1.414214
1.000000 1.000000 1.414214
1.000000 1.000000 1.414214
1.000000 1.000000 1.414214
1.000000 1.000000 1.414214
1.000000 1.000000 1.414214
1.000000 1.000000 1.414214
1.000000 1.000000 1.414214
1.000000 1.000000 1.414214
1.000000 1.000000 1.414214
1.000000 1.000000 1.414214
1.000000 1.000000 1.414214
1.000000 1.000000 1.414214
1.000000 1.000000 1.414214
1.000000 1.000000 1.414214
1.000000 1.000000 1.414214
1.000000 1.000000 1.414214
1.000000 1.000000 1.414214
1.000000 1.000000 1.414214
1.000000 1.000000 1.414214
1.000000 1.000000 1.414214
1.000000 1.000000 1.414214
1.000000 1.000000 1.414214
1.000000 1.000000 1.414214
1.000000 1.000000 1.414214
1.000000 1.000000 1.414214
1.000000 1.000000 1.414214
1.000000 1.000000 1.414214
1.000000 1.000000 1.414214
1.000000 1.000000 1.414214
1.000000 1.000000 1.414214
1.000000 1.000000 1.414214
1.000000 1.000000 1.414214
1.000000 1.000000 1.414214
1.000000 1.000000 1.414214
1.000000 1.000000 1.414214
1.000000 1.000000 1.414214
1.000000 1.000000 1.414214
1.000000 1.000000 1.414214
1.000000 1.000000 1.414214
1.000000 1.000000 1.414214
1.000000 1.000000 1.414214
1.000000 1.000000 1.414214
1.000000 1.000000 1.414214
1.000000 1.000000 1.414214
1.000000 1.000000 1.414214
1.000000 1.000000 1.414214
1.000000 1.000000 1.414214
1.000000 1.000000 1.414214
1.000000 1.000000 1.414214
1.000000 1.000000 1.414214
1.000000 1.000000 1.414214
1.000000 1.000000 1.414214
1.000000 1.000000 1.414214
1.000000 1.000000 1.414214
1.000000 1.000000 1.414214
1.000000 1.000000 1.414214
1.000000 1.000000 1.414214
1.000000 1.000000 1.414214
1.000000 1.000000 1.414214
1.000000 1.000000 1.414214
1.000000 1.000000 1.414214
1.000000 1.000000 1.414214
1.000000 1.000000 1.414214
1.000000 1.000000 1.414214
1.000000 1.000000 1.414214
1.000000 1.000000 1.414214
1.000000 1.000000 1.414214
1.000000 1.000000 1.414214
1.000000 1.000000 1.414214
1.000000 1.000000 1.414214
1.000000 1.000000 1.414214
1.000000 1.000000 1.414214
1.000000 1.000000 1.414214
1.000000 1.000000 1.414214
1.000000 1.000000 1.414214
1.000000 1.000000 1.414214
1.000000 1.000000 1.414214
1.000000 1.000000 1.414214
1.000000 1.000000 1.414214
1.000000 1.000000 1.414214
1.000000 1.000000 1.414214
1.000000 1.000000 1.414214
1.000000 1.000000 1.414214
1.000000 1.000000 1.414214
1.000000 1.000000 1.414214
1.000000 1.000000 1.414214
1.000000 1.000000 1.414214
1.000000 1.000000 1.414214
1.000000 1.000000 1.414214
1.000000 1.000000 1.414214
1.000000 1.000000 1.414214
1.000000 1.000000 1.414214
1.000000 1.000000 1.414214
1.000000 1.000000 1.414214
1.000000 1.000000 1.414214
1.000000 1.000000 1.414214
1.000000 1.000000 1.414214
1.000000 1.000000 1.414214
1.000000 1.000000 1.414214
1.000000 1.000000 1.414214
1.000000 1.000000 1.414214
1.000000 1.000000 1.414214
1.000000 1.000000 1.414214
1.000000 1.000000 1.414214
1.000000 1.000000 1.414214
1.000000 1.000000 1.414214
1.000000 1.000000 1.414214
1.000000 1.000000 1.414214
1.000000 1.000000 1.414214
1.000000 1.000000 1.414214
1.000000 1.000000 1.414214
1.000000 1.000000 1.414214
1.000000 1.000000 1.414214
1.000000 1.000000 1.414214
1.000000 1.000000 1.414214
1.000000 1.000000 1.414214
1.000000 1.000000 1.414214
1.000000 1.000000 1.414214
1.000000 1.000000 1.414214
1.000000 1.000000 1.414214
1.000000 1.000000 1.414214
1.000000 1.000000 1.414214
1.000000 1.000000 1.414214
1.000000 1.000000 1.414214
1.000000 1.000000 1.414214
1.000000 1.000000 1.414214
1.000000 1.000000 1.414214
1.000000 1.000000 1.414214
1.000000 1.000000 1.414214
1.000000 1.000000 1.414214
1.000000 1.000000 1.414214
1.000000 1.000000 1.414214
1.000000 1.000000 1.414214
1.000000 1.000000 1.414214
1.000000 1.000000 1.414214
1.000000 1.000000 1.414214
1.000000 1.000000 1.414214
1.000000 1.000000 1.414214
1.000000 1.000000 1.414214
1.000000 1.000000 1.414214
1.000000 1.000000 1.414214
1.000000 1.000000 1.414214
1.000000 1.000000 1.414214
1.000000 1.000000 1.414214
1.000000 1.000000 1.414214
1.000000 1.000000 1.414214
1.000000 1.000000 1.414214
1.000000 1.000000 1.414214
1.000000 1.000000 1.414214
1.000000 1.000000 1.414214
1.000000 1.000000 1.414214
1.000000 1.000000 1.414214
1.000000 1.000000 1.414214
1.000000 1.000000 1.414214
1.000000 1.000000 1.414214
1.000000 3.605551 4.000000
1.000000 3.605551 4.000000
1.000000 3.605551 4.000000
1.000000 6.324555 6.708204
1.000000 6.708204 7.071068
1.000000 2.828427 3.162278
1.000000 2.828427 3.162278
1.000000 2.828427 3.162278
1.000000 5.099020 5.385165
1.000000 5.830952 6.082763
1.000000 2.000000 2.236068
1.000000 2.000000 2.236068
1.000000 2.000000 2.236068
1.000000 2.000000 2.236068
1.000000 2.000000 2.236068
1.000000 2.000000 2.236068
1.000000 2.000000 2.236068
1.000000 2.000000 2.236068
1.000000 2.000000 2.236068
1.000000 2.000000 2.236068
1.000000 2.000000 2.236068
1.000000 2.000000 2.236068
1.000000 2.000000 2.236068
1.000000 2.000000 2.236068
1.000000 2.000000 2.236068
1.000000 2.000000 2.236068
1.000000 2.000000 2.236068
1.000000 2.000000 2.236068
1.000000 2.000000 2.236068
1.000000 2.000000 2.236068
1.000000 2.000000 2.236068
1.000000 2.000000 2.236068
1.000000 2.000000 2.236068
1.000000 2.000000 2.236068
1.000000 2.000000 2.236068
1.000000 2.000000 2.236068
1.000000 2.000000 2.236068
1.000000 2.000000 2.236068
1.000000 2.000000 2.236068
1.000000 2.000000 2.236068
1.000000 2.000000 2.236068
1.000000 2.000000 2.236068
1.000000 2.000000 2.236068
1.000000 2.000000 2.236068
1.000000 2.000000 2.236068
1.000000 2.000000 2.236068
1.000000 2.000000 2.236068
1.000000 2.000000 2.236068
1.000000 2.000000 2.236068
1.000000 2.000000 2.236068
1.000000 2.000000 2.236068
1.000000 2.000000 2.236068
1.000000 2.000000 2.236068
1.000000 2.000000 2.236068
1.000000 2.000000 2.236068
1.000000 2.000000 2.236068
1.000000 2.000000 2.236068
1.000000 2.000000 2.236068
1.000000 2.000000 2.236068
1.000000 2.000000 2.236068
1.000000 2.000000 2.236068
1.000000 2.000000 2.236068
1.000000 2.000000 2.236068
1.000000 2.000000 2.236068
1.000000 2.000000 2.236068
1.000000 2.000000 2.236068
1.000000 2.000000 2.236068
1.000000 2.000000 2.236068
1.000000 2.000000 2.236068
1.000000 2.000000 2.236068
1.000000 2.000000 2.236068
1.000000 2.000000 2.236068
1.000000 2.000000 2.236068
1.000000 2.000000 2.236068
1.000000 2.000000 2.236068
1.000000 2.000000 2.236068
1.000000 2.000000 2.236068
1.000000 2.000000 2.236068
1.000000 2.000000 2.236068
1.000000 2.000000 2.236068
1.000000 2.000000 2.236068
1.000000 2.000000 2.236068
1.000000 2.000000 2.236068
1.000000 2.000000 2.236068
1.000000 2.000000 2.236068
1.000000 2.000000 2.236068
1.000000 2.000000 2.236068
1.000000 2.000000 2.236068
1.000000 2.000000 2.236068
1.000000 4.242641 4.472136
1.000000 4.242641 4.472136
1.000000 4.242641 4.472136
1.000000 9.000000 9.219544
1.000000 2.828427 3.000000
1.000000 2.828427 3.000000
1.000000 2.828427 3.000000
1.000000 2.828427 3.000000
1.000000 5.830952 6.000000
1.000000 3.000000 3.162278
1.000000 3.000000 3.162278
1.000000 3.000000 3.162278
1.000000 3.000000 3.162278
1.000000 3.000000 3.162278
1.000000 3.000000 3.162278
1.000000 3.000000 3.162278
1.000000 3.000000 3.162278
1.000000 3.000000 3.162278
1.000000 3.000000 3.162278
1.000000 3.000000 3.162278
1.000000 3.000000 3.162278
1.000000 3.000000 3.162278
1.000000 3.000000 3.162278
1.000000 3.000000 3.162278
1.000000 3.000000 3.162278
1.000000 3.000000 3.162278
1.000000 3.000000 3.162278
1.000000 3.000000 3.162278
1.000000 3.000000 3.162278
1.000000 3.000000 3.162278
1.000000 4.000000 4.123106
1.000000 4.000000 4.123106
1.000000 4.000000 4.123106
1.000000 4.000000 4.123106
1.000000 4.000000 4.123106
1.000000 4.000000 4.123106
1.000000 4.000000 4.123106
1.000000 4.000000 4.123106
1.000000 4.000000 4.123106
1.000000 4.000000 4.123106
1.000000 4.000000 4.123106
1.000000 4.000000 4.123106
1.000000 4.000000 4.123106
1.000000 4.000000 4.123106
1.000000 4.000000 4.123106
1.000000 4.123106 4.242641
1.000000 8.944272 9.055385
1.000000 5.000000 5.099020
1.000000 5.000000 5.099020
1.000000 5.000000 5.099020
1.000000 5.000000 5.099020
1.000000 5.000000 5.099020
1.000000 6.000000 6.082763
1.000000 6.000000 6.082763
1.000000 6.324555 6.403124
1.000000 6.324555 6.403124
1.000000 7.000000 7.071068
1.000000 7.000000 7.071068
1.000000 7.000000 7.071068
0.000000 1.000000 inf
0.000000 -12.083046 inf
0.000000 -1.000000 inf
0.000000 1.000000 inf
0.000000 1.000000 inf
0.000000 1.000000 inf
0.000000 1.000000 inf
0.000000 1.000000 inf
0.000000 1.000000 inf
0.000000 -1.000000 inf
0.000000 -9.486833 -2.828427
0.000000 -3.162278 1.000000
0.000000 -3.162278 1.000000
0.000000 -1.000000 3.000000
0.000000 -1.000000 3.000000
0.000000 -8.944272 -5.000000
0.000000 -6.082763 -2.828427
0.000000 -2.236068 1.000000
0.000000 -2.236068 1.000000
0.000000 -1.000000 2.236068
0.000000 -1.000000 2.236068
0.000000 -1.000000 2.236068
0.000000 -11.180340 -8.062258
0.000000 -2.000000 1.000000
0.000000 -1.000000 2.000000
0.000000 -1.000000 2.000000
0.000000 -1.000000 2.000000
0.000000 -1.000000 2.000000
0.000000 -7.810250 -5.000000
0.000000 -5.656854 -3.000000
0.000000 -1.000000 1.414214
0.000000 -1.414214 1.000000
0.000000 -1.000000 1.414214
0.000000 -1.000000 1.414214
0.000000 -1.414214 1.000000
0.000000 -1.414214 1.000000
0.000000 -1.414214 1.000000
0.000000 -1.414214 1.000000
0.000000 -1.414214 1.000000
0.000000 -1.414214 1.000000
0.000000 -1.414214 1.000000
0.000000 -1.414214 1.000000
0.000000 -1.414214 1.000000
0.000000 -1.414214 1.000000
0.000000 -1.414214 1.000000
0.000000 -1.414214 1.000000
0.000000 -1.000000 1.414214
0.000000 -1.414214 1.000000
0.000000 -1.414214 1.000000
0.000000 -1.000000 1.414214
0.000000 -1.000000 1.414214
0.000000 -4.242641 -2.000000
0.000000 -5.000000 -2.828427
0.000000 -3.162278 -1.000000
0.000000 -1.000000 1.000000
0.000000 -1.000000 1.000000
0.000000 -1.000000 1.000000
0.000000 -1.000000 1.000000
0.000000 -1.000000 1.000000
0.000000 -1.000000 1.000000
0.000000 -1.000000 1.000000
0.000000 -1.000000 1.000000
0.000000 -1.000000 1.000000
0.000000 -1.000000 1.000000
0.000000 -1.000000 1.000000
0.000000 -1.000000 1.000000
0.000000 -1.000000 1.000000
0.000000 -1.000000 1.000000
0.000000 -1.000000 1.000000
0.000000 -1.000000 1.000000
0.000000 -1.000000 1.000000
0.000000 -1.000000 1.000000
0.000000 -1.000000 1.000000
0.000000 -1.000000 1.000000
0.000000 -1.000000 1.000000
0.000000 -1.000000 1.000000
0.000000 -1.000000 1.000000
0.000000 -1.000000 1.000000
0.000000 -1.000000 1.000000
0.000000 -1.000000 1.000000
0.000000 -1.000000 1.000000
0.000000 -1.000000 1.000000
0.000000 -1.000000 1.000000
0.000000 -1.000000 1.000000
0.000000 -1.000000 1.000000
0.000000 -1.000000 1.000000
0.000000 -1.000000 1.000000
0.000000 -1.000000 1.000000
0.000000 -1.000000 1.000000
0.000000 -1.000000 1.000000
0.000000 -1.000000 1.000000
0.000000 -1.000000 1.000000
0.000000 -1.000000 1.000000
0.000000 -1.000000 1.000000
0.000000 -1.000000 1.000000
0.000000 -1.000000 1.000000
0.000000 -1.000000 1.000000
0.000000 -1.000000 1.000000
0.000000 -1.000000 1.000000
0.000000 -1.000000 1.000000
0.000000 -1.000000 1.000000
0.000000 -1.000000 1.000000
0.000000 -1.000000 1.000000
0.000000 -1.000000 1.000000
0.000000 -1.000000 1.000000
0.000000 -1.000000 1.000000
0.000000 -1.000000 1.000000
0.000000 1.000000 3.000000
0.000000 -1.000000 1.000000
0.000000 -1.000000 1.000000
0.000000 -1.000000 1.000000
0.000000 -1.000000 1.000000
0.000000 -1.000000 1.000000
0.000000 -1.000000 1.000000
0.000000 -1.000000 1.000000
0.000000 -1.000000 1.000000
0.000000 -1.000000 1.000000
0.000000 -1.000000 1.000000
0.000000 -1.000000 1.000000
0.000000 -1.000000 1.000000
0.000000 -1.000000 1.000000
0.000000 -1.000000 1.000000
0.000000 -1.000000 1.000000
0.000000 -1.000000 1.000000
0.000000 -1.000000 1.000000
0.000000 -1.000000 1.000000
0.000000 -1.000000 1.000000
0.000000 -1.000000 1.000000
0.000000 -1.000000 1.000000
0.000000 -1.000000 1.000000
0.000000 -1.000000 1.000000
0.000000 -1.000000 1.000000
0.000000 -1.000000 1.000000
0.000000 -1.000000 1.000000
0.000000 -1.000000 1.000000
0.000000 -1.000000 1.000000
0.000000 -1.000000 1.000000
0.000000 -1.000000 1.000000
0.000000 -1.000000 1.000000
0.000000 -1.000000 1.000000
0.000000 -1.000000 1.000000
0.000000 -1.000000 1.000000
0.000000 -1.000000 1.000000
0.000000 -1.000000 1.000000
0.000000 -1.000000 1.000000
0.000000 -1.000000 1.000000
0.000000 -1.000000 1.000000
0.000000 -1.000000 1.000000
0.000000 -1.000000 1.000000
0.000000 -1.000000 1.000000
0.000000 -1.000000 1.000000
0.000000 -1.000000 1.000000
0.000000 -1.000000 1.000000
0.000000 -1.000000 1.000000
0.000000 -1.000000 1.000000
0.000000 -1.000000 1.000000
0.000000 -1.000000 1.000000
0.000000 -1.000000 1.000000
0.000000 -1.000000 1.000000
0.000000 -1.000000 1.000000
0.000000 -1.000000 1.000000
0.000000 -1.000000 1.000000
0.000000 -1.000000 1.000000
0.000000 -1.000000 1.000000
0.000000 -1.000000 1.000000
0.000000 -1.000000 1.000000
0.000000 -1.000000 1.000000
0.000000 -1.000000 1.000000
0.000000 -1.000000 1.000000
0.000000 -1.000000 1.000000
0.000000 -1.000000 1.000000
0.000000 -1.000000 1.000000
0.000000 -1.000000 1.000000
0.000000 -1.000000 1.000000
0.000000 -1.000000 1.000000
0.000000 -1.000000 1.000000
0.000000 -1.000000 1.000000
0.000000 -1.000000 1.000000
0.000000 -1.000000 1.000000
0.000000 -1.000000 1.000000
0.000000 -1.000000 1.000000
0.000000 -1.000000 1.000000
0.000000 -1.000000 1.000000
0.000000 -1.000000 1.000000
0.000000 -1.000000 1.000000
0.000000 -1.000000 1.000000
0.000000 -1.000000 1.000000
0.000000 -1.000000 1.000000
0.000000 -1.000000 1.000000
0.000000 -1.000000 1.000000
0.000000 -1.000000 1.000000
0.000000 -1.000000 1.000000
0.000000 -1.000000 1.000000
0.000000 -1.000000 1.000000
0.000000 -1.000000 1.000000
0.000000 -1.000000 1.000000
0.000000 -1.000000 1.000000
0.000000 -1.000000 1.000000
0.000000 -1.000000 1.000000
0.000000 -1.000000 1.000000
0.000000 -1.000000 1.000000
0.000000 -1.000000 1.000000
0.000000 -1.000000 1.000000
0.000000 -1.000000 1.000000
0.000000 -1.000000 1.000000
0.000000 -1.000000 1.000000
0.000000 -1.000000 1.000000
0.000000 -1.000000 1.000000
0.000000 -1.000000 1.000000
0.000000 -1.000000 1.000000
0.000000 -1.000000 1.000000
0.000000 -1.000000 1.000000
0.000000 -1.000000 1.000000
0.000000 -1.000000 1.000000
0.000000 -1.000000 1.000000
0.000000 -1.000000 1.000000
0.000000 -1.000000 1.000000
0.000000 -1.000000 1.000000
0.000000 -1.000000 1.000000
0.000000 -1.000000 1.000000
0.000000 -1.000000 1.000000
0.000000 -1.000000 1.000000
0.000000 -1.000000 1.000000
0.000000 -1.000000 1.000000
0.000000 -1.000000 1.000000
0.000000 -1.000000 1.000000
0.000000 -1.000000 1.000000
0.000000 -1.000000 1.000000
0.000000 -3.000000 -1.000000
0.000000 -1.000000 1.000000
0.000000 -1.000000 1.000000
0.000000 -1.000000 1.000000
0.000000 -1.000000 1.000000
0.000000 -5.000000 -3.000000
0.000000 -1.000000 1.000000
0.000000 -1.000000 1.000000
0.000000 -1.000000 1.000000
0.000000 -1.000000 1.000000
0.000000 -1.000000 1.000000
0.000000 -1.000000 1.000000
0.000000 -1.000000 1.000000
0.000000 -1.000000 1.000000
0.000000 -1.000000 1.000000
0.000000 -1.000000 1.000000
0.000000 -1.000000 1.000000
0.000000 -1.000000 1.000000
0.000000 -1.000000 1.000000
0.000000 -1.000000 1.000000
0.000000 -1.000000 1.000000
0.000000 -1.000000 1.000000
0.000000 -1.000000 1.000000
0.000000 -1.000000 1.000000
0.000000 -1.000000 1.000000
0.000000 -1.000000 1.000000
0.000000 -1.000000 1.000000
0.000000 -1.000000 1.000000
0.000000 -1.000000 1.000000
0.000000 -1.000000 1.000000
0.000000 -1.000000 1.000000
0.000000 -1.000000 1.000000
0.000000 -1.000000 1.000000
0.000000 -1.000000 1.000000
0.000000 -1.000000 1.000000
0.000000 -1.000000 1.000000
0.000000 -1.000000 1.000000
0.000000 -1.000000 1.000000
0.000000 -1.000000 1.000000
0.000000 -1.000000 1.000000
0.000000 -1.000000 1.000000
0.000000 -1.000000 1.000000
0.000000 -1.000000 1.000000
0.000000 -1.000000 1.000000
0.000000 -1.000000 1.000000
0.000000 -1.000000 1.000000
0.000000 -1.000000 1.000000
0.000000 -1.000000 1.000000
0.000000 -1.000000 1.000000
0.000000 -1.000000 1.000000
0.000000 -1.000000 1.000000
0.000000 -1.000000 1.000000
0.000000 -1.000000 1.000000
0.000000 -1.000000 1.000000
0.000000 -1.000000 1.000000
0.000000 -1.000000 1.000000
0.000000 -1.000000 1.000000
0.000000 -1.000000 1.000000
0.000000 -1.000000 1.000000
0.000000 -1.000000 1.000000
0.000000 -1.000000 1.000000
0.000000 -1.000000 1.000000
0.000000 -1.000000 1.000000
0.000000 -1.000000 1.000000
0.000000 -1.000000 1.000000
0.000000 -1.000000 1.000000
0.000000 -1.000000 1.000000
0.000000 -1.000000 1.000000
0.000000 -1.000000 1.000000
0.000000 -1.000000 1.000000
0.000000 -1.000000 1.000000
0.000000 -1.000000 1.000000
0.000000 -1.000000 1.000000
0.000000 -1.000000 1.000000
0.000000 -1.000000 1.000000
0.000000 -1.000000 1.000000
0.000000 -1.000000 1.000000
0.000000 -1.000000 1.000000
0.000000 -1.000000 1.000000
0.000000 -1.000000 1.000000
0.000000 -1.000000 1.000000
0.000000 -1.000000 1.000000
0.000000 -1.000000 1.000000
0.000000 -1.000000 1.000000
0.000000 -1.000000 1.000000
0.000000 -1.000000 1.000000
0.000000 -1.000000 1.000000
0.000000 -1.000000 1.000000
0.000000 -1.000000 1.000000
0.000000 -1.000000 1.000000
0.000000 -1.000000 1.000000
0.000000 -1.000000 1.000000
0.000000 -1.000000 1.000000
0.000000 -1.000000 1.000000
0.000000 -1.000000 1.000000
0.000000 -1.000000 1.000000
0.000000 -1.000000 1.000000
0.000000 -1.000000 1.000000
0.000000 -1.000000 1.000000
0.000000 -1.000000 1.000000
0.000000 -1.000000 1.000000
0.000000 -1.000000 1.000000
0.000000 -1.000000 1.000000
0.000000 -1.000000 1.000000
0.000000 -1.000000 1.000000
0.000000 -4.123106 -2.236068
0.000000 -2.828427 -1.000000
0.000000 1.000000 2.828427
0.000000 -3.605551 -2.000000
0.000000 -7.071068 -5.656854
0.000000 -2.828427 -1.414214
0.000000 -4.472136 -3.162278
0.000000 -9.055385 -7.810250
0.000000 -2.236068 -1.000000
0.000000 -2.236068 -1.000000
0.000000 -2.236068 -1.000000
0.000000 -4.000000 -2.828427
0.000000 -3.162278 -2.000000
0.000000 -3.162278 -2.000000
0.000000 -4.123106 -3.000000
0.000000 -2.000000 -1.000000
0.000000 -2.000000 -1.000000
0.000000 -2.000000 -1.000000
0.000000 -2.000000 -1.000000
0.000000 -2.000000 -1.000000
0.000000 -2.000000 -1.000000
0.000000 1.000000 2.000000
0.000000 1.000000 2.000000
0.000000 1.000000 2.000000
0.000000 1.000000 2.000000
0.000000 1.000000 2.000000
0.000000 -2.000000 -1.000000
0.000000 -2.000000 -1.000000
0.000000 -2.000000 -1.000000
0.000000 -2.000000 -1.000000
0.000000 -2.000000 -1.000000
0.000000 -2.000000 -1.000000
0.000000 -2.000000 -1.000000
0.000000 -5.385165 -4.472136
0.000000 -4.472136 -3.605551
0.000000 -4.472136 -3.605551
0.000000 -5.099020 -4.242641
0.000000 -5.830952 -5.000000
0.000000 -2.828427 -2.000000
0.000000 -2.828427 -2.000000
0.000000 -2.236068 -1.414214
0.000000 -2.236068 -1.414214
0.000000 -3.605551 -3.000000
0.000000 -3.605551 -3.000000
0.000000 -2.828427 -2.236068
0.000000 -2.828427 -2.236068
0.000000 -2.828427 -2.236068
0.000000 -2.000000 -1.414214
0.000000 -2.000000 -1.414214
0.000000 -2.000000 -1.414214
0.000000 -2.000000 -1.414214
0.000000 -2.000000 -1.414214
0.000000 -2.000000 -1.414214
0.000000 -2.000000 -1.414214
0.000000 -2.000000 -1.414214
0.000000 -2.000000 -1.414214
0.000000 -2.000000 -1.414214
0.000000 -3.605551 -3.162278
0.000000 -1.414214 -1.000000
0.000000 1.000000 1.414214
0.000000 1.000000 1.414214
0.000000 -1.414214 -1.000000
0.000000 -1.414214 -1.000000
0.000000 -1.414214 -1.000000
0.000000 -1.414214 -1.000000
0.000000 -1.414214 -1.000000
0.000000 -1.414214 -1.000000
0.000000 -1.414214 -1.000000
0.000000 -1.414214 -1.000000
0.000000 -1.414214 -1.000000
0.000000 1.000000 1.414214
0.000000 -1.414214 -1.000000
0.000000 -1.414214 -1.000000
0.000000 1.000000 1.414214
0.000000 -1.414214 -1.000000
0.000000 -1.414214 -1.000000
0.000000 -1.414214 -1.000000
0.000000 -1.414214 -1.000000
0.000000 -1.414214 -1.000000
0.000000 -1.414214 -1.000000
0.000000 -1.414214 -1.000000
0.000000 -1.414214 -1.000000
0.000000 -1.414214 -1.000000
0.000000 -1.414214 -1.000000
0.000000 -1.414214 -1.000000
0.000000 -1.414214 -1.000000
0.000000 -1.414214 -1.000000
0.000000 -1.414214 -1.000000
0.000000 -1.414214 -1.000000
0.000000 -1.414214 -1.000000
0.000000 -1.414214 -1.000000
0.000000 -1.414214 -1.000000
0.000000 -1.414214 -1.000000
0.000000 -1.414214 -1.000000
0.000000 -1.414214 -1.000000
0.000000 -1.414214 -1.000000
0.000000 1.000000 1.414214
0.000000 -1.414214 -1.000000
0.000000 -1.414214 -1.000000
0.000000 -1.414214 -1.000000
0.000000 -1.414214 -1.000000
0.000000 -1.414214 -1.000000
0.000000 -1.414214 -1.000000
0.000000 -1.414214 -1.000000
0.000000 1.000000 1.414214
0.000000 1.000000 1.414214
0.000000 -1.414214 -1.000000
0.000000 -1.414214 -1.000000
0.000000 -12.083046 -11.704700
0.000000 -3.162278 -2.828427
0.000000 -3.162278 -2.828427
0.000000 -6.708204 -6.403124
0.000000 -6.708204 -6.403124
0.000000 -5.385165 -5.099020
0.000000 -2.236068 -2.000000
0.000000 -2.236068 -2.000000
0.000000 -2.236068 -2.000000
0.000000 -2.236068 -2.000000
0.000000 -2.236068 -2.000000
0.000000 -2.236068 -2.000000
0.000000 -2.236068 -2.000000
0.000000 -2.236068 -2.000000
0.000000 -4.472136 -4.242641
0.000000 -8.246211 -8.062258
0.000000 -3.162278 -3.000000
0.000000 -3.162278 -3.000000
0.000000 -3.162278 -3.000000
0.000000 -3.162278 -3.000000
0.000000 -4.123106 -4.000000
0.000000 -4.123106 -4.000000
0.000000 -4.123106 -4.000000
0.000000 -4.123106 -4.000000
0.000000 -4.123106 -4.000000
0.000000 -4.123106 -4.000000
0.000000 -4.123106 -4.000000
0.000000 -5.099020 -5.000000
0.000000 -5.099020 -5.000000
0.000000 -7.071068 -7.000000
0.000000 -8.062258 -8.000000
