1.000000 1.000000 inf
1.000000 1.000000 inf
1.000000 1.000000 inf
1.000000 1.000000 inf
1.000000 1.000000 inf
1.000000 -3.162278 inf
1.000000 1.000000 inf
1.000000 1.000000 inf
1.000000 -3.162278 inf
1.000000 1.000000 inf
1.000000 1.000000 inf
1.000000 -2.828427 inf
1.000000 1.000000 inf
1.000000 1.000000 inf
1.000000 1.000000 inf
1.000000 1.000000 inf
1.000000 1.000000 inf
1.000000 1.000000 inf
1.000000 1.000000 inf
1.000000 1.000000 inf
1.000000 1.000000 inf
1.000000 -2.236068 inf
1.000000 1.000000 inf
1.000000 1.000000 inf
1.000000 1.000000 inf
1.000000 1.000000 inf
1.000000 1.000000 inf
1.000000 1.000000 inf
1.000000 1.000000 inf
1.000000 1.000000 inf
1.000000 1.000000 inf
1.000000 1.000000 inf
1.000000 -3.605551 inf
1.000000 1.000000 inf
1.000000 -2.236068 inf
1.000000 -1.000000 inf
1.000000 1.000000 inf
1.000000 1.000000 inf
1.000000 1.000000 inf
1.000000 1.000000 inf
1.000000 1.000000 inf
1.000000 1.000000 inf
1.000000 1.000000 inf
1.000000 1.000000 inf
1.000000 1.000000 inf
1.000000 1.000000 inf
1.000000 1.000000 inf
1.000000 1.000000 inf
1.000000 -1.000000 inf
1.000000 1.000000 inf
1.000000 1.000000 inf
1.000000 1.000000 inf
1.000000 1.000000 inf
1.000000 -1.000000 inf
1.000000 -1.414214 inf
1.000000 -1.000000 inf
1.000000 1.000000 inf
1.000000 1.000000 inf
1.000000 1.000000 inf
1.000000 -1.000000 inf
1.000000 1.000000 inf
1.000000 1.000000 inf
1.000000 1.000000 inf
1.000000 -1.000000 inf
1.000000 1.000000 inf
1.000000 1.000000 inf
1.000000 1.000000 inf
1.000000 1.000000 inf
1.000000 -1.000000 inf
1.000000 1.000000 inf
1.000000 1.000000 inf
1.000000 1.000000 inf
1.000000 1.000000 inf
1.000000 1.000000 inf
1.000000 1.000000 inf
1.000000 1.000000 inf
1.000000 1.000000 inf
1.000000 1.000000 inf
1.000000 1.000000 inf
1.000000 -2.236068 inf
1.000000 1.000000 inf
1.000000 1.000000 inf
1.000000 1.000000 inf
1.000000 1.000000 inf
1.000000 1.000000 inf
1.000000 1.000000 inf
1.000000 1.000000 inf
1.000000 1.000000 inf
1.000000 -1.000000 inf
1.000000 -7.071068 inf
1.000000 1.000000 inf
1.000000 1.000000 inf
1.000000 1.000000 inf
1.000000 1.000000 inf
1.000000 -1.000000 inf
1.000000 -1.000000 inf
1.000000 1.000000 inf
1.000000 1.000000 inf
1.000000 -1.000000 inf
1.000000 1.000000 inf
1.000000 -1.000000 inf
1.000000 -6.000000 inf
1.000000 -2.000000 inf
1.000000 -2.236068 inf
1.000000 1.000000 inf
1.000000 1.000000 inf
1.000000 1.000000 inf
1.000000 1.000000 inf
1.000000 1.000000 inf
1.000000 -1.000000 inf
1.000000 1.000000 inf
1.000000 1.000000 inf
1.000000 1.000000 inf
1.000000 1.000000 inf
1.000000 1.000000 inf
1.000000 1.000000 inf
1.000000 -1.414214 inf
1.000000 1.000000 inf
1.000000 -1.414214 inf
1.000000 1.000000 inf
1.000000 1.000000 inf
1.000000 1.000000 inf
1.000000 -2.236068 inf
1.000000 1.000000 inf
1.000000 1.000000 inf
1.000000 1.000000 inf
1.000000 1.000000 inf
1.000000 1.000000 inf
1.000000 1.000000 inf
1.000000 1.000000 inf
1.000000 1.000000 inf
1.000000 1.000000 inf
1.000000 1.000000 inf
1.000000 1.000000 inf
1.000000 1.000000 inf
1.000000 1.000000 inf
1.000000 1.000000 inf
1.000000 1.000000 inf
1.000000 1.000000 inf
1.000000 1.000000 inf
1.000000 1.000000 inf
1.000000 1.000000 inf
1.000000 1.000000 inf
1.000000 1.000000 inf
1.000000 1.000000 inf
1.000000 1.000000 inf
1.000000 1.000000 inf
1.000000 1.000000 inf
1.000000 1.000000 inf
1.000000 1.000000 inf
1.000000 1.000000 inf
1.000000 1.000000 inf
1.000000 1.000000 inf
1.000000 1.000000 inf
1.000000 1.000000 inf
1.000000 1.000000 inf
1.000000 1.000000 inf
1.000000 1.000000 inf
1.000000 1.000000 inf
1.000000 1.000000 inf
1.000000 1.000000 inf
1.000000 1.000000 inf
1.000000 1.000000 inf
1.000000 1.000000 inf
1.000000 1.000000 inf
1.000000 1.000000 inf
1.000000 1.000000 inf
1.000000 1.000000 inf
1.000000 1.000000 inf
1.000000 1.000000 inf
1.000000 1.000000 inf
1.000000 1.000000 inf
1.000000 1.000000 inf
1.000000 1.000000 inf
1.000000 1.000000 inf
1.000000 1.000000 inf
1.000000 1.000000 inf
1.000000 1.000000 inf
1.000000 1.000000 inf
1.000000 1.000000 inf
1.000000 1.000000 inf
1.000000 1.000000 inf
1.000000 1.000000 inf
1.000000 1.000000 inf
1.000000 1.000000 inf
1.000000 1.000000 inf
1.000000 1.000000 inf
1.000000 1.000000 inf
1.000000 1.000000 inf
1.000000 1.000000 inf
1.000000 1.000000 inf
1.000000 1.000000 inf
1.000000 1.000000 inf
1.000000 1.000000 inf
1.000000 1.000000 inf
1.000000 1.000000 inf
1.000000 1.000000 inf
1.000000 1.000000 inf
1.000000 1.000000 inf
1.000000 1.000000 inf
1.000000 1.000000 inf
1.000000 1.000000 inf
1.000000 1.000000 inf
1.000000 -3.605551 inf
1.000000 1.000000 inf
1.000000 1.000000 inf
1.000000 1.000000 inf
1.000000 1.000000 inf
1.000000 1.000000 inf
1.000000 1.000000 inf
1.000000 1.000000 inf
1.000000 1.000000 inf
1.000000 1.000000 inf
1.000000 1.000000 inf
1.000000 1.000000 inf
1.000000 1.000000 inf
1.000000 1.000000 inf
1.000000 1.000000 inf
1.000000 1.000000 inf
1.000000 -1.000000 inf
1.000000 1.000000 inf
1.000000 1.000000 inf
1.000000 1.000000 inf
1.000000 1.000000 inf
1.000000 1.000000 inf
1.000000 1.000000 inf
1.000000 1.000000 inf
1.000000 1.000000 inf
1.000000 1.000000 inf
1.000000 1.000000 inf
1.000000 1.000000 inf
1.000000 1.000000 inf
1.000000 1.000000 inf
1.000000 1.000000 inf
1.000000 1.000000 inf
1.000000 1.000000 inf
1.000000 1.000000 inf
1.000000 1.000000 inf
1.000000 1.000000 inf
1.000000 1.000000 inf
1.000000 1.000000 inf
1.000000 1.000000 inf
1.000000 1.000000 inf
1.000000 1.000000 inf
1.000000 1.000000 inf
1.000000 1.000000 inf
1.000000 1.000000 inf
1.000000 1.000000 inf
1.000000 1.000000 inf
1.000000 1.000000 inf
1.000000 1.000000 inf
1.000000 1.000000 inf
1.000000 1.000000 inf
1.000000 1.000000 inf
1.000000 1.000000 inf
1.000000 1.000000 inf
1.000000 1.000000 inf
1.000000 -1.000000 inf
1.000000 1.000000 inf
1.000000 1.000000 inf
1.000000 1.000000 inf
1.000000 1.000000 inf
1.000000 1.000000 inf
1.000000 1.000000 inf
1.000000 1.000000 inf
1.000000 1.000000 inf
1.000000 1.000000 inf
1.000000 1.000000 inf
1.000000 1.000000 inf
1.000000 1.000000 inf
1.000000 1.000000 inf
1.000000 1.000000 inf
1.000000 1.000000 inf
1.000000 1.000000 inf
1.000000 1.000000 inf
1.000000 1.000000 inf
1.000000 1.000000 inf
1.000000 1.000000 inf
1.000000 1.000000 inf
1.000000 1.000000 inf
1.000000 1.000000 inf
1.000000 1.000000 inf
1.000000 1.000000 inf
1.000000 1.000000 inf
1.000000 1.000000 inf
1.000000 1.000000 inf
1.000000 1.000000 inf
1.000000 1.000000 inf
1.000000 1.000000 inf
1.000000 1.000000 inf
1.000000 1.000000 inf
1.000000 1.000000 inf
1.000000 1.000000 inf
1.000000 1.000000 inf
1.000000 1.000000 inf
1.000000 1.000000 inf
1.000000 1.000000 inf
1.000000 1.000000 inf
1.000000 1.000000 inf
1.000000 1.000000 inf
1.000000 1.000000 inf
1.000000 1.000000 inf
1.000000 1.000000 inf
1.000000 1.000000 inf
1.000000 1.000000 inf
1.000000 1.000000 inf
1.000000 1.000000 inf
1.000000 1.000000 inf
1.000000 1.000000 inf
1.000000 1.000000 inf
1.000000 1.000000 inf
1.000000 1.000000 inf
1.000000 1.000000 inf
1.000000 1.000000 inf
1.000000 1.000000 inf
1.000000 1.000000 inf
1.000000 1.000000 inf
1.000000 1.000000 inf
1.000000 1.000000 inf
1.000000 1.000000 inf
1.000000 1.000000 inf
1.000000 1.000000 inf
1.000000 1.000000 inf
1.000000 1.000000 inf
1.000000 1.000000 inf
1.000000 1.000000 inf
1.000000 1.000000 inf
1.000000 1.000000 inf
1.000000 1.000000 inf
1.000000 1.000000 inf
1.000000 1.000000 inf
1.000000 1.000000 inf
1.000000 1.000000 inf
1.000000 1.000000 inf
1.000000 1.000000 inf
1.000000 1.000000 inf
1.000000 1.000000 inf
1.000000 1.000000 inf
1.000000 1.000000 inf
1.000000 1.000000 inf
1.000000 1.000000 inf
1.000000 1.000000 inf
1.000000 1.000000 inf
1.000000 1.000000 inf
1.000000 1.000000 inf
1.000000 1.000000 inf
1.000000 1.000000 inf
1.000000 1.000000 inf
1.000000 1.000000 inf
1.000000 1.000000 inf
1.000000 1.000000 inf
1.000000 1.000000 inf
1.000000 1.000000 inf
1.000000 1.000000 inf
1.000000 1.000000 inf
1.000000 1.000000 inf
1.000000 1.000000 inf
1.000000 1.000000 inf
1.000000 1.000000 inf
1.000000 -4.242641 inf
1.000000 1.000000 inf
1.000000 1.000000 inf
1.000000 1.000000 inf
1.000000 1.000000 inf
1.000000 1.000000 inf
1.000000 1.000000 inf
1.000000 -2.828427 inf
1.000000 1.000000 inf
1.000000 1.000000 inf
1.000000 -1.000000 inf
1.000000 1.000000 inf
1.000000 1.000000 inf
1.000000 1.000000 inf
1.000000 1.000000 inf
1.000000 1.000000 inf
1.000000 1.000000 inf
1.000000 1.000000 inf
1.000000 1.000000 inf
1.000000 -1.414214 inf
1.000000 1.000000 inf
1.000000 1.000000 inf
1.000000 1.000000 inf
1.000000 1.000000 inf
1.000000 1.000000 inf
1.000000 -1.000000 inf
1.000000 1.000000 inf
1.000000 1.000000 inf
1.000000 1.000000 inf
1.000000 1.000000 inf
1.000000 1.000000 inf
1.000000 1.000000 inf
1.000000 1.000000 inf
1.000000 1.000000 inf
1.000000 1.000000 inf
1.000000 1.000000 inf
1.000000 1.000000 inf
1.000000 1.000000 inf
1.000000 1.000000 inf
1.000000 1.000000 inf
1.000000 1.000000 inf
1.000000 1.000000 inf
1.000000 1.000000 inf
1.000000 1.000000 inf
1.000000 1.000000 inf
1.000000 1.000000 inf
1.000000 1.000000 inf
1.000000 1.000000 inf
1.000000 1.000000 inf
1.000000 -8.246211 1.000000
1.000000 -8.062258 1.000000
1.000000 -8.000000 1.000000
1.000000 -7.000000 1.000000
1.000000 -6.708204 1.000000
1.000000 -6.082763 1.000000
1.000000 -6.082763 1.000000
1.000000 -4.123106 1.414214
1.000000 -4.123106 1.000000
1.000000 -4.123106 1.000000
1.000000 -4.000000 1.000000
1.000000 -4.000000 1.000000
1.000000 -4.000000 1.000000
1.000000 -4.000000 1.000000
1.000000 1.000000 5.830952
1.000000 -3.605551 1.000000
1.000000 -3.605551 1.000000
1.000000 -3.605551 1.000000
1.000000 -3.605551 1.000000
1.000000 -3.605551 1.000000
1.000000 1.000000 5.385165
1.000000 -3.162278 1.000000
1.000000 -3.162278 1.000000
1.000000 -3.162278 1.000000
1.000000 -3.162278 1.000000
1.000000 -3.000000 1.000000
1.000000 -3.000000 1.000000
1.000000 1.000000 5.000000
1.000000 1.000000 5.000000
1.000000 -3.000000 1.000000
1.000000 -3.000000 1.000000
1.000000 -2.828427 1.000000
1.000000 -2.236068 1.000000
1.000000 -2.236068 1.000000
1.000000 -2.236068 1.000000
1.000000 -1.000000 2.236068
1.000000 -2.236068 1.000000
1.000000 -2.236068 1.000000
1.000000 -2.236068 1.000000
1.000000 -2.236068 1.000000
1.000000 -2.236068 1.000000
1.000000 -2.236068 1.000000
1.000000 -2.236068 1.000000
1.000000 -2.236068 1.000000
1.000000 -2.236068 1.000000
1.000000 -2.236068 1.000000
1.000000 -2.236068 1.000000
1.000000 1.000000 4.123106
1.000000 -2.000000 1.000000
1.000000 -2.000000 1.000000
1.000000 -2.000000 1.000000
1.000000 -2.000000 1.000000
1.000000 -2.000000 1.000000
1.000000 -2.000000 1.000000
1.000000 -2.000000 1.000000
1.000000 2.000000 5.000000
1.000000 2.000000 5.000000
1.000000 1.000000 4.000000
1.000000 -2.000000 1.000000
1.000000 -2.000000 1.000000
1.000000 -2.000000 1.000000
1.000000 1.000000 3.605551
1.000000 1.000000 3.605551
1.000000 1.000000 3.605551
1.000000 -1.000000 1.414214
1.000000 -1.000000 1.414214
1.000000 -1.000000 1.414214
1.000000 -1.000000 1.414214
1.000000 -1.000000 1.414214
1.000000 -1.414214 1.000000
1.000000 -1.414214 1.000000
1.000000 -1.414214 1.000000
1.000000 -1.414214 1.000000
1.000000 -1.414214 1.000000
1.000000 -1.414214 1.000000
1.000000 -1.414214 1.000000
1.000000 -1.414214 1.000000
1.000000 -1.414214 1.000000
1.000000 -1.000000 1.414214
1.000000 -1.414214 1.000000
1.000000 -1.414214 1.000000
1.000000 -1.414214 1.000000
1.000000 -1.414214 1.000000
1.000000 -1.414214 1.000000
1.000000 -1.414214 1.000000
1.000000 -1.414214 1.000000
1.000000 -1.000000 1.414214
1.000000 -1.414214 1.000000
1.000000 -1.414214 1.000000
1.000000 -1.414214 1.000000
1.000000 -1.000000 1.414214
1.000000 -1.414214 1.000000
1.000000 -1.414214 1.000000
1.000000 -1.414214 1.000000
1.000000 -1.414214 1.000000
1.000000 -1.414214 1.000000
1.000000 -1.414214 1.000000
1.000000 -1.414214 1.000000
1.000000 -1.414214 1.000000
1.000000 -1.414214 1.000000
1.000000 -1.414214 1.000000
1.000000 -1.414214 1.000000
1.000000 -1.414214 1.000000
1.000000 -1.414214 1.000000
1.000000 -1.414214 1.000000
1.000000 -1.414214 1.000000
1.000000 -1.414214 1.000000
1.000000 -1.000000 1.414214
1.000000 -1.000000 1.414214
1.000000 -1.000000 1.414214
1.000000 -1.000000 1.414214
1.000000 1.000000 3.162278
1.000000 1.000000 3.162278
1.000000 1.000000 3.162278
1.000000 1.000000 3.162278
1.000000 1.000000 3.162278
1.000000 1.000000 3.162278
1.000000 1.000000 3.162278
1.000000 1.000000 3.162278
1.000000 -1.000000 1.000000
1.000000 -1.000000 1.000000
1.000000 -1.000000 1.000000
1.000000 -1.000000 1.000000
1.000000 -1.000000 1.000000
1.000000 -1.000000 1.000000
1.000000 1.000000 3.000000
1.000000 -1.000000 1.000000
1.000000 1.000000 3.000000
1.000000 1.000000 3.000000
1.000000 1.000000 3.000000
1.000000 -1.000000 1.000000
1.000000 -1.000000 1.000000
1.000000 1.000000 3.000000
1.000000 -1.000000 1.000000
1.000000 -1.000000 1.000000
1.000000 1.000000 3.000000
1.000000 1.000000 3.000000
1.000000 1.000000 3.000000
1.000000 -1.000000 1.000000
1.000000 -1.000000 1.000000
1.000000 -1.000000 1.000000
1.000000 -1.000000 1.000000
1.000000 -1.000000 1.000000
1.000000 -1.000000 1.000000
1.000000 -1.000000 1.000000
1.000000 -1.000000 1.000000
1.000000 -1.000000 1.000000
1.000000 -1.000000 1.000000
1.000000 -1.000000 1.000000
1.000000 -1.000000 1.000000
1.000000 -1.000000 1.000000
1.000000 -1.000000 1.000000
1.000000 -1.000000 1.000000
1.000000 -1.000000 1.000000
1.000000 -1.000000 1.000000
1.000000 -1.000000 1.000000
1.000000 -1.000000 1.000000
1.000000 -1.000000 1.000000
1.000000 -1.000000 1.000000
1.000000 -1.000000 1.000000
1.000000 -1.000000 1.000000
1.000000 -1.000000 1.000000
1.000000 -1.000000 1.000000
1.000000 -1.000000 1.000000
1.000000 -1.000000 1.000000
1.000000 -1.000000 1.000000
1.000000 -1.000000 1.000000
1.000000 -1.000000 1.000000
1.000000 -1.000000 1.000000
1.000000 -1.000000 1.000000
1.000000 -1.000000 1.000000
1.000000 -1.000000 1.000000
1.000000 -1.000000 1.000000
1.000000 -1.000000 1.000000
1.000000 -1.000000 1.000000
1.000000 -1.000000 1.000000
1.000000 -1.000000 1.000000
1.000000 -1.000000 1.000000
1.000000 -1.000000 1.000000
1.000000 -1.000000 1.000000
1.000000 -1.000000 1.000000
1.000000 -1.000000 1.000000
1.000000 -1.000000 1.000000
1.000000 -1.000000 1.000000
1.000000 -1.000000 1.000000
1.000000 -1.000000 1.000000
1.000000 -1.000000 1.000000
1.000000 -1.000000 1.000000
1.000000 -1.000000 1.000000
1.000000 -1.000000 1.000000
1.000000 -1.000000 1.000000
1.000000 -1.000000 1.000000
1.000000 -1.000000 1.000000
1.000000 -1.000000 1.000000
1.000000 -1.000000 1.000000
1.000000 -1.000000 1.000000
1.000000 -1.000000 1.000000
1.000000 -1.000000 1.000000
1.000000 -1.000000 1.000000
1.000000 -1.000000 1.000000
1.000000 -1.000000 1.000000
1.000000 -1.000000 1.000000
1.000000 -1.000000 1.000000
1.000000 -1.000000 1.000000
1.000000 -1.000000 1.000000
1.000000 -1.000000 1.000000
1.000000 -1.000000 1.000000
1.000000 -1.000000 1.000000
1.000000 -1.000000 1.000000
1.000000 -1.000000 1.000000
1.000000 -1.000000 1.000000
1.000000 -1.000000 1.000000
1.000000 -1.000000 1.000000
1.000000 -1.000000 1.000000
1.000000 -1.000000 1.000000
1.000000 -1.000000 1.000000
1.000000 -1.000000 1.000000
1.000000 -1.000000 1.000000
1.000000 -1.000000 1.000000
1.000000 -1.000000 1.000000
1.000000 -1.000000 1.000000
1.000000 -1.000000 1.000000
1.000000 -1.000000 1.000000
1.000000 -1.000000 1.000000
1.000000 -1.000000 1.000000
1.000000 -1.000000 1.000000
1.000000 -1.000000 1.000000
1.000000 -1.000000 1.000000
1.000000 -1.000000 1.000000
1.000000 -1.000000 1.000000
1.000000 -1.000000 1.000000
1.000000 -1.000000 1.000000
1.000000 -1.000000 1.000000
1.000000 -1.000000 1.000000
1.000000 -1.000000 1.000000
1.000000 -1.000000 1.000000
1.000000 -1.000000 1.000000
1.000000 -1.000000 1.000000
1.000000 -1.000000 1.000000
1.000000 -1.000000 1.000000
1.000000 -1.000000 1.000000
1.000000 -1.000000 1.000000
1.000000 -1.000000 1.000000
1.000000 -1.000000 1.000000
1.000000 -1.000000 1.000000
1.000000 -1.000000 1.000000
1.000000 -1.000000 1.000000
1.000000 -1.000000 1.000000
1.000000 -1.000000 1.000000
1.000000 -1.000000 1.000000
1.000000 -1.000000 1.000000
1.000000 -1.000000 1.000000
1.000000 -1.000000 1.000000
1.000000 -1.000000 1.000000
1.000000 -1.000000 1.000000
1.000000 -1.000000 1.000000
1.000000 -1.000000 1.000000
1.000000 -1.000000 1.000000
1.000000 -1.000000 1.000000
1.000000 -1.000000 1.000000
1.000000 -1.000000 1.000000
1.000000 -1.000000 1.000000
1.000000 -1.000000 1.000000
1.000000 -1.000000 1.000000
1.000000 -1.000000 1.000000
1.000000 -1.000000 1.000000
1.000000 -1.000000 1.000000
1.000000 -1.000000 1.000000
1.000000 -1.000000 1.000000
1.000000 -1.000000 1.000000
1.000000 -1.000000 1.000000
1.000000 -1.000000 1.000000
1.000000 -1.000000 1.000000
1.000000 -1.000000 1.000000
1.000000 -1.000000 1.000000
1.000000 -1.000000 1.000000
1.000000 -1.000000 1.000000
1.000000 -1.000000 1.000000
1.000000 -1.000000 1.000000
1.000000 -1.000000 1.000000
1.000000 -1.000000 1.000000
1.000000 -1.000000 1.000000
1.000000 -1.000000 1.000000
1.000000 -1.000000 1.000000
1.000000 -1.000000 1.000000
1.000000 -1.000000 1.000000
1.000000 -1.000000 1.000000
1.000000 -1.000000 1.000000
1.000000 -1.000000 1.000000
1.000000 -1.000000 1.000000
1.000000 -1.000000 1.000000
1.000000 -1.000000 1.000000
1.000000 -1.000000 1.000000
1.000000 -1.000000 1.000000
1.000000 -1.000000 1.000000
1.000000 -1.000000 1.000000
1.000000 -1.000000 1.000000
1.000000 -1.000000 1.000000
1.000000 -1.000000 1.000000
1.000000 -1.000000 1.000000
1.000000 -1.000000 1.000000
1.000000 -1.000000 1.000000
1.000000 -1.000000 1.000000
1.000000 -1.000000 1.000000
1.000000 -1.000000 1.000000
1.000000 -1.000000 1.000000
1.000000 -1.000000 1.000000
1.000000 -1.000000 1.000000
1.000000 -1.000000 1.000000
1.000000 -1.000000 1.000000
1.000000 -1.000000 1.000000
1.000000 -1.000000 1.000000
1.000000 -1.000000 1.000000
1.000000 -1.000000 1.000000
1.000000 -1.000000 1.000000
1.000000 -1.000000 1.000000
1.000000 -1.000000 1.000000
1.000000 -1.000000 1.000000
1.000000 -1.000000 1.000000
1.000000 -1.000000 1.000000
1.000000 -1.000000 1.000000
1.000000 -1.000000 1.000000
1.000000 -1.000000 1.000000
1.000000 -1.000000 1.000000
1.000000 -1.000000 1.000000
1.000000 -1.000000 1.000000
1.000000 -1.000000 1.000000
1.000000 -1.000000 1.000000
1.000000 -1.000000 1.000000
1.000000 -1.000000 1.000000
1.000000 -1.000000 1.000000
1.000000 -1.000000 1.000000
1.000000 -1.000000 1.000000
1.000000 -1.000000 1.000000
1.000000 -1.000000 1.000000
1.000000 -1.000000 1.000000
1.000000 -1.000000 1.000000
1.000000 -1.000000 1.000000
1.000000 -1.000000 1.000000
1.000000 -1.000000 1.000000
1.000000 -1.000000 1.000000
1.000000 -1.000000 1.000000
1.000000 -1.000000 1.000000
1.000000 -1.000000 1.000000
1.000000 -1.000000 1.000000
1.000000 -1.000000 1.000000
1.000000 -1.000000 1.000000
1.000000 -1.000000 1.000000
1.000000 -1.000000 1.000000
1.000000 -1.000000 1.000000
1.000000 -1.000000 1.000000
1.000000 -1.000000 1.000000
1.000000 -1.000000 1.000000
1.000000 -1.000000 1.000000
1.000000 -1.000000 1.000000
1.000000 -1.000000 1.000000
1.000000 -1.000000 1.000000
1.000000 -1.000000 1.000000
1.000000 -1.000000 1.000000
1.000000 -1.000000 1.000000
1.000000 -1.000000 1.000000
1.000000 -1.000000 1.000000
1.000000 -1.000000 1.000000
1.000000 -1.000000 1.000000
1.000000 -1.000000 1.000000
1.000000 -1.000000 1.000000
1.000000 -1.000000 1.000000
1.000000 -1.000000 1.000000
1.000000 -1.000000 1.000000
1.000000 -1.000000 1.000000
1.000000 -1.000000 1.000000
1.000000 -1.000000 1.000000
1.000000 -1.000000 1.000000
1.000000 -1.000000 1.000000
1.000000 -1.000000 1.000000
1.000000 -1.000000 1.000000
1.000000 -1.000000 1.000000
1.000000 -1.000000 1.000000
1.000000 -1.000000 1.000000
1.000000 -1.000000 1.000000
1.000000 -1.000000 1.000000
1.000000 -1.000000 1.000000
1.000000 -1.000000 1.000000
1.000000 -1.000000 1.000000
1.000000 -1.000000 1.000000
1.000000 -1.000000 1.000000
1.000000 -1.000000 1.000000
1.000000 -1.000000 1.000000
1.000000 -1.000000 1.000000
1.000000 -1.000000 1.000000
1.000000 -1.000000 1.000000
1.000000 -1.000000 1.000000
1.000000 -1.000000 1.000000
1.000000 -1.000000 1.000000
1.000000 -1.000000 1.000000
1.000000 -1.000000 1.000000
1.000000 -1.000000 1.000000
1.000000 -1.000000 1.000000
1.000000 -1.000000 1.000000
1.000000 -1.000000 1.000000
1.000000 -1.000000 1.000000
1.000000 -1.000000 1.000000
1.000000 -1.000000 1.000000
1.000000 -1.000000 1.000000
1.000000 -1.000000 1.000000
1.000000 -1.000000 1.000000
1.000000 -1.000000 1.000000
1.000000 -1.000000 1.000000
1.000000 -1.000000 1.000000
1.000000 -1.000000 1.000000
1.000000 -1.000000 1.000000
1.000000 -1.000000 1.000000
1.000000 -1.000000 1.000000
1.000000 -1.000000 1.000000
1.000000 -1.000000 1.000000
1.000000 -1.000000 1.000000
1.000000 -1.000000 1.000000
1.000000 -1.000000 1.000000
1.000000 -1.000000 1.000000
1.000000 -1.000000 1.000000
1.000000 -1.000000 1.000000
1.000000 -1.000000 1.000000
1.000000 -1.000000 1.000000
1.000000 -1.000000 1.000000
1.000000 -1.000000 1.000000
1.000000 -1.000000 1.000000
1.000000 -1.000000 1.000000
1.000000 -1.000000 1.000000
1.000000 -1.000000 1.000000
1.000000 -1.000000 1.000000
1.000000 -1.000000 1.000000
1.000000 -1.000000 1.000000
1.000000 -1.000000 1.000000
1.000000 -1.000000 1.000000
1.000000 -1.000000 1.000000
1.000000 -1.000000 1.000000
1.000000 -1.000000 1.000000
1.000000 -1.000000 1.000000
1.000000 -1.000000 1.000000
1.000000 -1.000000 1.000000
1.000000 -1.000000 1.000000
1.000000 -1.000000 1.000000
1.000000 -1.000000 1.000000
1.000000 -1.000000 1.000000
1.000000 -1.000000 1.000000
1.000000 -1.000000 1.000000
1.000000 -1.000000 1.000000
1.000000 -1.000000 1.000000
1.000000 -1.000000 1.000000
1.000000 -1.000000 1.000000
1.000000 -1.000000 1.000000
1.000000 -1.000000 1.000000
1.000000 -1.000000 1.000000
1.000000 -1.000000 1.000000
1.000000 -1.000000 1.000000
1.000000 -1.000000 1.000000
1.000000 -1.000000 1.000000
1.000000 -1.000000 1.000000
1.000000 -1.000000 1.000000
1.000000 -1.000000 1.000000
1.000000 -1.000000 1.000000
1.000000 -1.000000 1.000000
1.000000 -1.000000 1.000000
1.000000 -1.000000 1.000000
1.000000 -1.000000 1.000000
1.000000 -1.000000 1.000000
1.000000 -1.000000 1.000000
1.000000 -1.000000 1.000000
1.000000 -1.000000 1.000000
1.000000 -1.000000 1.000000
1.000000 -1.000000 1.000000
1.000000 -1.000000 1.000000
1.000000 -1.000000 1.000000
1.000000 -1.000000 1.000000
1.000000 -1.000000 1.000000
1.000000 -1.000000 1.000000
1.000000 -1.000000 1.000000
1.000000 -1.000000 1.000000
1.000000 -1.000000 1.000000
1.000000 -1.000000 1.000000
1.000000 -1.000000 1.000000
1.000000 -1.000000 1.000000
1.000000 -1.000000 1.000000
1.000000 -1.000000 1.000000
1.000000 -1.000000 1.000000
1.000000 -1.000000 1.000000
1.000000 -1.000000 1.000000
1.000000 -1.000000 1.000000
1.000000 -1.000000 1.000000
1.000000 -1.000000 1.000000
1.000000 -1.000000 1.000000
1.000000 -1.000000 1.000000
1.000000 -1.000000 1.000000
1.000000 -1.000000 1.000000
1.000000 -1.000000 1.000000
1.000000 -1.000000 1.000000
1.000000 -1.000000 1.000000
1.000000 -1.000000 1.000000
1.000000 -1.000000 1.000000
1.000000 -1.000000 1.000000
1.000000 -1.000000 1.000000
1.000000 -1.000000 1.000000
1.000000 -1.000000 1.000000
1.000000 -1.000000 1.000000
1.000000 -1.000000 1.000000
1.000000 -1.000000 1.000000
1.000000 -1.000000 1.000000
1.000000 -1.000000 1.000000
1.000000 -1.000000 1.000000
1.000000 -1.000000 1.000000
1.000000 -1.000000 1.000000
1.000000 -1.000000 1.000000
1.000000 -1.000000 1.000000
1.000000 -1.000000 1.000000
1.000000 -1.000000 1.000000
1.000000 -1.000000 1.000000
1.000000 -1.000000 1.000000
1.000000 -1.000000 1.000000
1.000000 -1.000000 1.000000
1.000000 -1.000000 1.000000
1.000000 -1.000000 1.000000
1.000000 -1.000000 1.000000
1.000000 -1.000000 1.000000
1.000000 -1.000000 1.000000
1.000000 -1.000000 1.000000
1.000000 -1.000000 1.000000
1.000000 -1.000000 1.000000
1.000000 -1.000000 1.000000
1.000000 -1.000000 1.000000
1.000000 -1.000000 1.000000
1.000000 -1.000000 1.000000
1.000000 -1.000000 1.000000
1.000000 -1.000000 1.000000
1.000000 -1.000000 1.000000
1.000000 -1.000000 1.000000
1.000000 -1.000000 1.000000
1.000000 -1.000000 1.000000
1.000000 -1.000000 1.000000
1.000000 -1.000000 1.000000
1.000000 -1.000000 1.000000
1.000000 -1.000000 1.000000
1.000000 -1.000000 1.000000
1.000000 -1.000000 1.000000
1.000000 -1.000000 1.000000
1.000000 -1.000000 1.000000
1.000000 -1.000000 1.000000
1.000000 -1.000000 1.000000
1.000000 -1.000000 1.000000
1.000000 -1.000000 1.000000
1.000000 -1.000000 1.000000
1.000000 -1.000000 1.000000
1.000000 -1.000000 1.000000
1.000000 -1.000000 1.000000
1.000000 -1.000000 1.000000
1.000000 -1.000000 1.000000
1.000000 -1.000000 1.000000
1.000000 -1.000000 1.000000
1.000000 -1.000000 1.000000
1.000000 -1.000000 1.000000
1.000000 -1.000000 1.000000
1.000000 -1.000000 1.000000
1.000000 -1.000000 1.000000
1.000000 -1.000000 1.000000
1.000000 -1.000000 1.000000
1.000000 -1.000000 1.000000
1.000000 -1.000000 1.000000
1.000000 -1.000000 1.000000
1.000000 -1.000000 1.000000
1.000000 -1.000000 1.000000
1.000000 -1.000000 1.000000
1.000000 -1.000000 1.000000
1.000000 -1.000000 1.000000
1.000000 -1.000000 1.000000
1.000000 -1.000000 1.000000
1.000000 -1.000000 1.000000
1.000000 -1.000000 1.000000
1.000000 -1.000000 1.000000
1.000000 -1.000000 1.000000
1.000000 -1.000000 1.000000
1.000000 -1.000000 1.000000
1.000000 -1.000000 1.000000
1.000000 -1.000000 1.000000
1.000000 -1.000000 1.000000
1.000000 -1.000000 1.000000
1.000000 -1.000000 1.000000
1.000000 -1.000000 1.000000
1.000000 -1.000000 1.000000
1.000000 -1.000000 1.000000
1.000000 -1.000000 1.000000
1.000000 -1.000000 1.000000
1.000000 -1.000000 1.000000
1.000000 -1.000000 1.000000
1.000000 -1.000000 1.000000
1.000000 -1.000000 1.000000
1.000000 -1.000000 1.000000
1.000000 1.000000 2.828427
1.000000 1.000000 2.828427
1.000000 1.000000 2.828427
1.000000 1.000000 2.828427
1.000000 1.000000 2.828427
1.000000 1.000000 2.828427
1.000000 1.000000 2.828427
1.000000 1.414214 3.000000
1.000000 1.414214 3.000000
1.000000 1.414214 2.828427
1.000000 1.414214 2.828427
1.000000 4.000000 5.385165
1.000000 1.000000 2.236068
1.000000 1.000000 2.236068
1.000000 1.000000 2.236068
1.000000 1.000000 2.236068
1.000000 1.000000 2.236068
1.000000 1.000000 2.236068
1.000000 1.000000 2.236068
1.000000 1.000000 2.236068
1.000000 1.000000 2.236068
1.000000 1.000000 2.236068
1.000000 1.000000 2.236068
1.000000 1.000000 2.236068
1.000000 1.000000 2.236068
1.000000 1.000000 2.236068
1.000000 1.000000 2.236068
1.000000 1.000000 2.236068
1.000000 1.000000 2.236068
1.000000 1.000000 2.236068
1.000000 1.000000 2.236068
1.000000 1.000000 2.236068
1.000000 1.000000 2.236068
1.000000 1.000000 2.236068
1.000000 1.000000 2.236068
1.000000 1.000000 2.236068
1.000000 1.000000 2.236068
1.000000 1.000000 2.236068
1.000000 1.000000 2.236068
1.000000 1.000000 2.236068
1.000000 1.000000 2.236068
1.000000 1.000000 2.236068
1.000000 1.000000 2.236068
1.000000 1.000000 2.236068
1.000000 1.000000 2.236068
1.000000 1.000000 2.236068
1.000000 1.000000 2.236068
1.000000 1.000000 2.236068
1.000000 1.000000 2.236068
1.000000 2.000000 3.162278
1.000000 1.000000 2.000000
1.000000 1.000000 2.000000
1.000000 1.000000 2.000000
1.000000 1.000000 2.000000
1.000000 2.000000 3.000000
1.000000 1.000000 2.000000
1.000000 2.000000 3.000000
1.000000 1.000000 2.000000
1.000000 1.000000 2.000000
1.000000 1.000000 2.000000
1.000000 1.000000 2.000000
1.000000 1.000000 2.000000
1.000000 1.000000 2.000000
1.000000 1.000000 2.000000
1.000000 1.000000 2.000000
1.000000 1.000000 2.000000
1.000000 1.000000 2.000000
1.000000 1.000000 2.000000
1.000000 1.000000 2.000000
1.000000 1.000000 2.000000
1.000000 1.000000 2.000000
1.000000 1.000000 2.000000
1.000000 1.000000 2.000000
1.000000 1.000000 2.000000
1.000000 1.000000 2.000000
1.000000 1.000000 2.000000
1.000000 1.000000 2.000000
1.000000 1.000000 2.000000
1.000000 1.000000 2.000000
1.000000 1.000000 2.000000
1.000000 1.000000 2.000000
1.000000 1.000000 2.000000
1.000000 1.000000 2.000000
1.000000 1.000000 2.000000
1.000000 1.000000 2.000000
1.000000 1.000000 2.000000
1.000000 1.000000 2.000000
1.000000 1.000000 2.000000
1.000000 1.000000 2.000000
1.000000 1.000000 2.000000
1.000000 1.000000 2.000000
1.000000 1.000000 2.000000
1.000000 1.000000 2.000000
1.000000 1.000000 2.000000
1.000000 1.000000 2.000000
1.000000 1.000000 2.000000
1.000000 1.000000 2.000000
1.000000 1.000000 2.000000
1.000000 1.000000 2.000000
1.000000 1.000000 2.000000
1.000000 1.000000 2.000000
1.000000 1.000000 2.000000
1.000000 1.000000 2.000000
1.000000 1.000000 2.000000
1.000000 1.000000 2.000000
1.000000 1.000000 2.000000
1.000000 1.000000 2.000000
1.000000 1.000000 2.000000
1.000000 1.000000 2.000000
1.000000 1.000000 2.000000
1.000000 1.000000 2.000000
1.000000 1.000000 2.000000
1.000000 1.000000 2.000000
1.000000 1.000000 2.000000
1.000000 1.000000 2.000000
1.000000 1.000000 2.000000
1.000000 1.000000 2.000000
1.000000 1.000000 2.000000
1.000000 2.236068 3.162278
1.000000 4.123106 5.000000
1.000000 2.000000 2.828427
1.000000 2.000000 2.828427
1.000000 2.000000 2.828427
1.000000 2.000000 2.828427
1.000000 2.000000 2.828427
1.000000 2.000000 2.828427
1.000000 1.414214 2.236068
1.000000 1.414214 2.236068
1.000000 1.414214 2.236068
1.000000 1.414214 2.236068
1.000000 1.414214 2.236068
1.000000 1.414214 2.236068
1.000000 1.414214 2.236068
1.000000 1.414214 2.236068
1.000000 1.414214 2.236068
1.000000 1.414214 2.236068
1.000000 1.414214 2.236068
1.000000 1.414214 2.236068
1.000000 1.414214 2.236068
1.000000 1.414214 2.236068
1.000000 1.414214 2.236068
1.000000 1.414214 2.236068
1.000000 2.236068 3.000000
1.000000 3.000000 3.605551
1.000000 2.236068 2.828427
1.000000 2.236068 2.828427
1.000000 2.236068 2.828427
1.000000 2.236068 2.828427
1.000000 2.236068 2.828427
1.000000 2.236068 2.828427
1.000000 2.236068 2.828427
1.000000 2.236068 2.828427
1.000000 2.236068 2.828427
1.000000 2.236068 2.828427
1.000000 2.236068 2.828427
1.000000 2.236068 2.828427
1.000000 2.236068 2.828427
1.000000 2.236068 2.828427
1.000000 2.236068 2.828427
1.000000 1.414214 2.000000
1.000000 1.414214 2.000000
1.000000 1.414214 2.000000
1.000000 1.414214 2.000000
1.000000 1.414214 2.000000
1.000000 1.414214 2.000000
1.000000 1.414214 2.000000
1.000000 1.414214 2.000000
1.000000 1.414214 2.000000
1.000000 1.414214 2.000000
1.000000 1.414214 2.000000
1.000000 1.414214 2.000000
1.000000 1.414214 2.000000
1.000000 1.414214 2.000000
1.000000 1.414214 2.000000
1.000000 1.414214 2.000000
1.000000 1.414214 2.000000
1.000000 1.414214 2.000000
1.000000 1.414214 2.000000
1.000000 1.414214 2.000000
1.000000 1.414214 2.000000
1.000000 1.414214 2.000000
1.000000 1.414214 2.000000
1.000000 1.414214 2.000000
1.000000 1.414214 2.000000
1.000000 1.414214 2.000000
1.000000 1.414214 2.000000
1.000000 1.414214 2.000000
1.000000 1.414214 2.000000
1.000000 1.414214 2.000000
1.000000 1.414214 2.000000
1.000000 1.414214 2.000000
1.000000 1.414214 2.000000
1.000000 3.162278 3.605551
1.000000 1.000000 1.414214
1.000000 1.000000 1.414214
1.000000 1.000000 1.414214
1.000000 1.000000 1.414214
1.000000 1.000000 1.414214
1.000000 1.000000 1.414214
1.000000 1.000000 1.414214
1.000000 1.000000 1.414214
1.000000 1.000000 1.414214
1.000000 1.000000 1.414214
1.000000 1.000000 1.414214
1.000000 1.000000 1.414214
1.000000 1.000000 1.414214
1.000000 1.000000 1.414214
1.000000 1.000000 1.414214
1.000000 1.000000 1.414214
1.000000 1.000000 1.414214
1.000000 1.000000 1.414214
1.000000 1.000000 1.414214
1.000000 1.000000 1.414214
1.000000 1.000000 1.414214
1.000000 1.000000 1.414214
1.000000 1.000000 1.414214
1.000000 1.000000 1.414214
1.000000 1.000000 1.414214
1.000000 1.000000 1.414214
1.000000 1.000000 1.414214
1.000000 1.000000 1.414214
1.000000 1.000000 1.414214
1.000000 1.000000 1.414214
1.000000 1.000000 1.414214
1.000000 1.000000 1.414214
1.000000 1.000000 1.414214
1.000000 1.000000 1.414214
1.000000 1.000000 1.414214
1.000000 1.000000 1.414214
1.000000 1.000000 1.414214
1.000000 1.000000 1.414214
1.000000 1.000000 1.414214
1.000000 1.000000 1.414214
1.000000 1.000000 1.414214
1.000000 1.000000 1.414214
1.000000 1.000000 1.414214
1.000000 1.000000 1.414214
1.000000 1.000000 1.414214
1.000000 1.000000 1.414214
1.000000 1.000000 1.414214
1.000000 1.000000 1.414214
1.000000 1.000000 1.414214
1.000000 1.000000 1.414214
1.000000 1.000000 1.414214
1.000000 1.000000 1.414214
1.000000 1.000000 1.414214
1.000000 1.000000 1.414214
1.000000 1.000000 1.414214
1.000000 1.000000 1.414214
1.000000 1.000000 1.414214
1.000000 1.000000 1.414214
1.000000 1.000000 1.414214
1.000000 1.000000 1.414214
1.000000 1.000000 1.414214
1.000000 1.000000 1.414214
1.000000 1.000000 1.414214
1.000000 1.000000 1.414214
1.000000 1.000000 1.414214
1.000000 1.000000 1.414214
1.000000 1.000000 1.414214
1.000000 1.000000 1.414214
1.000000 1.000000 1.414214
1.000000 1.000000 1.414214
1.000000 1.000000 1.414214
1.000000 1.000000 1.414214
1.000000 1.000000 1.414214
1.000000 1.000000 1.414214
1.000000 1.000000 1.414214
1.000000 1.000000 1.414214
1.000000 1.000000 1.414214
1.000000 1.000000 1.414214
1.000000 1.000000 1.414214
1.000000 1.000000 1.414214
1.000000 1.000000 1.414214
1.000000 1.000000 1.414214
1.000000 1.000000 1.414214
1.000000 1.000000 1.414214
1.000000 1.000000 1.414214
1.000000 1.000000 1.414214
1.000000 1.000000 1.414214
1.000000 1.000000 1.414214
1.000000 1.000000 1.414214
1.000000 1.000000 1.414214
1.000000 1.000000 1.414214
1.000000 1.000000 1.414214
1.000000 1.000000 1.414214
1.000000 1.000000 1.414214
1.000000 1.000000 1.414214
1.000000 1.000000 1.414214
1.000000 1.000000 1.414214
1.000000 1.000000 1.414214
1.000000 1.000000 1.414214
1.000000 1.000000 1.414214
1.000000 1.000000 1.414214
1.000000 1.000000 1.414214
1.000000 1.000000 1.414214
1.000000 1.000000 1.414214
1.000000 1.000000 1.414214
1.000000 1.000000 1.414214
1.000000 1.000000 1.414214
1.000000 1.000000 1.414214
1.000000 1.000000 1.414214
1.000000 1.000000 1.414214
1.000000 1.000000 1.414214
1.000000 1.000000 1.414214
1.000000 1.000000 1.414214
1.000000 1.000000 1.414214
1.000000 1.000000 1.414214
1.000000 1.000000 1.414214
1.000000 1.000000 1.414214
1.000000 1.000000 1.414214
1.000000 1.000000 1.414214
1.000000 1.000000 1.414214
1.000000 1.000000 1.414214
1.000000 1.000000 1.414214
1.000000 1.000000 1.414214
1.000000 1.000000 1.414214
1.000000 1.000000 1.414214
1.000000 1.000000 1.414214
1.000000 1.000000 1.414214
1.000000 1.000000 1.414214
1.000000 1.000000 1.414214
1.000000 1.000000 1.414214
1.000000 1.000000 1.414214
1.000000 1.000000 1.414214
1.000000 1.000000 1.414214
1.000000 1.000000 1.414214
1.000000 1.000000 1.414214
1.000000 1.000000 1.414214
1.000000 1.000000 1.414214
1.000000 1.000000 1.414214
1.000000 1.000000 1.414214
1.000000 1.000000 1.414214
1.000000 1.000000 1.414214
1.000000 1.000000 1.414214
1.000000 1.000000 1.414214
1.000000 1.000000 1.414214
1.000000 1.000000 1.414214
1.000000 1.000000 1.414214
1.000000 1.000000 1.414214
1.000000 1.000000 1.414214
1.000000 1.000000 1.414214
1.000000 1.000000 1.414214
1.000000 1.000000 1.414214
1.000000 1.000000 1.414214
1.000000 1.000000 1.414214
1.000000 1.000000 1.414214
1.000000 1.000000 1.414214
1.000000 1.000000 1.414214
1.000000 1.000000 1.414214
1.000000 1.000000 1.414214
1.000000 1.000000 1.414214
1.000000 1.000000 1.414214
1.000000 1.000000 1.414214
1.000000 1.000000 1.414214
1.000000 1.000000 1.414214
1.000000 1.000000 1.414214
1.000000 1.000000 1.414214
1.000000 1.000000 1.414214
1.000000 1.000000 1.414214
1.000000 1.000000 1.414214
1.000000 1.000000 1.414214
1.000000 1.000000 1.414214
1.000000 1.000000 1.414214
1.000000 1.000000 1.414214
1.000000 1.000000 1.414214
1.000000 1.000000 1.414214
1.000000 1.000000 1.414214
1.000000 1.000000 1.414214
1.000000 1.000000 1.414214
1.000000 1.000000 1.414214
1.000000 1.000000 1.414214
1.000000 1.000000 1.414214
1.000000 1.000000 1.414214
1.000000 1.000000 1.414214
1.000000 1.000000 1.414214
1.000000 1.000000 1.414214
1.000000 1.000000 1.414214
1.000000 1.000000 1.414214
1.000000 1.000000 1.414214
1.000000 1.000000 1.414214
1.000000 1.000000 1.414214
1.000000 1.000000 1.414214
1.000000 1.000000 1.414214
1.000000 1.000000 1.414214
1.000000 1.000000 1.414214
1.000000 1.000000 1.414214
1.000000 1.000000 1.414214
1.000000 1.000000 1.414214
1.000000 1.000000 1.414214
1.000000 1.000000 1.414214
1.000000 1.000000 1.414214
1.000000 1.000000 1.414214
1.000000 1.000000 1.414214
1.000000 1.000000 1.414214
1.000000 1.000000 1.414214
1.000000 1.000000 1.414214
1.000000 1.000000 1.414214
1.000000 1.000000 1.414214
1.000000 1.000000 1.414214
1.000000 1.000000 1.414214
1.000000 1.000000 1.414214
1.000000 1.000000 1.414214
1.000000 1.000000 1.414214
1.000000 1.000000 1.414214
1.000000 1.000000 1.414214
1.000000 1.000000 1.414214
1.000000 1.000000 1.414214
1.000000 1.000000 1.414214
1.000000 1.000000 1.414214
1.000000 1.000000 1.414214
1.000000 1.000000 1.414214
1.000000 1.000000 1.414214
1.000000 1.000000 1.414214
1.000000 1.000000 1.414214
1.000000 1.000000 1.414214
1.000000 1.000000 1.414214
1.000000 1.000000 1.414214
1.000000 1.000000 1.414214
1.000000 1.000000 1.414214
1.000000 1.000000 1.414214
1.000000 1.000000 1.414214
1.000000 1.000000 1.414214
1.000000 1.000000 1.414214
1.000000 1.000000 1.414214
1.000000 1.000000 1.414214
1.000000 1.000000 1.414214
1.000000 1.000000 1.414214
1.000000 1.000000 1.414214
1.000000 1.000000 1.414214
1.000000 1.000000 1.414214
1.000000 1.000000 1.414214
1.000000 1.000000 1.414214
1.000000 1.000000 1.414214
1.000000 1.000000 1.414214
1.000000 1.000000 1.414214
1.000000 1.000000 1.414214
1.000000 1.000000 1.414214
1.000000 1.000000 1.414214
1.000000 1.000000 1.414214
1.000000 1.000000 1.414214
1.000000 1.000000 1.414214
1.000000 1.000000 1.414214
1.000000 1.000000 1.414214
1.000000 1.000000 1.414214
1.000000 1.000000 1.414214
1.000000 1.000000 1.414214
1.000000 1.000000 1.414214
1.000000 1.000000 1.414214
1.000000 1.000000 1.414214
1.000000 1.000000 1.414214
1.000000 1.000000 1.414214
1.000000 1.000000 1.414214
1.000000 1.000000 1.414214
1.000000 1.000000 1.414214
1.000000 1.000000 1.414214
1.000000 1.000000 1.414214
1.000000 1.000000 1.414214
1.000000 1.000000 1.414214
1.000000 1.000000 1.414214
1.000000 1.000000 1.414214
1.000000 1.000000 1.414214
1.000000 1.000000 1.414214
1.000000 1.000000 1.414214
1.000000 1.000000 1.414214
1.000000 1.000000 1.414214
1.000000 1.000000 1.414214
1.000000 1.000000 1.414214
1.000000 1.000000 1.414214
1.000000 1.000000 1.414214
1.000000 1.000000 1.414214
1.000000 1.000000 1.414214
1.000000 1.000000 1.414214
1.000000 1.000000 1.414214
1.000000 1.000000 1.414214
1.000000 1.000000 1.414214
1.000000 1.000000 1.414214
1.000000 1.000000 1.414214
1.000000 1.000000 1.414214
1.000000 1.000000 1.414214
1.000000 1.000000 1.414214
1.000000 1.000000 1.414214
1.000000 1.000000 1.414214
1.000000 1.000000 1.414214
1.000000 1.000000 1.414214
1.000000 1.000000 1.414214
1.000000 1.000000 1.414214
1.000000 1.000000 1.414214
1.000000 1.000000 1.414214
1.000000 1.000000 1.414214
1.000000 1.000000 1.414214
1.000000 1.000000 1.414214
1.000000 1.000000 1.414214
1.000000 1.000000 1.414214
1.000000 1.000000 1.414214
1.000000 1.000000 1.414214
1.000000 1.000000 1.414214
1.000000 1.000000 1.414214
1.000000 1.000000 1.414214
1.000000 1.000000 1.414214
1.000000 1.000000 1.414214
1.000000 1.000000 1.414214
1.000000 1.000000 1.414214
1.000000 1.000000 1.414214
1.000000 1.000000 1.414214
1.000000 1.000000 1.414214
1.000000 1.000000 1.414214
1.000000 1.000000 1.414214
1.000000 1.000000 1.414214
1.000000 1.000000 1.414214
1.000000 1.000000 1.414214
1.000000 1.000000 1.414214
1.000000 1.000000 1.414214
1.000000 1.000000 1.414214
1.000000 1.000000 1.414214
1.000000 1.000000 1.414214
1.000000 1.000000 1.414214
1.000000 1.000000 1.414214
1.000000 1.000000 1.414214
1.000000 1.000000 1.414214
1.000000 1.000000 1.414214
1.000000 1.000000 1.414214
1.000000 1.000000 1.414214
1.000000 1.000000 1.414214
1.000000 1.000000 1.414214
1.000000 1.000000 1.414214
1.000000 1.000000 1.414214
1.000000 1.000000 1.414214
1.000000 1.000000 1.414214
1.000000 1.000000 1.414214
1.000000 1.000000 1.414214
1.000000 1.000000 1.414214
1.000000 1.000000 1.414214
1.000000 1.000000 1.414214
1.000000 1.000000 1.414214
1.000000 1.000000 1.414214
1.000000 1.000000 1.414214
1.000000 1.000000 1.414214
1.000000 1.000000 1.414214
1.000000 1.000000 1.414214
1.000000 1.000000 1.414214
1.000000 1.000000 1.414214
1.000000 1.000000 1.414214
1.000000 1.000000 1.414214
1.000000 1.000000 1.414214
1.000000 1.000000 1.414214
1.000000 1.000000 1.414214
1.000000 1.000000 1.414214
1.000000 1.000000 1.414214
1.000000 1.000000 1.414214
1.000000 1.000000 1.414214
1.000000 1.000000 1.414214
1.000000 1.000000 1.414214
1.000000 1.000000 1.414214
1.000000 1.000000 1.414214
1.000000 1.000000 1.414214
1.000000 1.000000 1.414214
1.000000 1.000000 1.414214
1.000000 1.000000 1.414214
1.000000 1.000000 1.414214
1.000000 1.000000 1.414214
1.000000 1.000000 1.414214
1.000000 1.000000 1.414214
1.000000 1.000000 1.414214
1.000000 1.000000 1.414214
1.000000 1.000000 1.414214
1.000000 5.000000 5.385165
1.000000 4.123106 4.472136
1.000000 2.828427 3.162278
1.000000 2.828427 3.162278
1.000000 2.828427 3.162278
1.000000 5.099020 5.385165
1.000000 2.000000 2.236068
1.000000 2.000000 2.236068
1.000000 2.000000 2.236068
1.000000 2.000000 2.236068
1.000000 2.000000 2.236068
1.000000 2.000000 2.236068
1.000000 2.000000 2.236068
1.000000 2.000000 2.236068
1.000000 2.000000 2.236068
1.000000 2.000000 2.236068
1.000000 2.000000 2.236068
1.000000 2.000000 2.236068
1.000000 2.000000 2.236068
1.000000 2.000000 2.236068
1.000000 2.000000 2.236068
1.000000 2.000000 2.236068
1.000000 2.000000 2.236068
1.000000 2.000000 2.236068
1.000000 2.000000 2.236068
1.000000 2.000000 2.236068
1.000000 2.000000 2.236068
1.000000 2.000000 2.236068
1.000000 2.000000 2.236068
1.000000 2.000000 2.236068
1.000000 2.000000 2.236068
1.000000 2.000000 2.236068
1.000000 2.000000 2.236068
1.000000 2.000000 2.236068
1.000000 2.000000 2.236068
1.000000 2.000000 2.236068
1.000000 2.000000 2.236068
1.000000 2.000000 2.236068
1.000000 2.000000 2.236068
1.000000 2.000000 2.236068
1.000000 2.000000 2.236068
1.000000 2.000000 2.236068
1.000000 2.000000 2.236068
1.000000 2.000000 2.236068
1.000000 2.000000 2.236068
1.000000 2.000000 2.236068
1.000000 2.000000 2.236068
1.000000 2.000000 2.236068
1.000000 2.000000 2.236068
1.000000 2.000000 2.236068
1.000000 2.000000 2.236068
1.000000 2.000000 2.236068
1.000000 2.000000 2.236068
1.000000 2.000000 2.236068
1.000000 2.000000 2.236068
1.000000 2.000000 2.236068
1.000000 2.000000 2.236068
1.000000 2.000000 2.236068
1.000000 2.000000 2.236068
1.000000 2.000000 2.236068
1.000000 2.000000 2.236068
1.000000 2.000000 2.236068
1.000000 2.000000 2.236068
1.000000 2.000000 2.236068
1.000000 2.000000 2.236068
1.000000 2.000000 2.236068
1.000000 2.000000 2.236068
1.000000 2.000000 2.236068
1.000000 2.000000 2.236068
1.000000 2.000000 2.236068
1.000000 2.000000 2.236068
1.000000 2.000000 2.236068
1.000000 2.000000 2.236068
1.000000 2.000000 2.236068
1.000000 2.000000 2.236068
1.000000 2.000000 2.236068
1.000000 2.000000 2.236068
1.000000 2.000000 2.236068
1.000000 2.000000 2.236068
1.000000 2.000000 2.236068
1.000000 2.000000 2.236068
1.000000 2.000000 2.236068
1.000000 2.000000 2.236068
1.000000 2.828427 3.000000
1.000000 3.000000 3.162278
1.000000 3.000000 3.162278
1.000000 3.000000 3.162278
1.000000 3.000000 3.162278
1.000000 3.000000 3.162278
1.000000 3.000000 3.162278
1.000000 3.000000 3.162278
1.000000 3.000000 3.162278
1.000000 4.000000 4.123106
1.000000 4.123106 4.242641
1.000000 5.000000 5.099020
1.000000 5.000000 5.099020
1.000000 5.000000 5.099020
0.000000 1.000000 inf
0.000000 1.000000 inf
0.000000 -1.000000 inf
0.000000 1.000000 inf
0.000000 1.000000 inf
0.000000 -1.000000 inf
0.000000 1.000000 inf
0.000000 -21.189620 inf
0.000000 -16.401219 -7.211103
0.000000 -18.973666 -11.045361
0.000000 -10.440307 -5.000000
0.000000 -10.440307 -5.000000
0.000000 -9.219544 -4.123106
0.000000 -14.035669 -9.899495
0.000000 -3.000000 1.000000
0.000000 -11.045361 -7.615773
0.000000 -11.401754 -8.062258
0.000000 -2.236068 1.000000
0.000000 -2.236068 1.000000
0.000000 -7.211103 -4.000000
0.000000 -4.123106 -1.000000
0.000000 -4.123106 -1.000000
0.000000 -8.062258 -5.000000
0.000000 -1.000000 2.000000
0.000000 -2.000000 1.000000
0.000000 -10.000000 -7.000000
0.000000 -2.000000 1.000000
0.000000 -1.000000 2.000000
0.000000 -2.000000 1.000000
0.000000 -1.000000 2.000000
0.000000 -2.000000 1.000000
0.000000 -7.615773 -5.000000
0.000000 -3.605551 -1.000000
0.000000 -3.605551 -1.000000
0.000000 -1.414214 1.000000
0.000000 -1.414214 1.000000
0.000000 -1.414214 1.000000
0.000000 -1.414214 1.000000
0.000000 -1.414214 1.000000
0.000000 -1.000000 1.414214
0.000000 -1.414214 1.000000
0.000000 -1.414214 1.000000
0.000000 -1.414214 1.000000
0.000000 -1.414214 1.000000
0.000000 -8.062258 -5.656854
0.000000 -5.830952 -3.605551
0.000000 -14.560220 -12.369317
0.000000 -3.162278 -1.000000
0.000000 -3.162278 -1.000000
0.000000 -4.242641 -2.236068
0.000000 -1.000000 1.000000
0.000000 -1.000000 1.000000
0.000000 -1.000000 1.000000
0.000000 -1.000000 1.000000
0.000000 -1.000000 1.000000
0.000000 -1.000000 1.000000
0.000000 -1.000000 1.000000
0.000000 -1.000000 1.000000
0.000000 -1.000000 1.000000
0.000000 -1.000000 1.000000
0.000000 -1.000000 1.000000
0.000000 -1.000000 1.000000
0.000000 -1.000000 1.000000
0.000000 -1.000000 1.000000
0.000000 -1.000000 1.000000
0.000000 -1.000000 1.000000
0.000000 -1.000000 1.000000
0.000000 -1.000000 1.000000
0.000000 -1.000000 1.000000
0.000000 -1.000000 1.000000
0.000000 -1.000000 1.000000
0.000000 -1.000000 1.000000
0.000000 -1.000000 1.000000
0.000000 -1.000000 1.000000
0.000000 -1.000000 1.000000
0.000000 -1.000000 1.000000
0.000000 -1.000000 1.000000
0.000000 -1.000000 1.000000
0.000000 -1.000000 1.000000
0.000000 -1.000000 1.000000
0.000000 -1.000000 1.000000
0.000000 -1.000000 1.000000
0.000000 -1.000000 1.000000
0.000000 -1.000000 1.000000
0.000000 -1.000000 1.000000
0.000000 -1.000000 1.000000
0.000000 -1.000000 1.000000
0.000000 -1.000000 1.000000
0.000000 -1.000000 1.000000
0.000000 -1.000000 1.000000
0.000000 -1.000000 1.000000
0.000000 -1.000000 1.000000
0.000000 -1.000000 1.000000
0.000000 -1.000000 1.000000
0.000000 -1.000000 1.000000
0.000000 -1.000000 1.000000
0.000000 -1.000000 1.000000
0.000000 -1.000000 1.000000
0.000000 -1.000000 1.000000
0.000000 -1.000000 1.000000
0.000000 -1.000000 1.000000
0.000000 -1.000000 1.000000
0.000000 -1.000000 1.000000
0.000000 -1.000000 1.000000
0.000000 -1.000000 1.000000
0.000000 -1.000000 1.000000
0.000000 -1.000000 1.000000
0.000000 -1.000000 1.000000
0.000000 -1.000000 1.000000
0.000000 -1.000000 1.000000
0.000000 -1.000000 1.000000
0.000000 -1.000000 1.000000
0.000000 -1.000000 1.000000
0.000000 -1.000000 1.000000
0.000000 -1.000000 1.000000
0.000000 -1.000000 1.000000
0.000000 -1.000000 1.000000
0.000000 -1.000000 1.000000
0.000000 -1.000000 1.000000
0.000000 -1.000000 1.000000
0.000000 -1.000000 1.000000
0.000000 -1.000000 1.000000
0.000000 -1.000000 1.000000
0.000000 -1.000000 1.000000
0.000000 -1.000000 1.000000
0.000000 -1.000000 1.000000
0.000000 -1.000000 1.000000
0.000000 -1.000000 1.000000
0.000000 -1.000000 1.000000
0.000000 -1.000000 1.000000
0.000000 -1.000000 1.000000
0.000000 -1.000000 1.000000
0.000000 -1.000000 1.000000
0.000000 -1.000000 1.000000
0.000000 -1.000000 1.000000
0.000000 -1.000000 1.000000
0.000000 -1.000000 1.000000
0.000000 -1.000000 1.000000
0.000000 -1.000000 1.000000
0.000000 -1.000000 1.000000
0.000000 -1.000000 1.000000
0.000000 -1.000000 1.000000
0.000000 -1.000000 1.000000
0.000000 -1.000000 1.000000
0.000000 -1.000000 1.000000
0.000000 -1.000000 1.000000
0.000000 -1.000000 1.000000
0.000000 -1.000000 1.000000
0.000000 -1.000000 1.000000
0.000000 -1.000000 1.000000
0.000000 -1.000000 1.000000
0.000000 -1.000000 1.000000
0.000000 -1.000000 1.000000
0.000000 -1.000000 1.000000
0.000000 -1.000000 1.000000
0.000000 -1.000000 1.000000
0.000000 -1.000000 1.000000
0.000000 -1.000000 1.000000
0.000000 -1.000000 1.000000
0.000000 -1.000000 1.000000
0.000000 -1.000000 1.000000
0.000000 -1.000000 1.000000
0.000000 -1.000000 1.000000
0.000000 -1.000000 1.000000
0.000000 -1.000000 1.000000
0.000000 -1.000000 1.000000
0.000000 -1.000000 1.000000
0.000000 -1.000000 1.000000
0.000000 -1.000000 1.000000
0.000000 -1.000000 1.000000
0.000000 -1.000000 1.000000
0.000000 -1.000000 1.000000
0.000000 -1.000000 1.000000
0.000000 -1.000000 1.000000
0.000000 -1.000000 1.000000
0.000000 -1.000000 1.000000
0.000000 -1.000000 1.000000
0.000000 -1.000000 1.000000
0.000000 -1.000000 1.000000
0.000000 -1.000000 1.000000
0.000000 -1.000000 1.000000
0.000000 -1.000000 1.000000
0.000000 -1.000000 1.000000
0.000000 -1.000000 1.000000
0.000000 -1.000000 1.000000
0.000000 -1.000000 1.000000
0.000000 -1.000000 1.000000
0.000000 -1.000000 1.000000
0.000000 -1.000000 1.000000
0.000000 -1.000000 1.000000
0.000000 -1.000000 1.000000
0.000000 -1.000000 1.000000
0.000000 -1.000000 1.000000
0.000000 -1.000000 1.000000
0.000000 -1.000000 1.000000
0.000000 -1.000000 1.000000
0.000000 -1.000000 1.000000
0.000000 -1.000000 1.000000
0.000000 -1.000000 1.000000
0.000000 -1.000000 1.000000
0.000000 -1.000000 1.000000
0.000000 -1.000000 1.000000
0.000000 -1.000000 1.000000
0.000000 -1.000000 1.000000
0.000000 -1.000000 1.000000
0.000000 -1.000000 1.000000
0.000000 -1.000000 1.000000
0.000000 -1.000000 1.000000
0.000000 -1.000000 1.000000
0.000000 -1.000000 1.000000
0.000000 -1.000000 1.000000
0.000000 -1.000000 1.000000
0.000000 -1.000000 1.000000
0.000000 -1.000000 1.000000
0.000000 -1.000000 1.000000
0.000000 -1.000000 1.000000
0.000000 -1.000000 1.000000
0.000000 -1.000000 1.000000
0.000000 -1.000000 1.000000
0.000000 -1.000000 1.000000
0.000000 -1.000000 1.000000
0.000000 -1.000000 1.000000
0.000000 -1.000000 1.000000
0.000000 -1.000000 1.000000
0.000000 -1.000000 1.000000
0.000000 -1.000000 1.000000
0.000000 -1.000000 1.000000
0.000000 -1.000000 1.000000
0.000000 -1.000000 1.000000
0.000000 -1.000000 1.000000
0.000000 -1.000000 1.000000
0.000000 -1.000000 1.000000
0.000000 -1.000000 1.000000
0.000000 -1.000000 1.000000
0.000000 -1.000000 1.000000
0.000000 -1.000000 1.000000
0.000000 -1.000000 1.000000
0.000000 -1.000000 1.000000
0.000000 -1.000000 1.000000
0.000000 -1.000000 1.000000
0.000000 -1.000000 1.000000
0.000000 -1.000000 1.000000
0.000000 -1.000000 1.000000
0.000000 -1.000000 1.000000
0.000000 -1.000000 1.000000
0.000000 -1.000000 1.000000
0.000000 -1.000000 1.000000
0.000000 -1.000000 1.000000
0.000000 -1.000000 1.000000
0.000000 -1.000000 1.000000
0.000000 -1.000000 1.000000
0.000000 -1.000000 1.000000
0.000000 -1.000000 1.000000
0.000000 -1.000000 1.000000
0.000000 -1.000000 1.000000
0.000000 -1.000000 1.000000
0.000000 -1.000000 1.000000
0.000000 -1.000000 1.000000
0.000000 -1.000000 1.000000
0.000000 -1.000000 1.000000
0.000000 -1.000000 1.000000
0.000000 -1.000000 1.000000
0.000000 -1.000000 1.000000
0.000000 -1.000000 1.000000
0.000000 -1.000000 1.000000
0.000000 -1.000000 1.000000
0.000000 -1.000000 1.000000
0.000000 -1.000000 1.000000
0.000000 -1.000000 1.000000
0.000000 -1.000000 1.000000
0.000000 -1.000000 1.000000
0.000000 -1.000000 1.000000
0.000000 -1.000000 1.000000
0.000000 -1.000000 1.000000
0.000000 -1.000000 1.000000
0.000000 -1.000000 1.000000
0.000000 -1.000000 1.000000
0.000000 -1.000000 1.000000
0.000000 -1.000000 1.000000
0.000000 -1.000000 1.000000
0.000000 -1.000000 1.000000
0.000000 -1.000000 1.000000
0.000000 -1.000000 1.000000
0.000000 -1.000000 1.000000
0.000000 -1.000000 1.000000
0.000000 -1.000000 1.000000
0.000000 -1.000000 1.000000
0.000000 -1.000000 1.000000
0.000000 -1.000000 1.000000
0.000000 -1.000000 1.000000
0.000000 -1.000000 1.000000
0.000000 -1.000000 1.000000
0.000000 -1.000000 1.000000
0.000000 -1.000000 1.000000
0.000000 -1.000000 1.000000
0.000000 -1.000000 1.000000
0.000000 -1.000000 1.000000
0.000000 -1.000000 1.000000
0.000000 -1.000000 1.000000
0.000000 -1.000000 1.000000
0.000000 -1.000000 1.000000
0.000000 -1.000000 1.000000
0.000000 -1.000000 1.000000
0.000000 -1.000000 1.000000
0.000000 -1.000000 1.000000
0.000000 -1.000000 1.000000
0.000000 -1.000000 1.000000
0.000000 -1.000000 1.000000
0.000000 -1.000000 1.000000
0.000000 -1.000000 1.000000
0.000000 -1.000000 1.000000
0.000000 -1.000000 1.000000
0.000000 -1.000000 1.000000
0.000000 -1.000000 1.000000
0.000000 -1.000000 1.000000
0.000000 -1.000000 1.000000
0.000000 -1.000000 1.000000
0.000000 -1.000000 1.000000
0.000000 -1.000000 1.000000
0.000000 -1.000000 1.000000
0.000000 -1.000000 1.000000
0.000000 -1.000000 1.000000
0.000000 -1.000000 1.000000
0.000000 -1.000000 1.000000
0.000000 -1.000000 1.000000
0.000000 -1.000000 1.000000
0.000000 -1.000000 1.000000
0.000000 -1.000000 1.000000
0.000000 -1.000000 1.000000
0.000000 -1.000000 1.000000
0.000000 -1.000000 1.000000
0.000000 -1.000000 1.000000
0.000000 -1.000000 1.000000
0.000000 -1.000000 1.000000
0.000000 -1.000000 1.000000
0.000000 -1.000000 1.000000
0.000000 -1.000000 1.000000
0.000000 -1.000000 1.000000
0.000000 -1.000000 1.000000
0.000000 -1.000000 1.000000
0.000000 -1.000000 1.000000
0.000000 -1.000000 1.000000
0.000000 -1.000000 1.000000
0.000000 -1.000000 1.000000
0.000000 -1.000000 1.000000
0.000000 -1.000000 1.000000
0.000000 -1.000000 1.000000
0.000000 -1.000000 1.000000
0.000000 -1.000000 1.000000
0.000000 -1.000000 1.000000
0.000000 -1.000000 1.000000
0.000000 -1.000000 1.000000
0.000000 -1.000000 1.000000
0.000000 -1.000000 1.000000
0.000000 -1.000000 1.000000
0.000000 -1.000000 1.000000
0.000000 -1.000000 1.000000
0.000000 -1.000000 1.000000
0.000000 -1.000000 1.000000
0.000000 -1.000000 1.000000
0.000000 -1.000000 1.000000
0.000000 -1.000000 1.000000
0.000000 -1.000000 1.000000
0.000000 -1.000000 1.000000
0.000000 -5.000000 -3.162278
0.000000 -2.828427 -1.000000
0.000000 -2.828427 -1.000000
0.000000 -2.828427 -1.000000
0.000000 -2.828427 -1.000000
0.000000 -3.162278 -1.414214
0.000000 -3.162278 -1.414214
0.000000 -6.708204 -5.000000
0.000000 -3.605551 -2.000000
0.000000 -8.602325 -7.000000
0.000000 -5.099020 -3.605551
0.000000 -3.605551 -2.236068
0.000000 -4.242641 -3.000000
0.000000 -2.236068 -1.000000
0.000000 -2.236068 -1.000000
0.000000 -2.236068 -1.000000
0.000000 -2.236068 -1.000000
0.000000 -2.236068 -1.000000
0.000000 -2.236068 -1.000000
0.000000 -2.236068 -1.000000
0.000000 -2.236068 -1.000000
0.000000 -2.236068 -1.000000
0.000000 -2.236068 -1.000000
0.000000 -2.236068 -1.000000
0.000000 -2.236068 -1.000000
0.000000 -6.324555 -5.099020
0.000000 -3.162278 -2.000000
0.000000 -5.385165 -4.242641
0.000000 -11.180340 -10.049876
0.000000 -5.099020 -4.000000
0.000000 -6.082763 -5.000000
0.000000 -7.071068 -6.000000
0.000000 -2.000000 -1.000000
0.000000 -2.000000 -1.000000
0.000000 -2.000000 -1.000000
0.000000 -2.000000 -1.000000
0.000000 -2.000000 -1.000000
0.000000 -6.000000 -5.000000
0.000000 -2.000000 -1.000000
0.000000 -2.000000 -1.000000
0.000000 -2.000000 -1.000000
0.000000 -2.000000 -1.000000
0.000000 -2.000000 -1.000000
0.000000 -2.000000 -1.000000
0.000000 -2.000000 -1.000000
0.000000 -2.000000 -1.000000
0.000000 -2.000000 -1.000000
0.000000 -2.000000 -1.000000
0.000000 -2.000000 -1.000000
0.000000 -2.000000 -1.000000
0.000000 -2.000000 -1.000000
0.000000 -2.000000 -1.000000
0.000000 -4.123106 -3.162278
0.000000 -11.180340 -10.295630
0.000000 -5.000000 -4.123106
0.000000 -4.472136 -3.605551
0.000000 -8.062258 -7.211103
0.000000 -5.830952 -5.000000
0.000000 -2.828427 -2.000000
0.000000 -2.828427 -2.000000
0.000000 -2.236068 -1.414214
0.000000 -2.236068 -1.414214
0.000000 -2.236068 -1.414214
0.000000 -2.236068 -1.414214
0.000000 -2.236068 -1.414214
0.000000 -2.236068 -1.414214
0.000000 -2.236068 -1.414214
0.000000 -12.000000 -11.180340
0.000000 -3.605551 -2.828427
0.000000 -3.605551 -2.828427
0.000000 -5.000000 -4.242641
0.000000 -5.000000 -4.242641
0.000000 -6.403124 -5.656854
0.000000 -5.830952 -5.099020
0.000000 -8.000000 -7.280110
0.000000 -14.142136 -13.453624
0.000000 -7.000000 -6.324555
0.000000 -5.099020 -4.472136
0.000000 -3.605551 -3.000000
0.000000 -3.605551 -3.000000
0.000000 -2.828427 -2.236068
0.000000 -2.828427 -2.236068
0.000000 -2.828427 -2.236068
0.000000 -2.828427 -2.236068
0.000000 -2.000000 -1.414214
0.000000 -2.000000 -1.414214
0.000000 -2.000000 -1.414214
0.000000 -2.000000 -1.414214
0.000000 -2.000000 -1.414214
0.000000 -2.000000 -1.414214
0.000000 -2.000000 -1.414214
0.000000 -2.000000 -1.414214
0.000000 -2.000000 -1.414214
0.000000 -2.000000 -1.414214
0.000000 -2.000000 -1.414214
0.000000 -2.000000 -1.414214
0.000000 -2.000000 -1.414214
0.000000 -2.000000 -1.414214
0.000000 -2.000000 -1.414214
0.000000 -2.000000 -1.414214
0.000000 -2.000000 -1.414214
0.000000 -2.000000 -1.414214
0.000000 -7.280110 -6.708204
0.000000 -4.123106 -3.605551
0.000000 -10.000000 -9.486833
0.000000 -8.544004 -8.062258
0.000000 -8.944272 -8.485281
0.000000 -3.605551 -3.162278
0.000000 -8.246211 -7.810250
0.000000 -1.414214 -1.000000
0.000000 -1.414214 -1.000000
0.000000 -1.414214 -1.000000
0.000000 -1.414214 -1.000000
0.000000 -1.414214 -1.000000
0.000000 -1.414214 -1.000000
0.000000 -1.414214 -1.000000
0.000000 -1.414214 -1.000000
0.000000 -1.414214 -1.000000
0.000000 -1.414214 -1.000000
0.000000 -1.414214 -1.000000
0.000000 -1.414214 -1.000000
0.000000 -1.414214 -1.000000
0.000000 -1.414214 -1.000000
0.000000 -1.414214 -1.000000
0.000000 -1.414214 -1.000000
0.000000 -1.414214 -1.000000
0.000000 -1.414214 -1.000000
0.000000 -1.414214 -1.000000
0.000000 -1.414214 -1.000000
0.000000 -1.414214 -1.000000
0.000000 -1.414214 -1.000000
0.000000 -1.414214 -1.000000
0.000000 -1.414214 -1.000000
0.000000 -1.414214 -1.000000
0.000000 -1.414214 -1.000000
0.000000 -1.414214 -1.000000
0.000000 -1.414214 -1.000000
0.000000 -1.414214 -1.000000
0.000000 -1.414214 -1.000000
0.000000 -1.414214 -1.000000
0.000000 -1.414214 -1.000000
0.000000 -1.414214 -1.000000
0.000000 -1.414214 -1.000000
0.000000 -1.414214 -1.000000
0.000000 -1.414214 -1.000000
0.000000 -1.414214 -1.000000
0.000000 -1.414214 -1.000000
0.000000 -1.414214 -1.000000
0.000000 -1.414214 -1.000000
0.000000 -1.414214 -1.000000
0.000000 -1.414214 -1.000000
0.000000 -1.414214 -1.000000
0.000000 -1.414214 -1.000000
0.000000 -1.414214 -1.000000
0.000000 -1.414214 -1.000000
0.000000 -1.414214 -1.000000
0.000000 -1.414214 -1.000000
0.000000 -1.414214 -1.000000
0.000000 -1.414214 -1.000000
0.000000 -1.414214 -1.000000
0.000000 -1.414214 -1.000000
0.000000 -1.414214 -1.000000
0.000000 -1.414214 -1.000000
0.000000 -1.414214 -1.000000
0.000000 -1.414214 -1.000000
0.000000 -1.414214 -1.000000
0.000000 -1.414214 -1.000000
0.000000 -1.414214 -1.000000
0.000000 -1.414214 -1.000000
0.000000 -1.414214 -1.000000
0.000000 -1.414214 -1.000000
0.000000 -1.414214 -1.000000
0.000000 -1.414214 -1.000000
0.000000 1.000000 1.414214
0.000000 -1.414214 -1.000000
0.000000 -1.414214 -1.000000
0.000000 -1.414214 -1.000000
0.000000 -1.414214 -1.000000
0.000000 -1.414214 -1.000000
0.000000 -1.414214 -1.000000
0.000000 -1.414214 -1.000000
0.000000 -1.414214 -1.000000
0.000000 -1.414214 -1.000000
0.000000 -1.414214 -1.000000
0.000000 -1.414214 -1.000000
0.000000 -4.000000 -3.605551
0.000000 -11.180340 -10.816654
0.000000 -9.848858 -9.486833
0.000000 -9.848858 -9.486833
0.000000 -9.848858 -9.486833
0.000000 -8.944272 -8.602325
0.000000 -7.615773 -7.280110
0.000000 -3.162278 -2.828427
0.000000 -3.162278 -2.828427
0.000000 -5.385165 -5.099020
0.000000 -6.082763 -5.830952
0.000000 -6.324555 -6.082763
0.000000 -6.324555 -6.082763
0.000000 -6.324555 -6.082763
0.000000 -6.324555 -6.082763
0.000000 -2.236068 -2.000000
0.000000 -2.236068 -2.000000
0.000000 -2.236068 -2.000000
0.000000 -2.236068 -2.000000
0.000000 -2.236068 -2.000000
0.000000 -2.236068 -2.000000
0.000000 -2.236068 -2.000000
0.000000 -2.236068 -2.000000
0.000000 -2.236068 -2.000000
0.000000 -4.472136 -4.242641
0.000000 -11.401754 -11.180340
0.000000 -9.219544 -9.000000
0.000000 -9.433981 -9.219544
0.000000 -8.246211 -8.062258
0.000000 -5.830952 -5.656854
0.000000 -5.830952 -5.656854
0.000000 -3.000000 -2.828427
0.000000 -6.000000 -5.830952
0.000000 -3.162278 -3.000000
0.000000 -3.162278 -3.000000
0.000000 -3.162278 -3.000000
0.000000 -3.162278 -3.000000
0.000000 -3.162278 -3.000000
0.000000 -3.162278 -3.000000
0.000000 -3.162278 -3.000000
0.000000 -3.162278 -3.000000
0.000000 -3.162278 -3.000000
0.000000 -3.162278 -3.000000
0.000000 -10.440307 -10.295630
0.000000 -10.440307 -10.295630
0.000000 -7.211103 -7.071068
0.000000 -7.211103 -7.071068
0.000000 -4.123106 -4.000000
0.000000 -4.123106 -4.000000
0.000000 -4.123106 -4.000000
0.000000 -4.123106 -4.000000
0.000000 -4.123106 -4.000000
0.000000 -4.123106 -4.000000
0.000000 -4.123106 -4.000000
0.000000 -4.242641 -4.123106
0.000000 -8.602325 -8.485281
0.000000 -10.000000 -9.899495
0.000000 -10.000000 -9.899495
0.000000 -10.000000 -9.899495
0.000000 -5.099020 -5.000000
0.000000 -5.099020 -5.000000
0.000000 -5.099020 -5.000000
0.000000 -5.099020 -5.000000
0.000000 -5.099020 -5.000000
0.000000 -5.099020 -5.000000
0.000000 -5.099020 -5.000000
0.000000 -5.099020 -5.000000
0.000000 -5.099020 -5.000000
0.000000 -5.099020 -5.000000
0.000000 -6.082763 -6.000000
0.000000 -6.082763 -6.000000
0.000000 -6.082763 -6.000000
0.000000 -6.082763 -6.000000
0.000000 -6.082763 -6.000000
0.000000 -6.082763 -6.000000
0.000000 -12.806248 -12.727922
0.000000 -13.416408 -13.341664
0.000000 -7.071068 -7.000000
0.000000 -7.071068 -7.000000
0.000000 -7.071068 -7.000000
0.000000 -7.280110 -7.211103
0.000000 -7.280110 -7.211103
0.000000 -8.062258 -8.000000
0.000000 -8.062258 -8.000000
0.000000 -8.062258 -8.000000
0.000000 -8.062258 -8.000000
0.000000 -8.062258 -8.000000
0.000000 -8.544004 -8.485281
0.000000 -8.544004 -8.485281
0.000000 -8.544004 -8.485281
0.000000 -9.055385 -9.000000
