1.000000 1.000000 inf
1.000000 1.000000 inf
1.000000 1.000000 inf
1.000000 1.000000 inf
1.000000 1.000000 inf
1.000000 1.000000 inf
1.000000 1.000000 inf
1.000000 1.000000 inf
1.000000 1.000000 inf
1.000000 1.000000 inf
1.000000 1.000000 inf
1.000000 1.000000 inf
1.000000 -1.000000 inf
1.000000 1.000000 inf
1.000000 1.000000 inf
1.000000 1.000000 inf
1.000000 1.000000 inf
1.000000 1.000000 inf
1.000000 1.000000 inf
1.000000 1.000000 inf
1.000000 1.000000 inf
1.000000 1.000000 inf
1.000000 1.000000 inf
1.000000 1.000000 inf
1.000000 1.000000 inf
1.000000 1.000000 inf
1.000000 1.000000 inf
1.000000 1.000000 inf
1.000000 1.000000 inf
1.000000 1.000000 inf
1.000000 1.000000 inf
1.000000 1.000000 inf
1.000000 1.000000 inf
1.000000 1.000000 inf
1.000000 1.000000 inf
1.000000 1.000000 inf
1.000000 1.000000 inf
1.000000 1.000000 inf
1.000000 1.000000 inf
1.000000 1.000000 inf
1.000000 1.000000 inf
1.000000 1.000000 inf
1.000000 1.000000 inf
1.000000 1.000000 inf
1.000000 1.000000 inf
1.000000 1.000000 inf
1.000000 1.000000 inf
1.000000 1.000000 inf
1.000000 1.000000 inf
1.000000 1.000000 inf
1.000000 1.000000 inf
1.000000 1.000000 inf
1.000000 1.000000 inf
1.000000 1.000000 inf
1.000000 1.000000 inf
1.000000 1.000000 inf
1.000000 1.000000 inf
1.000000 -1.000000 inf
1.000000 1.000000 inf
1.000000 1.000000 inf
1.000000 1.000000 inf
1.000000 1.000000 inf
1.000000 -1.000000 inf
1.000000 1.000000 inf
1.000000 -1.000000 inf
1.000000 1.000000 inf
1.000000 1.000000 inf
1.000000 1.000000 inf
1.000000 1.000000 inf
1.000000 1.000000 inf
1.000000 1.000000 inf
1.000000 1.000000 inf
1.000000 1.000000 inf
1.000000 -1.000000 inf
1.000000 1.000000 inf
1.000000 1.000000 inf
1.000000 1.000000 inf
1.000000 1.000000 inf
1.000000 1.000000 inf
1.000000 1.000000 inf
1.000000 1.000000 inf
1.000000 -1.000000 inf
1.000000 1.000000 inf
1.000000 1.000000 inf
1.000000 1.000000 inf
1.000000 1.000000 inf
1.000000 1.000000 inf
1.000000 1.000000 inf
1.000000 1.000000 inf
1.000000 1.000000 inf
1.000000 1.000000 inf
1.000000 1.000000 inf
1.000000 1.000000 inf
1.000000 1.000000 inf
1.000000 1.000000 inf
1.000000 1.000000 inf
1.000000 1.000000 inf
1.000000 1.000000 inf
1.000000 1.000000 inf
1.000000 1.000000 inf
1.000000 1.000000 inf
1.000000 1.000000 inf
1.000000 1.000000 inf
1.000000 1.000000 inf
1.000000 1.000000 inf
1.000000 1.000000 inf
1.000000 1.000000 inf
1.000000 1.000000 inf
1.000000 1.000000 inf
1.000000 1.000000 inf
1.000000 1.000000 inf
1.000000 1.000000 inf
1.000000 1.000000 inf
1.000000 1.000000 inf
1.000000 1.000000 inf
1.000000 1.000000 inf
1.000000 1.000000 inf
1.000000 1.000000 inf
1.000000 1.000000 inf
1.000000 1.000000 inf
1.000000 1.000000 inf
1.000000 1.000000 inf
1.000000 1.000000 inf
1.000000 1.000000 inf
1.000000 1.000000 inf
1.000000 1.000000 inf
1.000000 1.000000 inf
1.000000 1.000000 inf
1.000000 1.000000 inf
1.000000 1.000000 inf
1.000000 1.000000 inf
1.000000 1.000000 inf
1.000000 1.000000 inf
1.000000 1.000000 inf
1.000000 1.000000 inf
1.000000 1.000000 inf
1.000000 1.000000 inf
1.000000 1.000000 inf
1.000000 1.000000 inf
1.000000 1.000000 inf
1.000000 1.000000 inf
1.000000 1.000000 inf
1.000000 1.000000 inf
1.000000 1.000000 inf
1.000000 1.000000 inf
1.000000 1.000000 inf
1.000000 1.000000 inf
1.000000 1.000000 inf
1.000000 -1.000000 inf
1.000000 -1.000000 inf
1.000000 1.000000 inf
1.000000 -1.000000 inf
1.000000 1.000000 inf
1.000000 1.000000 inf
1.000000 1.000000 inf
1.000000 1.000000 inf
1.000000 -1.000000 inf
1.000000 1.000000 inf
1.000000 1.000000 inf
1.000000 1.000000 inf
1.000000 1.000000 inf
1.000000 1.000000 inf
1.000000 1.000000 inf
1.000000 -2.000000 inf
1.000000 1.000000 inf
1.000000 1.000000 inf
1.000000 1.000000 inf
1.000000 1.000000 inf
1.000000 1.000000 inf
1.000000 1.000000 inf
1.000000 -1.000000 inf
1.000000 1.000000 inf
1.000000 1.000000 inf
1.000000 1.000000 inf
1.000000 1.000000 inf
1.000000 1.000000 inf
1.000000 1.000000 inf
1.000000 1.000000 inf
1.000000 1.000000 inf
1.000000 -1.000000 inf
1.000000 1.000000 inf
1.000000 1.000000 inf
1.000000 -2.828427 inf
1.000000 -1.000000 inf
1.000000 1.000000 inf
1.000000 -2.236068 inf
1.000000 1.000000 inf
1.000000 -1.000000 inf
1.000000 1.000000 inf
1.000000 1.000000 inf
1.000000 1.000000 inf
1.000000 1.000000 inf
1.000000 -1.000000 inf
1.000000 1.000000 inf
1.000000 1.000000 inf
1.000000 1.000000 inf
1.000000 -2.236068 inf
1.000000 -2.000000 inf
1.000000 -1.000000 inf
1.000000 1.000000 inf
1.000000 1.000000 inf
1.000000 1.000000 inf
1.000000 1.000000 inf
1.000000 1.000000 inf
1.000000 1.000000 inf
1.000000 1.000000 inf
1.000000 1.000000 inf
1.000000 -1.000000 inf
1.000000 -1.000000 inf
1.000000 1.000000 inf
1.000000 1.000000 inf
1.000000 1.000000 inf
1.000000 -1.000000 inf
1.000000 1.000000 inf
1.000000 1.000000 inf
1.000000 1.000000 inf
1.000000 1.000000 inf
1.000000 1.000000 inf
1.000000 1.000000 inf
1.000000 1.000000 inf
1.000000 1.000000 inf
1.000000 1.000000 inf
1.000000 -1.000000 inf
1.000000 1.000000 inf
1.000000 1.000000 inf
1.000000 1.000000 inf
1.000000 1.000000 inf
1.000000 1.000000 inf
1.000000 1.000000 inf
1.000000 1.000000 inf
1.000000 -4.123106 1.000000
1.000000 -4.123106 1.000000
1.000000 1.000000 5.385165
1.000000 -3.162278 1.000000
1.000000 -3.000000 1.000000
1.000000 -3.000000 1.000000
1.000000 -1.000000 2.236068
1.000000 -2.236068 1.000000
1.000000 -2.236068 1.000000
1.000000 -2.236068 1.000000
1.000000 -1.000000 2.236068
1.000000 -2.236068 1.000000
1.000000 -2.236068 1.000000
1.000000 -2.236068 1.000000
1.000000 -2.236068 1.000000
1.000000 -2.236068 1.000000
1.000000 1.000000 4.123106
1.000000 1.000000 4.000000
1.000000 1.000000 4.000000
1.000000 -2.000000 1.000000
1.000000 -2.000000 1.000000
1.000000 -2.000000 1.000000
1.000000 -2.000000 1.000000
1.000000 -1.000000 2.000000
1.000000 -1.000000 2.000000
1.000000 -2.000000 1.000000
1.000000 -2.000000 1.000000
1.000000 -2.000000 1.000000
1.000000 -1.000000 2.000000
1.000000 -1.000000 2.000000
1.000000 -1.000000 2.000000
1.000000 -2.000000 1.000000
1.000000 -2.000000 1.000000
1.000000 -2.000000 1.000000
1.000000 -2.000000 1.000000
1.000000 -1.000000 2.000000
1.000000 -2.000000 1.000000
1.000000 -2.000000 1.000000
1.000000 1.000000 3.605551
1.000000 1.414214 4.000000
1.000000 -1.414214 1.000000
1.000000 -1.414214 1.000000
1.000000 -1.414214 1.000000
1.000000 -1.414214 1.000000
1.000000 -1.414214 1.000000
1.000000 -1.414214 1.000000
1.000000 -1.414214 1.000000
1.000000 -1.414214 1.000000
1.000000 -1.414214 1.000000
1.000000 -1.414214 1.000000
1.000000 -1.414214 1.000000
1.000000 -1.414214 1.000000
1.000000 -1.000000 1.414214
1.000000 -1.000000 1.414214
1.000000 -1.000000 1.414214
1.000000 -1.000000 1.414214
1.000000 -1.000000 1.414214
1.000000 -1.000000 1.414214
1.000000 -1.000000 1.414214
1.000000 -1.000000 1.414214
1.000000 -1.000000 1.414214
1.000000 -1.414214 1.000000
1.000000 -1.000000 1.414214
1.000000 -1.000000 1.414214
1.000000 -1.414214 1.000000
1.000000 -1.000000 1.414214
1.000000 -1.000000 1.414214
1.000000 -1.000000 1.414214
1.000000 -1.000000 1.414214
1.000000 -1.000000 1.414214
1.000000 -1.414214 1.000000
1.000000 -1.414214 1.000000
1.000000 -1.414214 1.000000
1.000000 -1.414214 1.000000
1.000000 -1.414214 1.000000
1.000000 -1.414214 1.000000
1.000000 -1.414214 1.000000
1.000000 -1.414214 1.000000
1.000000 -1.414214 1.000000
1.000000 -1.000000 1.414214
1.000000 -1.414214 1.000000
1.000000 -1.414214 1.000000
1.000000 -1.414214 1.000000
1.000000 -1.414214 1.000000
1.000000 -1.414214 1.000000
1.000000 -1.414214 1.000000
1.000000 -1.414214 1.000000
1.000000 -1.414214 1.000000
1.000000 -1.414214 1.000000
1.000000 -1.414214 1.000000
1.000000 -1.414214 1.000000
1.000000 -1.414214 1.000000
1.000000 -1.414214 1.000000
1.000000 -1.414214 1.000000
1.000000 -1.414214 1.000000
1.000000 -1.414214 1.000000
1.000000 -1.414214 1.000000
1.000000 -1.414214 1.000000
1.000000 -1.000000 1.414214
1.000000 1.000000 3.162278
1.000000 1.000000 3.162278
1.000000 1.000000 3.162278
1.000000 1.000000 3.162278
1.000000 -1.000000 1.000000
1.000000 -1.000000 1.000000
1.000000 -1.000000 1.000000
1.000000 -1.000000 1.000000
1.000000 -1.000000 1.000000
1.000000 -1.000000 1.000000
1.000000 -1.000000 1.000000
1.000000 -1.000000 1.000000
1.000000 -1.000000 1.000000
1.000000 -1.000000 1.000000
1.000000 -1.000000 1.000000
1.000000 -1.000000 1.000000
1.000000 -1.000000 1.000000
1.000000 -1.000000 1.000000
1.000000 -1.000000 1.000000
1.000000 -1.000000 1.000000
1.000000 -1.000000 1.000000
1.000000 -1.000000 1.000000
1.000000 -1.000000 1.000000
1.000000 -1.000000 1.000000
1.000000 -1.000000 1.000000
1.000000 -1.000000 1.000000
1.000000 -1.000000 1.000000
1.000000 -1.000000 1.000000
1.000000 -1.000000 1.000000
1.000000 -1.000000 1.000000
1.000000 -1.000000 1.000000
1.000000 -1.000000 1.000000
1.000000 -1.000000 1.000000
1.000000 -1.000000 1.000000
1.000000 -1.000000 1.000000
1.000000 -1.000000 1.000000
1.000000 -1.000000 1.000000
1.000000 -1.000000 1.000000
1.000000 -1.000000 1.000000
1.000000 -1.000000 1.000000
1.000000 -1.000000 1.000000
1.000000 -1.000000 1.000000
1.000000 -1.000000 1.000000
1.000000 -1.000000 1.000000
1.000000 -1.000000 1.000000
1.000000 -1.000000 1.000000
1.000000 -1.000000 1.000000
1.000000 -1.000000 1.000000
1.000000 -1.000000 1.000000
1.000000 -1.000000 1.000000
1.000000 -1.000000 1.000000
1.000000 -1.000000 1.000000
1.000000 -1.000000 1.000000
1.000000 -1.000000 1.000000
1.000000 -1.000000 1.000000
1.000000 -1.000000 1.000000
1.000000 -1.000000 1.000000
1.000000 -1.000000 1.000000
1.000000 -1.000000 1.000000
1.000000 -1.000000 1.000000
1.000000 -1.000000 1.000000
1.000000 -1.000000 1.000000
1.000000 -1.000000 1.000000
1.000000 -1.000000 1.000000
1.000000 -1.000000 1.000000
1.000000 -1.000000 1.000000
1.000000 -1.000000 1.000000
1.000000 -1.000000 1.000000
1.000000 -1.000000 1.000000
1.000000 -1.000000 1.000000
1.000000 -1.000000 1.000000
1.000000 -1.000000 1.000000
1.000000 -1.000000 1.000000
1.000000 -1.000000 1.000000
1.000000 -1.000000 1.000000
1.000000 -1.000000 1.000000
1.000000 -1.000000 1.000000
1.000000 -1.000000 1.000000
1.000000 -1.000000 1.000000
1.000000 -1.000000 1.000000
1.000000 -1.000000 1.000000
1.000000 -1.000000 1.000000
1.000000 -1.000000 1.000000
1.000000 -1.000000 1.000000
1.000000 -1.000000 1.000000
1.000000 -1.000000 1.000000
1.000000 -1.000000 1.000000
1.000000 -1.000000 1.000000
1.000000 -1.000000 1.000000
1.000000 -1.000000 1.000000
1.000000 -1.000000 1.000000
1.000000 -1.000000 1.000000
1.000000 -1.000000 1.000000
1.000000 -1.000000 1.000000
1.000000 -1.000000 1.000000
1.000000 -1.000000 1.000000
1.000000 -1.000000 1.000000
1.000000 -1.000000 1.000000
1.000000 -1.000000 1.000000
1.000000 -1.000000 1.000000
1.000000 -1.000000 1.000000
1.000000 -1.000000 1.000000
1.000000 -1.000000 1.000000
1.000000 -1.000000 1.000000
1.000000 -1.000000 1.000000
1.000000 -1.000000 1.000000
1.000000 -1.000000 1.000000
1.000000 -1.000000 1.000000
1.000000 -1.000000 1.000000
1.000000 -1.000000 1.000000
1.000000 -1.000000 1.000000
1.000000 -1.000000 1.000000
1.000000 -1.000000 1.000000
1.000000 -1.000000 1.000000
1.000000 -1.000000 1.000000
1.000000 -1.000000 1.000000
1.000000 -1.000000 1.000000
1.000000 -1.000000 1.000000
1.000000 -1.000000 1.000000
1.000000 -1.000000 1.000000
1.000000 -1.000000 1.000000
1.000000 -1.000000 1.000000
1.000000 -1.000000 1.000000
1.000000 -1.000000 1.000000
1.000000 -1.000000 1.000000
1.000000 -1.000000 1.000000
1.000000 -1.000000 1.000000
1.000000 -1.000000 1.000000
1.000000 -1.000000 1.000000
1.000000 -1.000000 1.000000
1.000000 -1.000000 1.000000
1.000000 -1.000000 1.000000
1.000000 -1.000000 1.000000
1.000000 -1.000000 1.000000
1.000000 -1.000000 1.000000
1.000000 -1.000000 1.000000
1.000000 -1.000000 1.000000
1.000000 -1.000000 1.000000
1.000000 -1.000000 1.000000
1.000000 -1.000000 1.000000
1.000000 -1.000000 1.000000
1.000000 -1.000000 1.000000
1.000000 -1.000000 1.000000
1.000000 -1.000000 1.000000
1.000000 -1.000000 1.000000
1.000000 -1.000000 1.000000
1.000000 -1.000000 1.000000
1.000000 -1.000000 1.000000
1.000000 -1.000000 1.000000
1.000000 -1.000000 1.000000
1.000000 -1.000000 1.000000
1.000000 -1.000000 1.000000
1.000000 -1.000000 1.000000
1.000000 -1.000000 1.000000
1.000000 -1.000000 1.000000
1.000000 -1.000000 1.000000
1.000000 -1.000000 1.000000
1.000000 -1.000000 1.000000
1.000000 -1.000000 1.000000
1.000000 -1.000000 1.000000
1.000000 -1.000000 1.000000
1.000000 -1.000000 1.000000
1.000000 -1.000000 1.000000
1.000000 -1.000000 1.000000
1.000000 -1.000000 1.000000
1.000000 -1.000000 1.000000
1.000000 -1.000000 1.000000
1.000000 -1.000000 1.000000
1.000000 -1.000000 1.000000
1.000000 -1.000000 1.000000
1.000000 -1.000000 1.000000
1.000000 -1.000000 1.000000
1.000000 -1.000000 1.000000
1.000000 -1.000000 1.000000
1.000000 -1.000000 1.000000
1.000000 -1.000000 1.000000
1.000000 -1.000000 1.000000
1.000000 -1.000000 1.000000
1.000000 -1.000000 1.000000
1.000000 -1.000000 1.000000
1.000000 -1.000000 1.000000
1.000000 -1.000000 1.000000
1.000000 -1.000000 1.000000
1.000000 -1.000000 1.000000
1.000000 -1.000000 1.000000
1.000000 -1.000000 1.000000
1.000000 -1.000000 1.000000
1.000000 -1.000000 1.000000
1.000000 -1.000000 1.000000
1.000000 -1.000000 1.000000
1.000000 -1.000000 1.000000
1.000000 -1.000000 1.000000
1.000000 -1.000000 1.000000
1.000000 -1.000000 1.000000
1.000000 -1.000000 1.000000
1.000000 -1.000000 1.000000
1.000000 -1.000000 1.000000
1.000000 -1.000000 1.000000
1.000000 -1.000000 1.000000
1.000000 -1.000000 1.000000
1.000000 -1.000000 1.000000
1.000000 -1.000000 1.000000
1.000000 -1.000000 1.000000
1.000000 -1.000000 1.000000
1.000000 -1.000000 1.000000
1.000000 -1.000000 1.000000
1.000000 -1.000000 1.000000
1.000000 -1.000000 1.000000
1.000000 -1.000000 1.000000
1.000000 -1.000000 1.000000
1.000000 -1.000000 1.000000
1.000000 -1.000000 1.000000
1.000000 -1.000000 1.000000
1.000000 -1.000000 1.000000
1.000000 -1.000000 1.000000
1.000000 -1.000000 1.000000
1.000000 -1.000000 1.000000
1.000000 -1.000000 1.000000
1.000000 -1.000000 1.000000
1.000000 -1.000000 1.000000
1.000000 -1.000000 1.000000
1.000000 -1.000000 1.000000
1.000000 -1.000000 1.000000
1.000000 -1.000000 1.000000
1.000000 -1.000000 1.000000
1.000000 -1.000000 1.000000
1.000000 -1.000000 1.000000
1.000000 -1.000000 1.000000
1.000000 -1.000000 1.000000
1.000000 -1.000000 1.000000
1.000000 -1.000000 1.000000
1.000000 -1.000000 1.000000
1.000000 -1.000000 1.000000
1.000000 -1.000000 1.000000
1.000000 -1.000000 1.000000
1.000000 -1.000000 1.000000
1.000000 -1.000000 1.000000
1.000000 -1.000000 1.000000
1.000000 -1.000000 1.000000
1.000000 -1.000000 1.000000
1.000000 -1.000000 1.000000
1.000000 -1.000000 1.000000
1.000000 -1.000000 1.000000
1.000000 -1.000000 1.000000
1.000000 -1.000000 1.000000
1.000000 -1.000000 1.000000
1.000000 -1.000000 1.000000
1.000000 -1.000000 1.000000
1.000000 -1.000000 1.000000
1.000000 -1.000000 1.000000
1.000000 -1.000000 1.000000
1.000000 -1.000000 1.000000
1.000000 -1.000000 1.000000
1.000000 -1.000000 1.000000
1.000000 -1.000000 1.000000
1.000000 -1.000000 1.000000
1.000000 -1.000000 1.000000
1.000000 -1.000000 1.000000
1.000000 -1.000000 1.000000
1.000000 -1.000000 1.000000
1.000000 -1.000000 1.000000
1.000000 -1.000000 1.000000
1.000000 -1.000000 1.000000
1.000000 -1.000000 1.000000
1.000000 -1.000000 1.000000
1.000000 -1.000000 1.000000
1.000000 -1.000000 1.000000
1.000000 -1.000000 1.000000
1.000000 -1.000000 1.000000
1.000000 -1.000000 1.000000
1.000000 -1.000000 1.000000
1.000000 -1.000000 1.000000
1.000000 -1.000000 1.000000
1.000000 -1.000000 1.000000
1.000000 -1.000000 1.000000
1.000000 -1.000000 1.000000
1.000000 -1.000000 1.000000
1.000000 -1.000000 1.000000
1.000000 -1.000000 1.000000
1.000000 -1.000000 1.000000
1.000000 -1.000000 1.000000
1.000000 -1.000000 1.000000
1.000000 -1.000000 1.000000
1.000000 -1.000000 1.000000
1.000000 -1.000000 1.000000
1.000000 -1.000000 1.000000
1.000000 -1.000000 1.000000
1.000000 -1.000000 1.000000
1.000000 -1.000000 1.000000
1.000000 -1.000000 1.000000
1.000000 -1.000000 1.000000
1.000000 -1.000000 1.000000
1.000000 -1.000000 1.000000
1.000000 -1.000000 1.000000
1.000000 -1.000000 1.000000
1.000000 -1.000000 1.000000
1.000000 -1.000000 1.000000
1.000000 -1.000000 1.000000
1.000000 -1.000000 1.000000
1.000000 -1.000000 1.000000
1.000000 -1.000000 1.000000
1.000000 -1.000000 1.000000
1.000000 -1.000000 1.000000
1.000000 -1.000000 1.000000
1.000000 -1.000000 1.000000
1.000000 -1.000000 1.000000
1.000000 -1.000000 1.000000
1.000000 -1.000000 1.000000
1.000000 -1.000000 1.000000
1.000000 -1.000000 1.000000
1.000000 -1.000000 1.000000
1.000000 -1.000000 1.000000
1.000000 -1.000000 1.000000
1.000000 -1.000000 1.000000
1.000000 -1.000000 1.000000
1.000000 -1.000000 1.000000
1.000000 -1.000000 1.000000
1.000000 -1.000000 1.000000
1.000000 -1.000000 1.000000
1.000000 -1.000000 1.000000
1.000000 -1.000000 1.000000
1.000000 -1.000000 1.000000
1.000000 -1.000000 1.000000
1.000000 -1.000000 1.000000
1.000000 -1.000000 1.000000
1.000000 -1.000000 1.000000
1.000000 -1.000000 1.000000
1.000000 -1.000000 1.000000
1.000000 -1.000000 1.000000
1.000000 -1.000000 1.000000
1.000000 -1.000000 1.000000
1.000000 -1.000000 1.000000
1.000000 -1.000000 1.000000
1.000000 -1.000000 1.000000
1.000000 -1.000000 1.000000
1.000000 -1.000000 1.000000
1.000000 -1.000000 1.000000
1.000000 -1.000000 1.000000
1.000000 -1.000000 1.000000
1.000000 -1.000000 1.000000
1.000000 -1.000000 1.000000
1.000000 -1.000000 1.000000
1.000000 -1.000000 1.000000
1.000000 -1.000000 1.000000
1.000000 -1.000000 1.000000
1.000000 -1.000000 1.000000
1.000000 -1.000000 1.000000
1.000000 -1.000000 1.000000
1.000000 -1.000000 1.000000
1.000000 -1.000000 1.000000
1.000000 -1.000000 1.000000
1.000000 -1.000000 1.000000
1.000000 -1.000000 1.000000
1.000000 -1.000000 1.000000
1.000000 -1.000000 1.000000
1.000000 -1.000000 1.000000
1.000000 -1.000000 1.000000
1.000000 -1.000000 1.000000
1.000000 -1.000000 1.000000
1.000000 -1.000000 1.000000
1.000000 -1.000000 1.000000
1.000000 -1.000000 1.000000
1.000000 -1.000000 1.000000
1.000000 -1.000000 1.000000
1.000000 -1.000000 1.000000
1.000000 -1.000000 1.000000
1.000000 -1.000000 1.000000
1.000000 -1.000000 1.000000
1.000000 -1.000000 1.000000
1.000000 -1.000000 1.000000
1.000000 -1.000000 1.000000
1.000000 -1.000000 1.000000
1.000000 -1.000000 1.000000
1.000000 -1.000000 1.000000
1.000000 -1.000000 1.000000
1.000000 -1.000000 1.000000
1.000000 -1.000000 1.000000
1.000000 -1.000000 1.000000
1.000000 -1.000000 1.000000
1.000000 -1.000000 1.000000
1.000000 -1.000000 1.000000
1.000000 -1.000000 1.000000
1.000000 -1.000000 1.000000
1.000000 -1.000000 1.000000
1.000000 -1.000000 1.000000
1.000000 -1.000000 1.000000
1.000000 -1.000000 1.000000
1.000000 -1.000000 1.000000
1.000000 -1.000000 1.000000
1.000000 -1.000000 1.000000
1.000000 -1.000000 1.000000
1.000000 -1.000000 1.000000
1.000000 -1.000000 1.000000
1.000000 -1.000000 1.000000
1.000000 -1.000000 1.000000
1.000000 -1.000000 1.000000
1.000000 -1.000000 1.000000
1.000000 -1.000000 1.000000
1.000000 -1.000000 1.000000
1.000000 -1.000000 1.000000
1.000000 -1.000000 1.000000
1.000000 -1.000000 1.000000
1.000000 -1.000000 1.000000
1.000000 -1.000000 1.000000
1.000000 -1.000000 1.000000
1.000000 -1.000000 1.000000
1.000000 -1.000000 1.000000
1.000000 -1.000000 1.000000
1.000000 -1.000000 1.000000
1.000000 -1.000000 1.000000
1.000000 -1.000000 1.000000
1.000000 -1.000000 1.000000
1.000000 -1.000000 1.000000
1.000000 -1.000000 1.000000
1.000000 -1.000000 1.000000
1.000000 -1.000000 1.000000
1.000000 -1.000000 1.000000
1.000000 -1.000000 1.000000
1.000000 -1.000000 1.000000
1.000000 -1.000000 1.000000
1.000000 -1.000000 1.000000
1.000000 -1.000000 1.000000
1.000000 -1.000000 1.000000
1.000000 -1.000000 1.000000
1.000000 -1.000000 1.000000
1.000000 -1.000000 1.000000
1.000000 -1.000000 1.000000
1.000000 -1.000000 1.000000
1.000000 -1.000000 1.000000
1.000000 -1.000000 1.000000
1.000000 -1.000000 1.000000
1.000000 -1.000000 1.000000
1.000000 -1.000000 1.000000
1.000000 -1.000000 1.000000
1.000000 -1.000000 1.000000
1.000000 -1.000000 1.000000
1.000000 -1.000000 1.000000
1.000000 -1.000000 1.000000
1.000000 -1.000000 1.000000
1.000000 -1.000000 1.000000
1.000000 -1.000000 1.000000
1.000000 -1.000000 1.000000
1.000000 -1.000000 1.000000
1.000000 -1.000000 1.000000
1.000000 -1.000000 1.000000
1.000000 -1.000000 1.000000
1.000000 -1.000000 1.000000
1.000000 -1.000000 1.000000
1.000000 -1.000000 1.000000
1.000000 -1.000000 1.000000
1.000000 -1.000000 1.000000
1.000000 -1.000000 1.000000
1.000000 -1.000000 1.000000
1.000000 -1.000000 1.000000
1.000000 -1.000000 1.000000
1.000000 -1.000000 1.000000
1.000000 -1.000000 1.000000
1.000000 -1.000000 1.000000
1.000000 -1.000000 1.000000
1.000000 -1.000000 1.000000
1.000000 -1.000000 1.000000
1.000000 -1.000000 1.000000
1.000000 -1.000000 1.000000
1.000000 -1.000000 1.000000
1.000000 -1.000000 1.000000
1.000000 -1.000000 1.000000
1.000000 -1.000000 1.000000
1.000000 -1.000000 1.000000
1.000000 -1.000000 1.000000
1.000000 -1.000000 1.000000
1.000000 -1.000000 1.000000
1.000000 -1.000000 1.000000
1.000000 -1.000000 1.000000
1.000000 -1.000000 1.000000
1.000000 -1.000000 1.000000
1.000000 -1.000000 1.000000
1.000000 -1.000000 1.000000
1.000000 -1.000000 1.000000
1.000000 -1.000000 1.000000
1.000000 -1.000000 1.000000
1.000000 -1.000000 1.000000
1.000000 -1.000000 1.000000
1.000000 -1.000000 1.000000
1.000000 -1.000000 1.000000
1.000000 -1.000000 1.000000
1.000000 -1.000000 1.000000
1.000000 -1.000000 1.000000
1.000000 -1.000000 1.000000
1.000000 -1.000000 1.000000
1.000000 -1.000000 1.000000
1.000000 -1.000000 1.000000
1.000000 -1.000000 1.000000
1.000000 -1.000000 1.000000
1.000000 -1.000000 1.000000
1.000000 -1.000000 1.000000
1.000000 -1.000000 1.000000
1.000000 -1.000000 1.000000
1.000000 -1.000000 1.000000
1.000000 -1.000000 1.000000
1.000000 -1.000000 1.000000
1.000000 -1.000000 1.000000
1.000000 -1.000000 1.000000
1.000000 -1.000000 1.000000
1.000000 -1.000000 1.000000
1.000000 -1.000000 1.000000
1.000000 -1.000000 1.000000
1.000000 -1.000000 1.000000
1.000000 -1.000000 1.000000
1.000000 -1.000000 1.000000
1.000000 -1.000000 1.000000
1.000000 -1.000000 1.000000
1.000000 -1.000000 1.000000
1.000000 -1.000000 1.000000
1.000000 -1.000000 1.000000
1.000000 -1.000000 1.000000
1.000000 -1.000000 1.000000
1.000000 -1.000000 1.000000
1.000000 -1.000000 1.000000
1.000000 -1.000000 1.000000
1.000000 -1.000000 1.000000
1.000000 -1.000000 1.000000
1.000000 -1.000000 1.000000
1.000000 -1.000000 1.000000
1.000000 -1.000000 1.000000
1.000000 -1.000000 1.000000
1.000000 -1.000000 1.000000
1.000000 -1.000000 1.000000
1.000000 -1.000000 1.000000
1.000000 -1.000000 1.000000
1.000000 -1.000000 1.000000
1.000000 -1.000000 1.000000
1.000000 -1.000000 1.000000
1.000000 -1.000000 1.000000
1.000000 -1.000000 1.000000
1.000000 -1.000000 1.000000
1.000000 -1.000000 1.000000
1.000000 -1.000000 1.000000
1.000000 -1.000000 1.000000
1.000000 -1.000000 1.000000
1.000000 -1.000000 1.000000
1.000000 -1.000000 1.000000
1.000000 -1.000000 1.000000
1.000000 -1.000000 1.000000
1.000000 -1.000000 1.000000
1.000000 -1.000000 1.000000
1.000000 -1.000000 1.000000
1.000000 -1.000000 1.000000
1.000000 -1.000000 1.000000
1.000000 -1.000000 1.000000
1.000000 -1.000000 1.000000
1.000000 -1.000000 1.000000
1.000000 -1.000000 1.000000
1.000000 -1.000000 1.000000
1.000000 -1.000000 1.000000
1.000000 -1.000000 1.000000
1.000000 -1.000000 1.000000
1.000000 -1.000000 1.000000
1.000000 -1.000000 1.000000
1.000000 -1.000000 1.000000
1.000000 -1.000000 1.000000
1.000000 -1.000000 1.000000
1.000000 -1.000000 1.000000
1.000000 -1.000000 1.000000
1.000000 -1.000000 1.000000
1.000000 -1.000000 1.000000
1.000000 -1.000000 1.000000
1.000000 -1.000000 1.000000
1.000000 -1.000000 1.000000
1.000000 -1.000000 1.000000
1.000000 -1.000000 1.000000
1.000000 -1.000000 1.000000
1.000000 -1.000000 1.000000
1.000000 -1.000000 1.000000
1.000000 -1.000000 1.000000
1.000000 -1.000000 1.000000
1.000000 -1.000000 1.000000
1.000000 -1.000000 1.000000
1.000000 -1.000000 1.000000
1.000000 -1.000000 1.000000
1.000000 -1.000000 1.000000
1.000000 -1.000000 1.000000
1.000000 -1.000000 1.000000
1.000000 -1.000000 1.000000
1.000000 -1.000000 1.000000
1.000000 -1.000000 1.000000
1.000000 -1.000000 1.000000
1.000000 -1.000000 1.000000
1.000000 -1.000000 1.000000
1.000000 -1.000000 1.000000
1.000000 -1.000000 1.000000
1.000000 -1.000000 1.000000
1.000000 -1.000000 1.000000
1.000000 -1.000000 1.000000
1.000000 -1.000000 1.000000
1.000000 -1.000000 1.000000
1.000000 -1.000000 1.000000
1.000000 -1.000000 1.000000
1.000000 -1.000000 1.000000
1.000000 -1.000000 1.000000
1.000000 -1.000000 1.000000
1.000000 -1.000000 1.000000
1.000000 -1.000000 1.000000
1.000000 -1.000000 1.000000
1.000000 -1.000000 1.000000
1.000000 -1.000000 1.000000
1.000000 -1.000000 1.000000
1.000000 -1.000000 1.000000
1.000000 -1.000000 1.000000
1.000000 -1.000000 1.000000
1.000000 -1.000000 1.000000
1.000000 -1.000000 1.000000
1.000000 -1.000000 1.000000
1.000000 -1.000000 1.000000
1.000000 -1.000000 1.000000
1.000000 -1.000000 1.000000
1.000000 -1.000000 1.000000
1.000000 -1.000000 1.000000
1.000000 -1.000000 1.000000
1.000000 -1.000000 1.000000
1.000000 -1.000000 1.000000
1.000000 -1.000000 1.000000
1.000000 -1.000000 1.000000
1.000000 -1.000000 1.000000
1.000000 -1.000000 1.000000
1.000000 -1.000000 1.000000
1.000000 -1.000000 1.000000
1.000000 -1.000000 1.000000
1.000000 -1.000000 1.000000
1.000000 -1.000000 1.000000
1.000000 -1.000000 1.000000
1.000000 -1.000000 1.000000
1.000000 -1.000000 1.000000
1.000000 -1.000000 1.000000
1.000000 -1.000000 1.000000
1.000000 -1.000000 1.000000
1.000000 -1.000000 1.000000
1.000000 -1.000000 1.000000
1.000000 -1.000000 1.000000
1.000000 -1.000000 1.000000
1.000000 -1.000000 1.000000
1.000000 -1.000000 1.000000
1.000000 -1.000000 1.000000
1.000000 -1.000000 1.000000
1.000000 -1.000000 1.000000
1.000000 -1.000000 1.000000
1.000000 -1.000000 1.000000
1.000000 -1.000000 1.000000
1.000000 -1.000000 1.000000
1.000000 -1.000000 1.000000
1.000000 -1.000000 1.000000
1.000000 -1.000000 1.000000
1.000000 -1.000000 1.000000
1.000000 -1.000000 1.000000
1.000000 -1.000000 1.000000
1.000000 -1.000000 1.000000
1.000000 -1.000000 1.000000
1.000000 -1.000000 1.000000
1.000000 -1.000000 1.000000
1.000000 -1.000000 1.000000
1.000000 -1.000000 1.000000
1.000000 -1.000000 1.000000
1.000000 -1.000000 1.000000
1.000000 -1.000000 1.000000
1.000000 -1.000000 1.000000
1.000000 -1.000000 1.000000
1.000000 -1.000000 1.000000
1.000000 -1.000000 1.000000
1.000000 -1.000000 1.000000
1.000000 -1.000000 1.000000
1.000000 -1.000000 1.000000
1.000000 -1.000000 1.000000
1.000000 -1.000000 1.000000
1.000000 -1.000000 1.000000
1.000000 -1.000000 1.000000
1.000000 -1.000000 1.000000
1.000000 -1.000000 1.000000
1.000000 -1.000000 1.000000
1.000000 -1.000000 1.000000
1.000000 -1.000000 1.000000
1.000000 -1.000000 1.000000
1.000000 -1.000000 1.000000
1.000000 -1.000000 1.000000
1.000000 -1.000000 1.000000
1.000000 1.000000 3.000000
1.000000 1.000000 3.000000
1.000000 1.000000 3.000000
1.000000 1.000000 3.000000
1.000000 1.000000 3.000000
1.000000 1.000000 3.000000
1.000000 -1.000000 1.000000
1.000000 -1.000000 1.000000
1.000000 -1.000000 1.000000
1.000000 -1.000000 1.000000
1.000000 -1.000000 1.000000
1.000000 -1.000000 1.000000
1.000000 -1.000000 1.000000
1.000000 -1.000000 1.000000
1.000000 -1.000000 1.000000
1.000000 -1.000000 1.000000
1.000000 -1.000000 1.000000
1.000000 -1.000000 1.000000
1.000000 -1.000000 1.000000
1.000000 -1.000000 1.000000
1.000000 -1.000000 1.000000
1.000000 1.000000 2.828427
1.000000 1.000000 2.828427
1.000000 1.000000 2.828427
1.000000 1.000000 2.828427
1.000000 1.000000 2.828427
1.000000 1.000000 2.828427
1.000000 1.000000 2.828427
1.000000 1.000000 2.828427
1.000000 1.000000 2.828427
1.000000 1.000000 2.828427
1.000000 1.000000 2.828427
1.000000 1.000000 2.828427
1.000000 1.000000 2.828427
1.000000 1.000000 2.828427
1.000000 1.414214 3.162278
1.000000 1.414214 3.162278
1.000000 1.414214 3.162278
1.000000 1.414214 2.828427
1.000000 1.000000 2.236068
1.000000 1.000000 2.236068
1.000000 1.000000 2.236068
1.000000 1.000000 2.236068
1.000000 1.000000 2.236068
1.000000 1.000000 2.236068
1.000000 1.000000 2.236068
1.000000 1.000000 2.236068
1.000000 1.000000 2.236068
1.000000 1.000000 2.236068
1.000000 1.000000 2.236068
1.000000 1.000000 2.236068
1.000000 1.000000 2.236068
1.000000 1.000000 2.236068
1.000000 1.000000 2.236068
1.000000 1.000000 2.236068
1.000000 1.000000 2.236068
1.000000 1.000000 2.236068
1.000000 1.000000 2.236068
1.000000 1.000000 2.236068
1.000000 1.000000 2.236068
1.000000 1.000000 2.000000
1.000000 1.000000 2.000000
1.000000 1.000000 2.000000
1.000000 1.000000 2.000000
1.000000 1.000000 2.000000
1.000000 1.000000 2.000000
1.000000 1.000000 2.000000
1.000000 1.000000 2.000000
1.000000 1.000000 2.000000
1.000000 1.000000 2.000000
1.000000 1.000000 2.000000
1.000000 1.000000 2.000000
1.000000 1.000000 2.000000
1.000000 1.000000 2.000000
1.000000 1.000000 2.000000
1.000000 1.000000 2.000000
1.000000 1.000000 2.000000
1.000000 1.000000 2.000000
1.000000 1.000000 2.000000
1.000000 1.000000 2.000000
1.000000 1.000000 2.000000
1.000000 1.000000 2.000000
1.000000 1.000000 2.000000
1.000000 1.000000 2.000000
1.000000 1.000000 2.000000
1.000000 1.000000 2.000000
1.000000 1.000000 2.000000
1.000000 1.000000 2.000000
1.000000 1.000000 2.000000
1.000000 1.000000 2.000000
1.000000 1.000000 2.000000
1.000000 1.000000 2.000000
1.000000 1.000000 2.000000
1.000000 1.000000 2.000000
1.000000 1.000000 2.000000
1.000000 1.000000 2.000000
1.000000 1.000000 2.000000
1.000000 1.000000 2.000000
1.000000 1.000000 2.000000
1.000000 1.000000 2.000000
1.000000 1.000000 2.000000
1.000000 1.000000 2.000000
1.000000 1.000000 2.000000
1.000000 1.000000 2.000000
1.000000 1.000000 2.000000
1.000000 1.000000 2.000000
1.000000 1.000000 2.000000
1.000000 1.000000 2.000000
1.000000 1.414214 2.236068
1.000000 1.414214 2.236068
1.000000 1.414214 2.236068
1.000000 1.414214 2.236068
1.000000 1.414214 2.236068
1.000000 1.414214 2.236068
1.000000 1.414214 2.236068
1.000000 1.414214 2.236068
1.000000 1.414214 2.236068
1.000000 1.414214 2.236068
1.000000 1.414214 2.236068
1.000000 1.414214 2.236068
1.000000 1.414214 2.236068
1.000000 1.414214 2.236068
1.000000 2.236068 3.000000
1.000000 2.236068 3.000000
1.000000 2.236068 2.828427
1.000000 2.236068 2.828427
1.000000 2.236068 2.828427
1.000000 2.236068 2.828427
1.000000 2.236068 2.828427
1.000000 2.236068 2.828427
1.000000 2.236068 2.828427
1.000000 2.236068 2.828427
1.000000 2.236068 2.828427
1.000000 2.236068 2.828427
1.000000 2.236068 2.828427
1.000000 2.236068 2.828427
1.000000 2.236068 2.828427
1.000000 1.414214 2.000000
1.000000 1.414214 2.000000
1.000000 1.414214 2.000000
1.000000 1.414214 2.000000
1.000000 1.414214 2.000000
1.000000 1.414214 2.000000
1.000000 1.414214 2.000000
1.000000 1.414214 2.000000
1.000000 1.414214 2.000000
1.000000 1.414214 2.000000
1.000000 1.414214 2.000000
1.000000 1.414214 2.000000
1.000000 1.414214 2.000000
1.000000 1.414214 2.000000
1.000000 1.414214 2.000000
1.000000 1.414214 2.000000
1.000000 1.414214 2.000000
1.000000 1.414214 2.000000
1.000000 1.414214 2.000000
1.000000 1.414214 2.000000
1.000000 1.414214 2.000000
1.000000 1.414214 2.000000
1.000000 1.414214 2.000000
1.000000 1.414214 2.000000
1.000000 1.414214 2.000000
1.000000 1.414214 2.000000
1.000000 1.414214 2.000000
1.000000 1.414214 2.000000
1.000000 1.414214 2.000000
1.000000 3.162278 3.605551
1.000000 3.162278 3.605551
1.000000 3.162278 3.605551
1.000000 3.162278 3.605551
1.000000 1.000000 1.414214
1.000000 1.000000 1.414214
1.000000 1.000000 1.414214
1.000000 1.000000 1.414214
1.000000 1.000000 1.414214
1.000000 1.000000 1.414214
1.000000 1.000000 1.414214
1.000000 1.000000 1.414214
1.000000 1.000000 1.414214
1.000000 1.000000 1.414214
1.000000 1.000000 1.414214
1.000000 1.000000 1.414214
1.000000 1.000000 1.414214
1.000000 1.000000 1.414214
1.000000 1.000000 1.414214
1.000000 1.000000 1.414214
1.000000 1.000000 1.414214
1.000000 1.000000 1.414214
1.000000 1.000000 1.414214
1.000000 1.000000 1.414214
1.000000 1.000000 1.414214
1.000000 1.000000 1.414214
1.000000 1.000000 1.414214
1.000000 1.000000 1.414214
1.000000 1.000000 1.414214
1.000000 1.000000 1.414214
1.000000 1.000000 1.414214
1.000000 1.000000 1.414214
1.000000 1.000000 1.414214
1.000000 1.000000 1.414214
1.000000 1.000000 1.414214
1.000000 1.000000 1.414214
1.000000 1.000000 1.414214
1.000000 1.000000 1.414214
1.000000 1.000000 1.414214
1.000000 1.000000 1.414214
1.000000 1.000000 1.414214
1.000000 1.000000 1.414214
1.000000 1.000000 1.414214
1.000000 1.000000 1.414214
1.000000 1.000000 1.414214
1.000000 1.000000 1.414214
1.000000 1.000000 1.414214
1.000000 1.000000 1.414214
1.000000 1.000000 1.414214
1.000000 1.000000 1.414214
1.000000 1.000000 1.414214
1.000000 1.000000 1.414214
1.000000 1.000000 1.414214
1.000000 1.000000 1.414214
1.000000 1.000000 1.414214
1.000000 1.000000 1.414214
1.000000 1.000000 1.414214
1.000000 1.000000 1.414214
1.000000 1.000000 1.414214
1.000000 1.000000 1.414214
1.000000 1.000000 1.414214
1.000000 1.000000 1.414214
1.000000 1.000000 1.414214
1.000000 1.000000 1.414214
1.000000 1.000000 1.414214
1.000000 1.000000 1.414214
1.000000 1.000000 1.414214
1.000000 1.000000 1.414214
1.000000 1.000000 1.414214
1.000000 1.000000 1.414214
1.000000 1.000000 1.414214
1.000000 1.000000 1.414214
1.000000 1.000000 1.414214
1.000000 1.000000 1.414214
1.000000 1.000000 1.414214
1.000000 1.000000 1.414214
1.000000 1.000000 1.414214
1.000000 1.000000 1.414214
1.000000 1.000000 1.414214
1.000000 1.000000 1.414214
1.000000 1.000000 1.414214
1.000000 1.000000 1.414214
1.000000 1.000000 1.414214
1.000000 1.000000 1.414214
1.000000 1.000000 1.414214
1.000000 1.000000 1.414214
1.000000 1.000000 1.414214
1.000000 1.000000 1.414214
1.000000 1.000000 1.414214
1.000000 1.000000 1.414214
1.000000 1.000000 1.414214
1.000000 1.000000 1.414214
1.000000 1.000000 1.414214
1.000000 1.000000 1.414214
1.000000 1.000000 1.414214
1.000000 1.000000 1.414214
1.000000 1.000000 1.414214
1.000000 1.000000 1.414214
1.000000 1.000000 1.414214
1.000000 1.000000 1.414214
1.000000 1.000000 1.414214
1.000000 1.000000 1.414214
1.000000 1.000000 1.414214
1.000000 1.000000 1.414214
1.000000 1.000000 1.414214
1.000000 1.000000 1.414214
1.000000 1.000000 1.414214
1.000000 1.000000 1.414214
1.000000 1.000000 1.414214
1.000000 1.000000 1.414214
1.000000 1.000000 1.414214
1.000000 1.000000 1.414214
1.000000 1.000000 1.414214
1.000000 1.000000 1.414214
1.000000 1.000000 1.414214
1.000000 1.000000 1.414214
1.000000 1.000000 1.414214
1.000000 1.000000 1.414214
1.000000 1.000000 1.414214
1.000000 1.000000 1.414214
1.000000 1.000000 1.414214
1.000000 1.000000 1.414214
1.000000 1.000000 1.414214
1.000000 1.000000 1.414214
1.000000 1.000000 1.414214
1.000000 1.000000 1.414214
1.000000 1.000000 1.414214
1.000000 1.000000 1.414214
1.000000 1.000000 1.414214
1.000000 1.000000 1.414214
1.000000 1.000000 1.414214
1.000000 1.000000 1.414214
1.000000 1.000000 1.414214
1.000000 1.000000 1.414214
1.000000 1.000000 1.414214
1.000000 1.000000 1.414214
1.000000 1.000000 1.414214
1.000000 1.000000 1.414214
1.000000 1.000000 1.414214
1.000000 1.000000 1.414214
1.000000 1.000000 1.414214
1.000000 1.000000 1.414214
1.000000 1.000000 1.414214
1.000000 1.000000 1.414214
1.000000 1.000000 1.414214
1.000000 1.000000 1.414214
1.000000 1.000000 1.414214
1.000000 1.000000 1.414214
1.000000 1.000000 1.414214
1.000000 1.000000 1.414214
1.000000 1.000000 1.414214
1.000000 1.000000 1.414214
1.000000 1.000000 1.414214
1.000000 1.000000 1.414214
1.000000 1.000000 1.414214
1.000000 1.000000 1.414214
1.000000 1.000000 1.414214
1.000000 1.000000 1.414214
1.000000 1.000000 1.414214
1.000000 1.000000 1.414214
1.000000 1.000000 1.414214
1.000000 1.000000 1.414214
1.000000 1.000000 1.414214
1.000000 1.000000 1.414214
1.000000 1.000000 1.414214
1.000000 1.000000 1.414214
1.000000 1.000000 1.414214
1.000000 1.000000 1.414214
1.000000 1.000000 1.414214
1.000000 1.000000 1.414214
1.000000 1.000000 1.414214
1.000000 1.000000 1.414214
1.000000 1.000000 1.414214
1.000000 1.000000 1.414214
1.000000 1.000000 1.414214
1.000000 1.000000 1.414214
1.000000 1.000000 1.414214
1.000000 1.000000 1.414214
1.000000 1.000000 1.414214
1.000000 1.000000 1.414214
1.000000 1.000000 1.414214
1.000000 1.000000 1.414214
1.000000 1.000000 1.414214
1.000000 1.000000 1.414214
1.000000 1.000000 1.414214
1.000000 1.000000 1.414214
1.000000 1.000000 1.414214
1.000000 1.000000 1.414214
1.000000 1.000000 1.414214
1.000000 1.000000 1.414214
1.000000 1.000000 1.414214
1.000000 1.000000 1.414214
1.000000 1.000000 1.414214
1.000000 1.000000 1.414214
1.000000 1.000000 1.414214
1.000000 1.000000 1.414214
1.000000 1.000000 1.414214
1.000000 1.000000 1.414214
1.000000 1.000000 1.414214
1.000000 1.000000 1.414214
1.000000 1.000000 1.414214
1.000000 1.000000 1.414214
1.000000 1.000000 1.414214
1.000000 1.000000 1.414214
1.000000 1.000000 1.414214
1.000000 1.000000 1.414214
1.000000 1.000000 1.414214
1.000000 1.000000 1.414214
1.000000 1.000000 1.414214
1.000000 1.000000 1.414214
1.000000 1.000000 1.414214
1.000000 1.000000 1.414214
1.000000 1.000000 1.414214
1.000000 1.000000 1.414214
1.000000 1.000000 1.414214
1.000000 1.000000 1.414214
1.000000 1.000000 1.414214
1.000000 1.000000 1.414214
1.000000 1.000000 1.414214
1.000000 1.000000 1.414214
1.000000 1.000000 1.414214
1.000000 1.000000 1.414214
1.000000 1.000000 1.414214
1.000000 1.000000 1.414214
1.000000 1.000000 1.414214
1.000000 1.000000 1.414214
1.000000 1.000000 1.414214
1.000000 1.000000 1.414214
1.000000 1.000000 1.414214
1.000000 1.000000 1.414214
1.000000 1.000000 1.414214
1.000000 1.000000 1.414214
1.000000 1.000000 1.414214
1.000000 1.000000 1.414214
1.000000 1.000000 1.414214
1.000000 1.000000 1.414214
1.000000 1.000000 1.414214
1.000000 1.000000 1.414214
1.000000 1.000000 1.414214
1.000000 1.000000 1.414214
1.000000 1.000000 1.414214
1.000000 1.000000 1.414214
1.000000 1.000000 1.414214
1.000000 1.000000 1.414214
1.000000 1.000000 1.414214
1.000000 1.000000 1.414214
1.000000 1.000000 1.414214
1.000000 1.000000 1.414214
1.000000 1.000000 1.414214
1.000000 1.000000 1.414214
1.000000 1.000000 1.414214
1.000000 1.000000 1.414214
1.000000 1.000000 1.414214
1.000000 1.000000 1.414214
1.000000 1.000000 1.414214
1.000000 1.000000 1.414214
1.000000 1.000000 1.414214
1.000000 1.000000 1.414214
1.000000 1.000000 1.414214
1.000000 1.000000 1.414214
1.000000 1.000000 1.414214
1.000000 1.000000 1.414214
1.000000 1.000000 1.414214
1.000000 1.000000 1.414214
1.000000 1.000000 1.414214
1.000000 1.000000 1.414214
1.000000 1.000000 1.414214
1.000000 1.000000 1.414214
1.000000 1.000000 1.414214
1.000000 1.000000 1.414214
1.000000 1.000000 1.414214
1.000000 1.000000 1.414214
1.000000 1.000000 1.414214
1.000000 1.000000 1.414214
1.000000 1.000000 1.414214
1.000000 1.000000 1.414214
1.000000 1.000000 1.414214
1.000000 1.000000 1.414214
1.000000 1.000000 1.414214
1.000000 1.000000 1.414214
1.000000 1.000000 1.414214
1.000000 1.000000 1.414214
1.000000 1.000000 1.414214
1.000000 1.000000 1.414214
1.000000 1.000000 1.414214
1.000000 1.000000 1.414214
1.000000 1.000000 1.414214
1.000000 1.000000 1.414214
1.000000 1.000000 1.414214
1.000000 1.000000 1.414214
1.000000 1.000000 1.414214
1.000000 1.000000 1.414214
1.000000 1.000000 1.414214
1.000000 1.000000 1.414214
1.000000 1.000000 1.414214
1.000000 1.000000 1.414214
1.000000 1.000000 1.414214
1.000000 1.000000 1.414214
1.000000 1.000000 1.414214
1.000000 1.000000 1.414214
1.000000 1.000000 1.414214
1.000000 1.000000 1.414214
1.000000 1.000000 1.414214
1.000000 1.000000 1.414214
1.000000 1.000000 1.414214
1.000000 1.000000 1.414214
1.000000 1.000000 1.414214
1.000000 1.000000 1.414214
1.000000 1.000000 1.414214
1.000000 1.000000 1.414214
1.000000 1.000000 1.414214
1.000000 1.000000 1.414214
1.000000 1.000000 1.414214
1.000000 1.000000 1.414214
1.000000 2.828427 3.162278
1.000000 2.828427 3.162278
1.000000 2.828427 3.162278
1.000000 2.000000 2.236068
1.000000 2.000000 2.236068
1.000000 2.000000 2.236068
1.000000 2.000000 2.236068
1.000000 2.000000 2.236068
1.000000 2.000000 2.236068
1.000000 2.000000 2.236068
1.000000 2.000000 2.236068
1.000000 2.000000 2.236068
1.000000 2.000000 2.236068
1.000000 2.000000 2.236068
1.000000 2.000000 2.236068
1.000000 2.000000 2.236068
1.000000 2.000000 2.236068
1.000000 2.000000 2.236068
1.000000 2.000000 2.236068
1.000000 2.000000 2.236068
1.000000 2.000000 2.236068
1.000000 2.000000 2.236068
1.000000 2.000000 2.236068
1.000000 2.000000 2.236068
1.000000 2.000000 2.236068
1.000000 2.000000 2.236068
1.000000 2.000000 2.236068
1.000000 2.000000 2.236068
1.000000 2.000000 2.236068
1.000000 2.000000 2.236068
1.000000 2.000000 2.236068
1.000000 2.000000 2.236068
1.000000 2.000000 2.236068
1.000000 2.000000 2.236068
1.000000 2.000000 2.236068
1.000000 2.000000 2.236068
1.000000 2.000000 2.236068
1.000000 2.000000 2.236068
1.000000 2.000000 2.236068
1.000000 2.000000 2.236068
1.000000 2.000000 2.236068
1.000000 2.000000 2.236068
1.000000 2.000000 2.236068
1.000000 2.000000 2.236068
1.000000 2.000000 2.236068
1.000000 2.000000 2.236068
1.000000 2.000000 2.236068
1.000000 2.000000 2.236068
1.000000 2.000000 2.236068
1.000000 2.000000 2.236068
1.000000 2.828427 3.000000
1.000000 2.828427 3.000000
1.000000 2.828427 3.000000
1.000000 3.000000 3.162278
1.000000 3.000000 3.162278
1.000000 3.000000 3.162278
1.000000 4.000000 4.123106
1.000000 5.000000 5.099020
0.000000 1.000000 inf
0.000000 1.000000 inf
0.000000 1.000000 inf
0.000000 1.000000 inf
0.000000 -3.162278 inf
0.000000 -12.369317 inf
0.000000 1.000000 inf
0.000000 -1.414214 inf
0.000000 -1.414214 inf
0.000000 1.000000 inf
0.000000 -1.414214 inf
0.000000 -2.000000 inf
0.000000 1.000000 inf
0.000000 1.000000 inf
0.000000 1.000000 inf
0.000000 1.000000 inf
0.000000 1.000000 inf
0.000000 1.000000 inf
0.000000 1.000000 inf
0.000000 1.000000 inf
0.000000 1.000000 inf
0.000000 1.000000 inf
0.000000 -1.000000 inf
0.000000 1.000000 inf
0.000000 -11.180340 1.000000
0.000000 -7.810250 1.000000
0.000000 -8.602325 -1.000000
0.000000 -8.062258 -1.000000
0.000000 -10.440307 -4.000000
0.000000 -8.246211 -2.236068
0.000000 -7.280110 -2.000000
0.000000 -4.242641 1.000000
0.000000 -7.071068 -2.000000
0.000000 -9.899495 -5.000000
0.000000 -5.830952 -1.000000
0.000000 -2.236068 1.000000
0.000000 -2.236068 1.000000
0.000000 -6.000000 -2.828427
0.000000 -5.385165 -2.236068
0.000000 -5.099020 -2.000000
0.000000 -2.000000 1.000000
0.000000 -2.000000 1.000000
0.000000 -2.000000 1.000000
0.000000 -4.242641 -1.414214
0.000000 -4.123106 -1.414214
0.000000 -5.385165 -2.828427
0.000000 -5.656854 -3.162278
0.000000 -1.414214 1.000000
0.000000 -1.414214 1.000000
0.000000 -1.414214 1.000000
0.000000 -1.414214 1.000000
0.000000 -1.414214 1.000000
0.000000 -1.414214 1.000000
0.000000 -1.414214 1.000000
0.000000 -1.414214 1.000000
0.000000 -1.414214 1.000000
0.000000 -1.414214 1.000000
0.000000 -6.000000 -3.605551
0.000000 -4.242641 -2.000000
0.000000 -4.472136 -2.236068
0.000000 -4.472136 -2.236068
0.000000 -3.162278 -1.000000
0.000000 -4.123106 -2.000000
0.000000 -1.000000 1.000000
0.000000 -1.000000 1.000000
0.000000 -1.000000 1.000000
0.000000 -1.000000 1.000000
0.000000 -1.000000 1.000000
0.000000 -1.000000 1.000000
0.000000 -1.000000 1.000000
0.000000 -1.000000 1.000000
0.000000 -1.000000 1.000000
0.000000 -1.000000 1.000000
0.000000 -1.000000 1.000000
0.000000 -1.000000 1.000000
0.000000 -1.000000 1.000000
0.000000 -1.000000 1.000000
0.000000 -1.000000 1.000000
0.000000 -1.000000 1.000000
0.000000 -1.000000 1.000000
0.000000 -1.000000 1.000000
0.000000 -1.000000 1.000000
0.000000 -1.000000 1.000000
0.000000 -1.000000 1.000000
0.000000 -1.000000 1.000000
0.000000 -1.000000 1.000000
0.000000 -1.000000 1.000000
0.000000 -1.000000 1.000000
0.000000 -1.000000 1.000000
0.000000 -1.000000 1.000000
0.000000 -1.000000 1.000000
0.000000 -1.000000 1.000000
0.000000 -1.000000 1.000000
0.000000 -1.000000 1.000000
0.000000 -1.000000 1.000000
0.000000 -1.000000 1.000000
0.000000 -1.000000 1.000000
0.000000 -1.000000 1.000000
0.000000 -1.000000 1.000000
0.000000 -1.000000 1.000000
0.000000 -1.000000 1.000000
0.000000 -1.000000 1.000000
0.000000 -1.000000 1.000000
0.000000 -1.000000 1.000000
0.000000 -1.000000 1.000000
0.000000 -1.000000 1.000000
0.000000 -1.000000 1.000000
0.000000 -1.000000 1.000000
0.000000 -1.000000 1.000000
0.000000 -1.000000 1.000000
0.000000 -1.000000 1.000000
0.000000 -1.000000 1.000000
0.000000 -1.000000 1.000000
0.000000 -1.000000 1.000000
0.000000 -1.000000 1.000000
0.000000 -1.000000 1.000000
0.000000 -1.000000 1.000000
0.000000 -1.000000 1.000000
0.000000 -1.000000 1.000000
0.000000 -1.000000 1.000000
0.000000 -1.000000 1.000000
0.000000 -1.000000 1.000000
0.000000 -1.000000 1.000000
0.000000 -1.000000 1.000000
0.000000 -1.000000 1.000000
0.000000 -1.000000 1.000000
0.000000 -1.000000 1.000000
0.000000 -1.000000 1.000000
0.000000 -1.000000 1.000000
0.000000 -1.000000 1.000000
0.000000 -1.000000 1.000000
0.000000 -1.000000 1.000000
0.000000 -1.000000 1.000000
0.000000 -1.000000 1.000000
0.000000 -1.000000 1.000000
0.000000 -1.000000 1.000000
0.000000 -1.000000 1.000000
0.000000 -1.000000 1.000000
0.000000 -1.000000 1.000000
0.000000 -1.000000 1.000000
0.000000 -1.000000 1.000000
0.000000 -1.000000 1.000000
0.000000 -1.000000 1.000000
0.000000 -1.000000 1.000000
0.000000 -1.000000 1.000000
0.000000 -1.000000 1.000000
0.000000 -1.000000 1.000000
0.000000 -1.000000 1.000000
0.000000 -1.000000 1.000000
0.000000 -1.000000 1.000000
0.000000 -1.000000 1.000000
0.000000 -1.000000 1.000000
0.000000 -1.000000 1.000000
0.000000 -1.000000 1.000000
0.000000 -1.000000 1.000000
0.000000 -1.000000 1.000000
0.000000 -3.000000 -1.000000
0.000000 -1.000000 1.000000
0.000000 -1.000000 1.000000
0.000000 -1.000000 1.000000
0.000000 -1.000000 1.000000
0.000000 -1.000000 1.000000
0.000000 -1.000000 1.000000
0.000000 -1.000000 1.000000
0.000000 -1.000000 1.000000
0.000000 -1.000000 1.000000
0.000000 -1.000000 1.000000
0.000000 -1.000000 1.000000
0.000000 -1.000000 1.000000
0.000000 -1.000000 1.000000
0.000000 -1.000000 1.000000
0.000000 -1.000000 1.000000
0.000000 -1.000000 1.000000
0.000000 -1.000000 1.000000
0.000000 -1.000000 1.000000
0.000000 -1.000000 1.000000
0.000000 -1.000000 1.000000
0.000000 -1.000000 1.000000
0.000000 -1.000000 1.000000
0.000000 -1.000000 1.000000
0.000000 -1.000000 1.000000
0.000000 -1.000000 1.000000
0.000000 -1.000000 1.000000
0.000000 -1.000000 1.000000
0.000000 -1.000000 1.000000
0.000000 -1.000000 1.000000
0.000000 -1.000000 1.000000
0.000000 -5.000000 -3.000000
0.000000 -1.000000 1.000000
0.000000 -1.000000 1.000000
0.000000 -1.000000 1.000000
0.000000 -1.000000 1.000000
0.000000 -1.000000 1.000000
0.000000 -1.000000 1.000000
0.000000 -1.000000 1.000000
0.000000 -1.000000 1.000000
0.000000 -1.000000 1.000000
0.000000 -1.000000 1.000000
0.000000 -1.000000 1.000000
0.000000 -1.000000 1.000000
0.000000 -1.000000 1.000000
0.000000 -1.000000 1.000000
0.000000 -1.000000 1.000000
0.000000 -1.000000 1.000000
0.000000 -1.000000 1.000000
0.000000 -1.000000 1.000000
0.000000 -1.000000 1.000000
0.000000 -1.000000 1.000000
0.000000 -1.000000 1.000000
0.000000 -1.000000 1.000000
0.000000 -1.000000 1.000000
0.000000 -1.000000 1.000000
0.000000 -1.000000 1.000000
0.000000 -1.000000 1.000000
0.000000 -3.000000 -1.000000
0.000000 -1.000000 1.000000
0.000000 -1.000000 1.000000
0.000000 -1.000000 1.000000
0.000000 -1.000000 1.000000
0.000000 -1.000000 1.000000
0.000000 -1.000000 1.000000
0.000000 -1.000000 1.000000
0.000000 -1.000000 1.000000
0.000000 -1.000000 1.000000
0.000000 -1.000000 1.000000
0.000000 -1.000000 1.000000
0.000000 -1.000000 1.000000
0.000000 -1.000000 1.000000
0.000000 -1.000000 1.000000
0.000000 -1.000000 1.000000
0.000000 -1.000000 1.000000
0.000000 -1.000000 1.000000
0.000000 -1.000000 1.000000
0.000000 -1.000000 1.000000
0.000000 -1.000000 1.000000
0.000000 -1.000000 1.000000
0.000000 -1.000000 1.000000
0.000000 -1.000000 1.000000
0.000000 -1.000000 1.000000
0.000000 -1.000000 1.000000
0.000000 -1.000000 1.000000
0.000000 -1.000000 1.000000
0.000000 -1.000000 1.000000
0.000000 -1.000000 1.000000
0.000000 -1.000000 1.000000
0.000000 -1.000000 1.000000
0.000000 -1.000000 1.000000
0.000000 -1.000000 1.000000
0.000000 -6.403124 -4.472136
0.000000 -4.123106 -2.236068
0.000000 -2.828427 -1.000000
0.000000 -2.828427 -1.000000
0.000000 -7.211103 -5.385165
0.000000 -4.000000 -2.236068
0.000000 -4.000000 -2.236068
0.000000 -3.162278 -1.414214
0.000000 -3.605551 -2.000000
0.000000 -3.605551 -2.000000
0.000000 -3.605551 -2.000000
0.000000 -3.000000 -1.414214
0.000000 -4.472136 -3.000000
0.000000 -2.828427 -1.414214
0.000000 -2.828427 -1.414214
0.000000 -2.828427 -1.414214
0.000000 -2.828427 -1.414214
0.000000 -2.828427 -1.414214
0.000000 -5.000000 -3.605551
0.000000 -5.000000 -3.605551
0.000000 -3.605551 -2.236068
0.000000 -3.605551 -2.236068
0.000000 -3.605551 -2.236068
0.000000 -3.605551 -2.236068
0.000000 -3.605551 -2.236068
0.000000 -3.605551 -2.236068
0.000000 -4.472136 -3.162278
0.000000 -7.615773 -6.324555
0.000000 -7.280110 -6.000000
0.000000 -2.236068 -1.000000
0.000000 -2.236068 -1.000000
0.000000 -2.236068 -1.000000
0.000000 -2.236068 -1.000000
0.000000 -2.236068 -1.000000
0.000000 -2.236068 -1.000000
0.000000 -2.236068 -1.000000
0.000000 -2.236068 -1.000000
0.000000 -2.236068 -1.000000
0.000000 -2.236068 -1.000000
0.000000 -3.162278 -2.000000
0.000000 -3.162278 -2.000000
0.000000 -2.000000 -1.000000
0.000000 -2.000000 -1.000000
0.000000 -2.000000 -1.000000
0.000000 -2.000000 -1.000000
0.000000 -3.000000 -2.000000
0.000000 -2.000000 -1.000000
0.000000 -2.000000 -1.000000
0.000000 -2.000000 -1.000000
0.000000 -2.000000 -1.000000
0.000000 -2.000000 -1.000000
0.000000 -5.000000 -4.000000
0.000000 -2.000000 -1.000000
0.000000 -2.000000 -1.000000
0.000000 -3.000000 -2.000000
0.000000 -2.000000 -1.000000
0.000000 -2.000000 -1.000000
0.000000 -2.000000 -1.000000
0.000000 -2.000000 -1.000000
0.000000 -2.000000 -1.000000
0.000000 -2.000000 -1.000000
0.000000 -2.000000 -1.000000
0.000000 -2.000000 -1.000000
0.000000 -2.000000 -1.000000
0.000000 -2.000000 -1.000000
0.000000 -2.000000 -1.000000
0.000000 -2.000000 -1.000000
0.000000 -2.000000 -1.000000
0.000000 -2.000000 -1.000000
0.000000 -2.000000 -1.000000
0.000000 -2.000000 -1.000000
0.000000 -2.000000 -1.000000
0.000000 -2.000000 -1.000000
0.000000 -2.000000 -1.000000
0.000000 -2.000000 -1.000000
0.000000 -2.000000 -1.000000
0.000000 -3.162278 -2.236068
0.000000 -3.162278 -2.236068
0.000000 -3.162278 -2.236068
0.000000 -5.000000 -4.123106
0.000000 -4.000000 -3.162278
0.000000 -4.000000 -3.162278
0.000000 -2.828427 -2.000000
0.000000 -2.828427 -2.000000
0.000000 -2.828427 -2.000000
0.000000 -2.828427 -2.000000
0.000000 -2.236068 -1.414214
0.000000 -2.236068 -1.414214
0.000000 -2.236068 -1.414214
0.000000 -7.211103 -6.403124
0.000000 -3.605551 -2.828427
0.000000 -3.000000 -2.236068
0.000000 -3.000000 -2.236068
0.000000 -3.000000 -2.236068
0.000000 -3.000000 -2.236068
0.000000 -5.000000 -4.242641
0.000000 -7.071068 -6.403124
0.000000 -4.242641 -3.605551
0.000000 -9.848858 -9.219544
0.000000 -3.605551 -3.000000
0.000000 -3.605551 -3.000000
0.000000 -7.810250 -7.211103
0.000000 -2.828427 -2.236068
0.000000 -2.828427 -2.236068
0.000000 -2.828427 -2.236068
0.000000 -2.828427 -2.236068
0.000000 -2.828427 -2.236068
0.000000 -2.828427 -2.236068
0.000000 -2.828427 -2.236068
0.000000 -2.828427 -2.236068
0.000000 -2.828427 -2.236068
0.000000 -2.828427 -2.236068
0.000000 -2.828427 -2.236068
0.000000 -2.000000 -1.414214
0.000000 -2.000000 -1.414214
0.000000 -2.000000 -1.414214
0.000000 -2.000000 -1.414214
0.000000 -2.000000 -1.414214
0.000000 -2.000000 -1.414214
0.000000 -2.000000 -1.414214
0.000000 -2.000000 -1.414214
0.000000 -2.000000 -1.414214
0.000000 -2.000000 -1.414214
0.000000 -2.000000 -1.414214
0.000000 -2.000000 -1.414214
0.000000 -2.000000 -1.414214
0.000000 -2.000000 -1.414214
0.000000 -2.000000 -1.414214
0.000000 -2.000000 -1.414214
0.000000 -2.000000 -1.414214
0.000000 -2.000000 -1.414214
0.000000 -2.000000 -1.414214
0.000000 -2.000000 -1.414214
0.000000 -2.000000 -1.414214
0.000000 -2.000000 -1.414214
0.000000 -2.000000 -1.414214
0.000000 -2.000000 -1.414214
0.000000 -2.000000 -1.414214
0.000000 -2.000000 -1.414214
0.000000 -2.000000 -1.414214
0.000000 -2.000000 -1.414214
0.000000 -2.000000 -1.414214
0.000000 -2.000000 -1.414214
0.000000 -2.000000 -1.414214
0.000000 -7.810250 -7.280110
0.000000 -5.000000 -4.472136
0.000000 -5.000000 -4.472136
0.000000 -4.123106 -3.605551
0.000000 -4.123106 -3.605551
0.000000 -4.123106 -3.605551
0.000000 -4.472136 -4.000000
0.000000 -5.830952 -5.385165
0.000000 -3.605551 -3.162278
0.000000 -3.605551 -3.162278
0.000000 -3.605551 -3.162278
0.000000 -3.605551 -3.162278
0.000000 -1.414214 -1.000000
0.000000 -1.414214 -1.000000
0.000000 -1.414214 -1.000000
0.000000 -1.414214 -1.000000
0.000000 -1.414214 -1.000000
0.000000 -1.414214 -1.000000
0.000000 -1.414214 -1.000000
0.000000 -1.414214 -1.000000
0.000000 -1.414214 -1.000000
0.000000 -1.414214 -1.000000
0.000000 -1.414214 -1.000000
0.000000 -1.414214 -1.000000
0.000000 -1.414214 -1.000000
0.000000 -1.414214 -1.000000
0.000000 -1.414214 -1.000000
0.000000 -1.414214 -1.000000
0.000000 -1.414214 -1.000000
0.000000 -1.414214 -1.000000
0.000000 -1.414214 -1.000000
0.000000 -1.414214 -1.000000
0.000000 -1.414214 -1.000000
0.000000 -1.414214 -1.000000
0.000000 -1.414214 -1.000000
0.000000 -1.414214 -1.000000
0.000000 -1.414214 -1.000000
0.000000 -1.414214 -1.000000
0.000000 -1.414214 -1.000000
0.000000 -1.414214 -1.000000
0.000000 -1.414214 -1.000000
0.000000 -1.414214 -1.000000
0.000000 -1.414214 -1.000000
0.000000 -1.414214 -1.000000
0.000000 -1.414214 -1.000000
0.000000 -1.414214 -1.000000
0.000000 -1.414214 -1.000000
0.000000 -1.414214 -1.000000
0.000000 -1.414214 -1.000000
0.000000 -1.414214 -1.000000
0.000000 -1.414214 -1.000000
0.000000 -1.414214 -1.000000
0.000000 -1.414214 -1.000000
0.000000 -1.414214 -1.000000
0.000000 -1.414214 -1.000000
0.000000 -1.414214 -1.000000
0.000000 -1.414214 -1.000000
0.000000 -1.414214 -1.000000
0.000000 -1.414214 -1.000000
0.000000 -1.414214 -1.000000
0.000000 -1.414214 -1.000000
0.000000 -1.414214 -1.000000
0.000000 -1.414214 -1.000000
0.000000 -1.414214 -1.000000
0.000000 -1.414214 -1.000000
0.000000 -1.414214 -1.000000
0.000000 -1.414214 -1.000000
0.000000 -1.414214 -1.000000
0.000000 -1.414214 -1.000000
0.000000 -1.414214 -1.000000
0.000000 -1.414214 -1.000000
0.000000 -1.414214 -1.000000
0.000000 -1.414214 -1.000000
0.000000 -1.414214 -1.000000
0.000000 -1.414214 -1.000000
0.000000 -1.414214 -1.000000
0.000000 -1.414214 -1.000000
0.000000 -1.414214 -1.000000
0.000000 -1.414214 -1.000000
0.000000 -1.414214 -1.000000
0.000000 -1.414214 -1.000000
0.000000 -1.414214 -1.000000
0.000000 -1.414214 -1.000000
0.000000 -1.414214 -1.000000
0.000000 -1.414214 -1.000000
0.000000 -1.414214 -1.000000
0.000000 -1.414214 -1.000000
0.000000 -1.414214 -1.000000
0.000000 -1.414214 -1.000000
0.000000 -1.414214 -1.000000
0.000000 -1.414214 -1.000000
0.000000 -1.414214 -1.000000
0.000000 -1.414214 -1.000000
0.000000 -1.414214 -1.000000
0.000000 -1.414214 -1.000000
0.000000 -1.414214 -1.000000
0.000000 -1.414214 -1.000000
0.000000 -1.414214 -1.000000
0.000000 -1.414214 -1.000000
0.000000 -1.414214 -1.000000
0.000000 -1.414214 -1.000000
0.000000 -1.414214 -1.000000
0.000000 -1.414214 -1.000000
0.000000 -1.414214 -1.000000
0.000000 -1.414214 -1.000000
0.000000 -1.414214 -1.000000
0.000000 -1.414214 -1.000000
0.000000 -1.414214 -1.000000
0.000000 -1.414214 -1.000000
0.000000 -1.414214 -1.000000
0.000000 -1.414214 -1.000000
0.000000 -4.000000 -3.605551
0.000000 -5.385165 -5.000000
0.000000 -6.708204 -6.324555
0.000000 -3.162278 -2.828427
0.000000 -3.162278 -2.828427
0.000000 -3.162278 -2.828427
0.000000 -3.162278 -2.828427
0.000000 -6.708204 -6.403124
0.000000 -6.708204 -6.403124
0.000000 -5.385165 -5.099020
0.000000 -6.324555 -6.082763
0.000000 -2.236068 -2.000000
0.000000 -2.236068 -2.000000
0.000000 -2.236068 -2.000000
0.000000 -2.236068 -2.000000
0.000000 -2.236068 -2.000000
0.000000 -2.236068 -2.000000
0.000000 -2.236068 -2.000000
0.000000 -2.236068 -2.000000
0.000000 -2.236068 -2.000000
0.000000 -2.236068 -2.000000
0.000000 -2.236068 -2.000000
0.000000 -2.236068 -2.000000
0.000000 -2.236068 -2.000000
0.000000 -2.236068 -2.000000
0.000000 -2.236068 -2.000000
0.000000 -2.236068 -2.000000
0.000000 -4.472136 -4.242641
0.000000 -9.433981 -9.219544
0.000000 -8.246211 -8.062258
0.000000 -5.830952 -5.656854
0.000000 -5.830952 -5.656854
0.000000 -3.000000 -2.828427
0.000000 -3.000000 -2.828427
0.000000 -3.162278 -3.000000
0.000000 -3.162278 -3.000000
0.000000 -3.162278 -3.000000
0.000000 -3.162278 -3.000000
0.000000 -3.162278 -3.000000
0.000000 -3.162278 -3.000000
0.000000 -3.162278 -3.000000
0.000000 -3.162278 -3.000000
0.000000 -3.162278 -3.000000
0.000000 -3.162278 -3.000000
0.000000 -3.162278 -3.000000
0.000000 -3.162278 -3.000000
0.000000 -3.162278 -3.000000
0.000000 -3.162278 -3.000000
0.000000 -3.162278 -3.000000
0.000000 -3.162278 -3.000000
0.000000 -3.162278 -3.000000
0.000000 -3.162278 -3.000000
0.000000 -11.180340 -11.045361
0.000000 -4.123106 -4.000000
0.000000 -4.123106 -4.000000
0.000000 -4.123106 -4.000000
0.000000 -4.123106 -4.000000
0.000000 -4.123106 -4.000000
0.000000 -4.123106 -4.000000
0.000000 -5.099020 -5.000000
0.000000 -5.099020 -5.000000
0.000000 -5.099020 -5.000000
0.000000 -5.099020 -5.000000
0.000000 -5.099020 -5.000000
0.000000 -5.099020 -5.000000
0.000000 -6.082763 -6.000000
0.000000 -8.062258 -8.000000
0.000000 -10.049876 -10.000000
