1.000000 1.000000 inf
1.000000 1.000000 inf
1.000000 1.000000 inf
1.000000 1.000000 inf
1.000000 1.000000 inf
1.000000 1.000000 inf
1.000000 1.000000 inf
1.000000 1.000000 inf
1.000000 1.000000 inf
1.000000 1.000000 inf
1.000000 1.000000 inf
1.000000 1.000000 inf
1.000000 1.000000 inf
1.000000 1.000000 inf
1.000000 1.000000 inf
1.000000 1.000000 inf
1.000000 1.000000 inf
1.000000 1.000000 inf
1.000000 1.000000 inf
1.000000 1.000000 inf
1.000000 1.000000 inf
1.000000 1.000000 inf
1.000000 1.000000 inf
1.000000 1.000000 inf
1.000000 1.000000 inf
1.000000 1.000000 inf
1.000000 1.000000 inf
1.000000 1.000000 inf
1.000000 1.000000 inf
1.000000 1.000000 inf
1.000000 1.000000 inf
1.000000 1.000000 inf
1.000000 1.000000 inf
1.000000 1.000000 inf
1.000000 1.000000 inf
1.000000 1.000000 inf
1.000000 1.000000 inf
1.000000 1.000000 inf
1.000000 1.000000 inf
1.000000 1.000000 inf
1.000000 1.000000 inf
1.000000 1.000000 inf
1.000000 1.000000 inf
1.000000 1.000000 inf
1.000000 1.000000 inf
1.000000 1.000000 inf
1.000000 1.000000 inf
1.000000 1.000000 inf
1.000000 1.000000 inf
1.000000 1.000000 inf
1.000000 1.000000 inf
1.000000 1.000000 inf
1.000000 1.000000 inf
1.000000 1.000000 inf
1.000000 1.000000 inf
1.000000 1.000000 inf
1.000000 1.000000 inf
1.000000 1.000000 inf
1.000000 1.000000 inf
1.000000 1.000000 inf
1.000000 1.000000 inf
1.000000 1.000000 inf
1.000000 1.000000 inf
1.000000 1.000000 inf
1.000000 1.000000 inf
1.000000 -1.000000 inf
1.000000 1.000000 inf
1.000000 1.000000 inf
1.000000 -1.000000 inf
1.000000 1.000000 inf
1.000000 1.000000 inf
1.000000 1.000000 inf
1.000000 -1.000000 inf
1.000000 1.000000 inf
1.000000 1.000000 inf
1.000000 1.000000 inf
1.000000 1.000000 inf
1.000000 1.000000 inf
1.000000 1.000000 inf
1.000000 -1.000000 inf
1.000000 1.000000 inf
1.000000 -1.000000 inf
1.000000 1.000000 inf
1.000000 1.000000 inf
1.000000 1.000000 inf
1.000000 1.000000 inf
1.000000 1.000000 inf
1.000000 1.000000 inf
1.000000 1.000000 inf
1.000000 1.000000 inf
1.000000 1.000000 inf
1.000000 1.000000 inf
1.000000 -1.000000 inf
1.000000 1.000000 inf
1.000000 -1.414214 inf
1.000000 1.000000 inf
1.000000 1.000000 inf
1.000000 1.000000 inf
1.000000 -1.000000 inf
1.000000 1.000000 inf
1.000000 -1.000000 inf
1.000000 1.000000 inf
1.000000 1.000000 inf
1.000000 1.000000 inf
1.000000 1.000000 inf
1.000000 1.000000 inf
1.000000 1.000000 inf
1.000000 1.000000 inf
1.000000 1.000000 inf
1.000000 1.000000 inf
1.000000 1.000000 inf
1.000000 1.000000 inf
1.000000 1.000000 inf
1.000000 1.000000 inf
1.000000 1.000000 inf
1.000000 1.000000 inf
1.000000 1.000000 inf
1.000000 1.000000 inf
1.000000 -1.000000 inf
1.000000 1.000000 inf
1.000000 1.000000 inf
1.000000 1.000000 inf
1.000000 1.000000 inf
1.000000 1.000000 inf
1.000000 1.000000 inf
1.000000 1.000000 inf
1.000000 1.000000 inf
1.000000 1.000000 inf
1.000000 1.000000 inf
1.000000 1.000000 inf
1.000000 1.000000 inf
1.000000 1.000000 inf
1.000000 1.000000 inf
1.000000 1.000000 inf
1.000000 1.000000 inf
1.000000 1.000000 inf
1.000000 -4.472136 1.000000
1.000000 -2.828427 1.000000
1.000000 -2.236068 1.000000
1.000000 1.000000 4.123106
1.000000 -2.000000 1.000000
1.000000 -2.000000 1.000000
1.000000 1.000000 4.000000
1.000000 1.414214 4.123106
1.000000 1.000000 3.605551
1.000000 -1.414214 1.000000
1.000000 -1.414214 1.000000
1.000000 -1.414214 1.000000
1.000000 -1.414214 1.000000
1.000000 -1.000000 1.414214
1.000000 -1.000000 1.414214
1.000000 1.000000 3.162278
1.000000 1.000000 3.162278
1.000000 1.000000 3.162278
1.000000 1.000000 3.162278
1.000000 -1.000000 1.000000
1.000000 -1.000000 1.000000
1.000000 -1.000000 1.000000
1.000000 -1.000000 1.000000
1.000000 -1.000000 1.000000
1.000000 -1.000000 1.000000
1.000000 -1.000000 1.000000
1.000000 -1.000000 1.000000
1.000000 -1.000000 1.000000
1.000000 -1.000000 1.000000
1.000000 -1.000000 1.000000
1.000000 -1.000000 1.000000
1.000000 -1.000000 1.000000
1.000000 -1.000000 1.000000
1.000000 -1.000000 1.000000
1.000000 -1.000000 1.000000
1.000000 -1.000000 1.000000
1.000000 -1.000000 1.000000
1.000000 -1.000000 1.000000
1.000000 -1.000000 1.000000
1.000000 -1.000000 1.000000
1.000000 -1.000000 1.000000
1.000000 -1.000000 1.000000
1.000000 -1.000000 1.000000
1.000000 -1.000000 1.000000
1.000000 -1.000000 1.000000
1.000000 -1.000000 1.000000
1.000000 -1.000000 1.000000
1.000000 -1.000000 1.000000
1.000000 -1.000000 1.000000
1.000000 -1.000000 1.000000
1.000000 -1.000000 1.000000
1.000000 -1.000000 1.000000
1.000000 -1.000000 1.000000
1.000000 -1.000000 1.000000
1.000000 -1.000000 1.000000
1.000000 -1.000000 1.000000
1.000000 -1.000000 1.000000
1.000000 -1.000000 1.000000
1.000000 -1.000000 1.000000
1.000000 -1.000000 1.000000
1.000000 -1.000000 1.000000
1.000000 -1.000000 1.000000
1.000000 -1.000000 1.000000
1.000000 -1.000000 1.000000
1.000000 -1.000000 1.000000
1.000000 -1.000000 1.000000
1.000000 -1.000000 1.000000
1.000000 -1.000000 1.000000
1.000000 -1.000000 1.000000
1.000000 -1.000000 1.000000
1.000000 -1.000000 1.000000
1.000000 -1.000000 1.000000
1.000000 -1.000000 1.000000
1.000000 -1.000000 1.000000
1.000000 -1.000000 1.000000
1.000000 -1.000000 1.000000
1.000000 -1.000000 1.000000
1.000000 -1.000000 1.000000
1.000000 -1.000000 1.000000
1.000000 -1.000000 1.000000
1.000000 -1.000000 1.000000
1.000000 -1.000000 1.000000
1.000000 -1.000000 1.000000
1.000000 -1.000000 1.000000
1.000000 -1.000000 1.000000
1.000000 -1.000000 1.000000
1.000000 -1.000000 1.000000
1.000000 -1.000000 1.000000
1.000000 -1.000000 1.000000
1.000000 -1.000000 1.000000
1.000000 -1.000000 1.000000
1.000000 -1.000000 1.000000
1.000000 -1.000000 1.000000
1.000000 -1.000000 1.000000
1.000000 -1.000000 1.000000
1.000000 -1.000000 1.000000
1.000000 -1.000000 1.000000
1.000000 -1.000000 1.000000
1.000000 -1.000000 1.000000
1.000000 -1.000000 1.000000
1.000000 -1.000000 1.000000
1.000000 -1.000000 1.000000
1.000000 -1.000000 1.000000
1.000000 -1.000000 1.000000
1.000000 -1.000000 1.000000
1.000000 -1.000000 1.000000
1.000000 -1.000000 1.000000
1.000000 -1.000000 1.000000
1.000000 -1.000000 1.000000
1.000000 -1.000000 1.000000
1.000000 -1.000000 1.000000
1.000000 -1.000000 1.000000
1.000000 -1.000000 1.000000
1.000000 -1.000000 1.000000
1.000000 -1.000000 1.000000
1.000000 -1.000000 1.000000
1.000000 -1.000000 1.000000
1.000000 -1.000000 1.000000
1.000000 -1.000000 1.000000
1.000000 -1.000000 1.000000
1.000000 -1.000000 1.000000
1.000000 -1.000000 1.000000
1.000000 -1.000000 1.000000
1.000000 -1.000000 1.000000
1.000000 -1.000000 1.000000
1.000000 -1.000000 1.000000
1.000000 -1.000000 1.000000
1.000000 -1.000000 1.000000
1.000000 -1.000000 1.000000
1.000000 2.000000 4.000000
1.000000 -1.000000 1.000000
1.000000 -1.000000 1.000000
1.000000 -1.000000 1.000000
1.000000 -1.000000 1.000000
1.000000 -1.000000 1.000000
1.000000 1.000000 3.000000
1.000000 1.000000 3.000000
1.000000 1.000000 2.828427
1.000000 1.000000 2.828427
1.000000 1.000000 2.828427
1.000000 1.000000 2.828427
1.000000 1.000000 2.828427
1.000000 2.000000 3.605551
1.000000 1.414214 3.000000
1.000000 1.414214 3.000000
1.000000 1.414214 3.000000
1.000000 1.414214 2.828427
1.000000 1.414214 2.828427
1.000000 1.000000 2.236068
1.000000 1.000000 2.236068
1.000000 1.000000 2.236068
1.000000 1.000000 2.236068
1.000000 1.000000 2.236068
1.000000 1.000000 2.236068
1.000000 1.000000 2.236068
1.000000 1.000000 2.236068
1.000000 1.000000 2.236068
1.000000 1.000000 2.236068
1.000000 1.000000 2.236068
1.000000 1.000000 2.236068
1.000000 1.000000 2.236068
1.000000 2.000000 3.162278
1.000000 1.000000 2.000000
1.000000 1.000000 2.000000
1.000000 1.000000 2.000000
1.000000 1.000000 2.000000
1.000000 1.000000 2.000000
1.000000 1.000000 2.000000
1.000000 1.000000 2.000000
1.000000 1.000000 2.000000
1.000000 1.000000 2.000000
1.000000 1.000000 2.000000
1.000000 1.000000 2.000000
1.000000 1.000000 2.000000
1.000000 1.000000 2.000000
1.000000 1.000000 2.000000
1.000000 1.000000 2.000000
1.000000 1.000000 2.000000
1.000000 1.000000 2.000000
1.000000 1.000000 2.000000
1.000000 1.000000 2.000000
1.000000 1.000000 2.000000
1.000000 1.000000 2.000000
1.000000 1.000000 2.000000
1.000000 1.000000 2.000000
1.000000 1.000000 2.000000
1.000000 1.000000 2.000000
1.000000 1.000000 2.000000
1.000000 1.000000 2.000000
1.000000 1.000000 2.000000
1.000000 1.000000 2.000000
1.000000 2.000000 3.000000
1.000000 1.000000 2.000000
1.000000 1.000000 2.000000
1.000000 2.000000 3.000000
1.000000 2.236068 3.162278
1.000000 2.236068 3.162278
1.000000 2.236068 3.162278
1.000000 2.000000 2.828427
1.000000 2.000000 2.828427
1.000000 2.000000 2.828427
1.000000 2.000000 2.828427
1.000000 1.414214 2.236068
1.000000 1.414214 2.236068
1.000000 1.414214 2.236068
1.000000 1.414214 2.236068
1.000000 1.414214 2.236068
1.000000 2.828427 3.605551
1.000000 2.828427 3.605551
1.000000 2.236068 3.000000
1.000000 2.236068 3.000000
1.000000 2.236068 3.000000
1.000000 2.236068 3.000000
1.000000 2.236068 2.828427
1.000000 2.236068 2.828427
1.000000 2.236068 2.828427
1.000000 2.236068 2.828427
1.000000 2.236068 2.828427
1.000000 2.236068 2.828427
1.000000 2.236068 2.828427
1.000000 2.236068 2.828427
1.000000 2.236068 2.828427
1.000000 2.236068 2.828427
1.000000 2.236068 2.828427
1.000000 1.414214 2.000000
1.000000 1.414214 2.000000
1.000000 1.414214 2.000000
1.000000 1.414214 2.000000
1.000000 1.414214 2.000000
1.000000 1.414214 2.000000
1.000000 1.414214 2.000000
1.000000 1.414214 2.000000
1.000000 1.414214 2.000000
1.000000 1.414214 2.000000
1.000000 1.414214 2.000000
1.000000 1.414214 2.000000
1.000000 1.414214 2.000000
1.000000 3.162278 3.605551
1.000000 3.162278 3.605551
1.000000 1.000000 1.414214
1.000000 1.000000 1.414214
1.000000 1.000000 1.414214
1.000000 1.000000 1.414214
1.000000 1.000000 1.414214
1.000000 1.000000 1.414214
1.000000 1.000000 1.414214
1.000000 1.000000 1.414214
1.000000 1.000000 1.414214
1.000000 1.000000 1.414214
1.000000 1.000000 1.414214
1.000000 1.000000 1.414214
1.000000 1.000000 1.414214
1.000000 1.000000 1.414214
1.000000 1.000000 1.414214
1.000000 1.000000 1.414214
1.000000 1.000000 1.414214
1.000000 1.000000 1.414214
1.000000 1.000000 1.414214
1.000000 1.000000 1.414214
1.000000 1.000000 1.414214
1.000000 1.000000 1.414214
1.000000 1.000000 1.414214
1.000000 1.000000 1.414214
1.000000 1.000000 1.414214
1.000000 1.000000 1.414214
1.000000 1.000000 1.414214
1.000000 1.000000 1.414214
1.000000 1.000000 1.414214
1.000000 1.000000 1.414214
1.000000 1.000000 1.414214
1.000000 1.000000 1.414214
1.000000 1.000000 1.414214
1.000000 1.000000 1.414214
1.000000 1.000000 1.414214
1.000000 1.000000 1.414214
1.000000 1.000000 1.414214
1.000000 1.000000 1.414214
1.000000 1.000000 1.414214
1.000000 1.000000 1.414214
1.000000 1.000000 1.414214
1.000000 1.000000 1.414214
1.000000 1.000000 1.414214
1.000000 1.000000 1.414214
1.000000 1.000000 1.414214
1.000000 1.000000 1.414214
1.000000 1.000000 1.414214
1.000000 1.000000 1.414214
1.000000 1.000000 1.414214
1.000000 1.000000 1.414214
1.000000 1.000000 1.414214
1.000000 1.000000 1.414214
1.000000 1.000000 1.414214
1.000000 1.000000 1.414214
1.000000 1.000000 1.414214
1.000000 1.000000 1.414214
1.000000 1.000000 1.414214
1.000000 1.000000 1.414214
1.000000 1.000000 1.414214
1.000000 1.000000 1.414214
1.000000 1.000000 1.414214
1.000000 1.000000 1.414214
1.000000 1.000000 1.414214
1.000000 1.000000 1.414214
1.000000 1.000000 1.414214
1.000000 1.000000 1.414214
1.000000 1.000000 1.414214
1.000000 1.000000 1.414214
1.000000 1.000000 1.414214
1.000000 1.000000 1.414214
1.000000 1.000000 1.414214
1.000000 1.000000 1.414214
1.000000 1.000000 1.414214
1.000000 1.000000 1.414214
1.000000 1.000000 1.414214
1.000000 1.000000 1.414214
1.000000 1.000000 1.414214
1.000000 1.000000 1.414214
1.000000 1.000000 1.414214
1.000000 1.000000 1.414214
1.000000 1.000000 1.414214
1.000000 1.000000 1.414214
1.000000 1.000000 1.414214
1.000000 1.000000 1.414214
1.000000 1.000000 1.414214
1.000000 1.000000 1.414214
1.000000 1.000000 1.414214
1.000000 1.000000 1.414214
1.000000 1.000000 1.414214
1.000000 1.000000 1.414214
1.000000 1.000000 1.414214
1.000000 1.000000 1.414214
1.000000 1.000000 1.414214
1.000000 1.000000 1.414214
1.000000 1.000000 1.414214
1.000000 1.000000 1.414214
1.000000 1.000000 1.414214
1.000000 1.000000 1.414214
1.000000 1.000000 1.414214
1.000000 1.000000 1.414214
1.000000 1.000000 1.414214
1.000000 1.000000 1.414214
1.000000 1.000000 1.414214
1.000000 1.000000 1.414214
1.000000 1.000000 1.414214
1.000000 1.000000 1.414214
1.000000 1.000000 1.414214
1.000000 1.000000 1.414214
1.000000 1.000000 1.414214
1.000000 1.000000 1.414214
1.000000 1.000000 1.414214
1.000000 1.000000 1.414214
1.000000 1.000000 1.414214
1.000000 1.000000 1.414214
1.000000 1.000000 1.414214
1.000000 1.000000 1.414214
1.000000 1.000000 1.414214
1.000000 1.000000 1.414214
1.000000 1.000000 1.414214
1.000000 1.000000 1.414214
1.000000 1.000000 1.414214
1.000000 1.000000 1.414214
1.000000 1.000000 1.414214
1.000000 1.000000 1.414214
1.000000 1.000000 1.414214
1.000000 1.000000 1.414214
1.000000 1.000000 1.414214
1.000000 1.000000 1.414214
1.000000 1.000000 1.414214
1.000000 1.000000 1.414214
1.000000 1.000000 1.414214
1.000000 1.000000 1.414214
1.000000 1.000000 1.414214
1.000000 1.000000 1.414214
1.000000 1.000000 1.414214
1.000000 1.000000 1.414214
1.000000 1.000000 1.414214
1.000000 1.000000 1.414214
1.000000 1.000000 1.414214
1.000000 1.000000 1.414214
1.000000 1.000000 1.414214
1.000000 1.000000 1.414214
1.000000 1.000000 1.414214
1.000000 1.000000 1.414214
1.000000 1.000000 1.414214
1.000000 1.000000 1.414214
1.000000 1.000000 1.414214
1.000000 1.000000 1.414214
1.000000 1.000000 1.414214
1.000000 1.000000 1.414214
1.000000 1.000000 1.414214
1.000000 1.000000 1.414214
1.000000 1.000000 1.414214
1.000000 1.000000 1.414214
1.000000 1.000000 1.414214
1.000000 1.000000 1.414214
1.000000 1.000000 1.414214
1.000000 1.000000 1.414214
1.000000 2.828427 3.162278
1.000000 2.828427 3.162278
1.000000 2.828427 3.162278
1.000000 2.828427 3.162278
1.000000 2.000000 2.236068
1.000000 2.000000 2.236068
1.000000 2.000000 2.236068
1.000000 2.000000 2.236068
1.000000 2.000000 2.236068
1.000000 2.000000 2.236068
1.000000 2.000000 2.236068
1.000000 2.000000 2.236068
1.000000 2.000000 2.236068
1.000000 2.000000 2.236068
1.000000 2.000000 2.236068
1.000000 2.000000 2.236068
1.000000 2.000000 2.236068
1.000000 2.000000 2.236068
1.000000 2.000000 2.236068
1.000000 2.000000 2.236068
1.000000 2.000000 2.236068
1.000000 2.000000 2.236068
1.000000 2.000000 2.236068
1.000000 2.000000 2.236068
1.000000 2.000000 2.236068
1.000000 2.000000 2.236068
1.000000 2.000000 2.236068
1.000000 2.000000 2.236068
1.000000 2.000000 2.236068
1.000000 2.000000 2.236068
1.000000 2.000000 2.236068
1.000000 2.000000 2.236068
1.000000 2.000000 2.236068
1.000000 2.000000 2.236068
1.000000 2.000000 2.236068
1.000000 2.000000 2.236068
1.000000 2.000000 2.236068
1.000000 2.000000 2.236068
1.000000 2.000000 2.236068
1.000000 2.000000 2.236068
1.000000 2.000000 2.236068
1.000000 2.000000 2.236068
1.000000 2.000000 2.236068
1.000000 2.000000 2.236068
1.000000 2.000000 2.236068
1.000000 2.000000 2.236068
1.000000 2.000000 2.236068
1.000000 2.000000 2.236068
1.000000 2.828427 3.000000
1.000000 2.828427 3.000000
1.000000 3.000000 3.162278
1.000000 3.000000 3.162278
1.000000 3.000000 3.162278
1.000000 3.000000 3.162278
1.000000 3.000000 3.162278
0.000000 -16.278821 inf
0.000000 -15.033296 -3.605551
0.000000 -10.198039 -1.000000
0.000000 -5.000000 1.000000
0.000000 -5.000000 1.000000
0.000000 -4.472136 -1.000000
0.000000 -7.071068 -4.000000
0.000000 -2.000000 1.000000
0.000000 -2.000000 1.000000
0.000000 -1.414214 1.000000
0.000000 -1.414214 1.000000
0.000000 -1.414214 1.000000
0.000000 -1.000000 1.414214
0.000000 -1.414214 1.000000
0.000000 -1.414214 1.000000
0.000000 -1.414214 1.000000
0.000000 -1.414214 1.000000
0.000000 -1.414214 1.000000
0.000000 -1.414214 1.000000
0.000000 -1.414214 1.000000
0.000000 -1.414214 1.000000
0.000000 -1.414214 1.000000
0.000000 -1.414214 1.000000
0.000000 -1.414214 1.000000
0.000000 -1.000000 1.000000
0.000000 -1.000000 1.000000
0.000000 -1.000000 1.000000
0.000000 -1.000000 1.000000
0.000000 -1.000000 1.000000
0.000000 -1.000000 1.000000
0.000000 -1.000000 1.000000
0.000000 -1.000000 1.000000
0.000000 -1.000000 1.000000
0.000000 -1.000000 1.000000
0.000000 -1.000000 1.000000
0.000000 -1.000000 1.000000
0.000000 -1.000000 1.000000
0.000000 -1.000000 1.000000
0.000000 -1.000000 1.000000
0.000000 -1.000000 1.000000
0.000000 -1.000000 1.000000
0.000000 -1.000000 1.000000
0.000000 -1.000000 1.000000
0.000000 -1.000000 1.000000
0.000000 -1.000000 1.000000
0.000000 -1.000000 1.000000
0.000000 -1.000000 1.000000
0.000000 -1.000000 1.000000
0.000000 -1.000000 1.000000
0.000000 -1.000000 1.000000
0.000000 -1.000000 1.000000
0.000000 -1.000000 1.000000
0.000000 -1.000000 1.000000
0.000000 -1.000000 1.000000
0.000000 -1.000000 1.000000
0.000000 -1.000000 1.000000
0.000000 -1.000000 1.000000
0.000000 -1.000000 1.000000
0.000000 -1.000000 1.000000
0.000000 -1.000000 1.000000
0.000000 -1.000000 1.000000
0.000000 -1.000000 1.000000
0.000000 -1.000000 1.000000
0.000000 -1.000000 1.000000
0.000000 -1.000000 1.000000
0.000000 -1.000000 1.000000
0.000000 -1.000000 1.000000
0.000000 -1.000000 1.000000
0.000000 -1.000000 1.000000
0.000000 -1.000000 1.000000
0.000000 -1.000000 1.000000
0.000000 -1.000000 1.000000
0.000000 -1.000000 1.000000
0.000000 -1.000000 1.000000
0.000000 -1.000000 1.000000
0.000000 -1.000000 1.000000
0.000000 -1.000000 1.000000
0.000000 -1.000000 1.000000
0.000000 -1.000000 1.000000
0.000000 -1.000000 1.000000
0.000000 -1.000000 1.000000
0.000000 -1.000000 1.000000
0.000000 -1.000000 1.000000
0.000000 -1.000000 1.000000
0.000000 -1.000000 1.000000
0.000000 -1.000000 1.000000
0.000000 -1.000000 1.000000
0.000000 -1.000000 1.000000
0.000000 -1.000000 1.000000
0.000000 -1.000000 1.000000
0.000000 -1.000000 1.000000
0.000000 -1.000000 1.000000
0.000000 -1.000000 1.000000
0.000000 -1.000000 1.000000
0.000000 -1.000000 1.000000
0.000000 -1.000000 1.000000
0.000000 -1.000000 1.000000
0.000000 -1.000000 1.000000
0.000000 -1.000000 1.000000
0.000000 -1.000000 1.000000
0.000000 -1.000000 1.000000
0.000000 -1.000000 1.000000
0.000000 -1.000000 1.000000
0.000000 -1.000000 1.000000
0.000000 -1.000000 1.000000
0.000000 -1.000000 1.000000
0.000000 -1.000000 1.000000
0.000000 -1.000000 1.000000
0.000000 -1.000000 1.000000
0.000000 -1.000000 1.000000
0.000000 -1.000000 1.000000
0.000000 -1.000000 1.000000
0.000000 -1.000000 1.000000
0.000000 -1.000000 1.000000
0.000000 -1.000000 1.000000
0.000000 -1.000000 1.000000
0.000000 -1.000000 1.000000
0.000000 -1.000000 1.000000
0.000000 -1.000000 1.000000
0.000000 -1.000000 1.000000
0.000000 -2.828427 -1.000000
0.000000 -2.828427 -1.000000
0.000000 -2.828427 -1.000000
0.000000 -2.236068 -1.000000
0.000000 -3.000000 -2.000000
0.000000 -2.000000 -1.000000
0.000000 -2.000000 -1.000000
0.000000 -2.000000 -1.000000
0.000000 -2.000000 -1.000000
0.000000 -2.000000 -1.000000
0.000000 -2.000000 -1.000000
0.000000 -2.000000 -1.000000
0.000000 -2.000000 -1.000000
0.000000 -14.035669 -13.152946
0.000000 -9.848858 -9.000000
0.000000 -2.828427 -2.000000
0.000000 -2.236068 -1.414214
0.000000 -2.236068 -1.414214
0.000000 -2.828427 -2.236068
0.000000 -2.828427 -2.236068
0.000000 -2.828427 -2.236068
0.000000 -2.000000 -1.414214
0.000000 -2.000000 -1.414214
0.000000 -2.000000 -1.414214
0.000000 -5.000000 -4.472136
0.000000 -3.605551 -3.162278
0.000000 -9.848858 -9.433981
0.000000 -1.414214 -1.000000
0.000000 -1.414214 -1.000000
0.000000 -1.414214 -1.000000
0.000000 -1.414214 -1.000000
0.000000 -1.414214 -1.000000
0.000000 -1.414214 -1.000000
0.000000 -1.414214 -1.000000
0.000000 -1.414214 -1.000000
0.000000 1.000000 1.414214
0.000000 -1.414214 -1.000000
0.000000 1.000000 1.414214
0.000000 -1.414214 -1.000000
0.000000 -1.414214 -1.000000
0.000000 -1.414214 -1.000000
0.000000 -1.414214 -1.000000
0.000000 1.000000 1.414214
0.000000 -1.414214 -1.000000
0.000000 -1.414214 -1.000000
0.000000 -1.414214 -1.000000
0.000000 -1.414214 -1.000000
0.000000 -1.414214 -1.000000
0.000000 -1.414214 -1.000000
0.000000 -1.414214 -1.000000
0.000000 -1.414214 -1.000000
0.000000 -7.071068 -6.708204
0.000000 -9.848858 -9.486833
0.000000 -6.708204 -6.403124
0.000000 -2.236068 -2.000000
0.000000 -2.236068 -2.000000
0.000000 -2.236068 -2.000000
0.000000 -2.236068 -2.000000
0.000000 -2.236068 -2.000000
0.000000 -4.472136 -4.242641
0.000000 -13.341664 -13.152946
0.000000 -3.162278 -3.000000
0.000000 -3.162278 -3.000000
0.000000 -10.000000 -9.899495
0.000000 -7.071068 -7.000000
0.000000 -7.280110 -7.211103
