1.000000 1.000000 inf
1.000000 1.000000 inf
1.000000 1.000000 inf
1.000000 1.000000 inf
1.000000 1.000000 inf
1.000000 1.000000 inf
1.000000 1.000000 inf
1.000000 1.000000 inf
1.000000 1.000000 inf
1.000000 1.000000 inf
1.000000 1.000000 inf
1.000000 1.000000 inf
1.000000 1.000000 inf
1.000000 1.000000 inf
1.000000 1.000000 inf
1.000000 1.000000 inf
1.000000 1.000000 inf
1.000000 1.000000 inf
1.000000 1.000000 inf
1.000000 1.000000 inf
1.000000 1.000000 inf
1.000000 1.000000 inf
1.000000 1.000000 inf
1.000000 -2.236068 inf
1.000000 1.000000 inf
1.000000 1.000000 inf
1.000000 1.000000 inf
1.000000 1.000000 inf
1.000000 1.000000 inf
1.000000 1.000000 inf
1.000000 1.000000 inf
1.000000 1.000000 inf
1.000000 1.000000 inf
1.000000 1.000000 inf
1.000000 1.000000 inf
1.000000 1.000000 inf
1.000000 1.000000 inf
1.000000 1.000000 inf
1.000000 1.000000 inf
1.000000 1.000000 inf
1.000000 1.000000 inf
1.000000 1.000000 inf
1.000000 1.000000 inf
1.000000 1.000000 inf
1.000000 1.000000 inf
1.000000 1.000000 inf
1.000000 1.000000 inf
1.000000 1.000000 inf
1.000000 1.000000 inf
1.000000 1.000000 inf
1.000000 1.000000 inf
1.000000 -1.414214 inf
1.000000 1.000000 inf
1.000000 1.000000 inf
1.000000 1.000000 inf
1.000000 1.000000 inf
1.000000 1.000000 inf
1.000000 -2.236068 inf
1.000000 1.000000 inf
1.000000 1.000000 inf
1.000000 1.000000 inf
1.000000 1.000000 inf
1.000000 1.000000 inf
1.000000 1.000000 inf
1.000000 1.000000 inf
1.000000 1.000000 inf
1.000000 -1.000000 inf
1.000000 1.000000 inf
1.000000 1.000000 inf
1.000000 1.000000 inf
1.000000 -1.000000 inf
1.000000 -2.000000 inf
1.000000 -1.000000 inf
1.000000 1.000000 inf
1.000000 1.000000 inf
1.000000 1.000000 inf
1.000000 -1.000000 inf
1.000000 1.000000 inf
1.000000 1.000000 inf
1.000000 1.000000 inf
1.000000 1.000000 inf
1.000000 1.000000 inf
1.000000 1.000000 inf
1.000000 1.000000 inf
1.000000 1.000000 inf
1.000000 1.000000 inf
1.000000 1.000000 inf
1.000000 1.000000 inf
1.000000 1.000000 inf
1.000000 1.000000 inf
1.000000 1.000000 inf
1.000000 1.000000 inf
1.000000 1.000000 inf
1.000000 1.000000 inf
1.000000 1.000000 inf
1.000000 1.000000 inf
1.000000 1.000000 inf
1.000000 1.000000 inf
1.000000 1.000000 inf
1.000000 1.000000 inf
1.000000 1.000000 inf
1.000000 1.000000 inf
1.000000 1.000000 inf
1.000000 1.000000 inf
1.000000 1.000000 inf
1.000000 1.000000 inf
1.000000 1.000000 inf
1.000000 1.000000 inf
1.000000 1.000000 inf
1.000000 1.000000 inf
1.000000 1.000000 inf
1.000000 1.000000 inf
1.000000 1.000000 inf
1.000000 1.000000 inf
1.000000 1.000000 inf
1.000000 1.000000 inf
1.000000 1.000000 inf
1.000000 1.000000 inf
1.000000 1.000000 inf
1.000000 1.000000 inf
1.000000 1.000000 inf
1.000000 1.000000 inf
1.000000 1.000000 inf
1.000000 1.000000 inf
1.000000 1.000000 inf
1.000000 1.000000 inf
1.000000 1.000000 inf
1.000000 1.000000 inf
1.000000 1.000000 inf
1.000000 1.000000 inf
1.000000 1.000000 inf
1.000000 1.000000 inf
1.000000 1.000000 inf
1.000000 1.000000 inf
1.000000 1.000000 inf
1.000000 1.000000 inf
1.000000 1.000000 inf
1.000000 1.000000 inf
1.000000 1.000000 inf
1.000000 1.000000 inf
1.000000 1.000000 inf
1.000000 1.000000 inf
1.000000 1.000000 inf
1.000000 1.000000 inf
1.000000 1.000000 inf
1.000000 1.000000 inf
1.000000 1.000000 inf
1.000000 1.000000 inf
1.000000 1.000000 inf
1.000000 1.000000 inf
1.000000 1.000000 inf
1.000000 1.000000 inf
1.000000 1.000000 inf
1.000000 1.000000 inf
1.000000 1.000000 inf
1.000000 1.000000 inf
1.000000 1.000000 inf
1.000000 1.000000 inf
1.000000 1.000000 inf
1.000000 1.000000 inf
1.000000 1.000000 inf
1.000000 1.000000 inf
1.000000 1.000000 inf
1.000000 1.000000 inf
1.000000 1.000000 inf
1.000000 1.000000 inf
1.000000 1.000000 inf
1.000000 1.000000 inf
1.000000 1.000000 inf
1.000000 1.000000 inf
1.000000 1.000000 inf
1.000000 1.000000 inf
1.000000 1.000000 inf
1.000000 1.000000 inf
1.000000 1.000000 inf
1.000000 1.000000 inf
1.000000 1.000000 inf
1.000000 1.000000 inf
1.000000 1.000000 inf
1.000000 1.000000 inf
1.000000 1.000000 inf
1.000000 1.000000 inf
1.000000 1.000000 inf
1.000000 1.000000 inf
1.000000 1.000000 inf
1.000000 1.000000 inf
1.000000 1.000000 inf
1.000000 1.000000 inf
1.000000 1.000000 inf
1.000000 1.000000 inf
1.000000 1.000000 inf
1.000000 1.000000 inf
1.000000 1.000000 inf
1.000000 1.000000 inf
1.000000 1.000000 inf
1.000000 1.000000 inf
1.000000 1.000000 inf
1.000000 1.000000 inf
1.000000 1.000000 inf
1.000000 1.000000 inf
1.000000 1.000000 inf
1.000000 1.000000 inf
1.000000 1.000000 inf
1.000000 1.000000 inf
1.000000 1.000000 inf
1.000000 1.000000 inf
1.000000 1.000000 inf
1.000000 1.000000 inf
1.000000 1.000000 inf
1.000000 1.000000 inf
1.000000 1.000000 inf
1.000000 1.000000 inf
1.000000 1.000000 inf
1.000000 1.000000 inf
1.000000 1.000000 inf
1.000000 1.000000 inf
1.000000 1.000000 inf
1.000000 1.000000 inf
1.000000 1.000000 inf
1.000000 1.000000 inf
1.000000 1.000000 inf
1.000000 1.000000 inf
1.000000 1.000000 inf
1.000000 1.000000 inf
1.000000 1.000000 inf
1.000000 1.000000 inf
1.000000 1.000000 inf
1.000000 1.000000 inf
1.000000 1.000000 inf
1.000000 1.000000 inf
1.000000 1.000000 inf
1.000000 1.000000 inf
1.000000 1.000000 inf
1.000000 1.000000 inf
1.000000 1.000000 inf
1.000000 1.000000 inf
1.000000 1.000000 inf
1.000000 1.000000 inf
1.000000 1.000000 inf
1.000000 1.000000 inf
1.000000 1.000000 inf
1.000000 1.000000 inf
1.000000 1.000000 inf
1.000000 1.000000 inf
1.000000 1.000000 inf
1.000000 1.000000 inf
1.000000 1.000000 inf
1.000000 1.000000 inf
1.000000 1.000000 inf
1.000000 1.000000 inf
1.000000 1.000000 inf
1.000000 1.000000 inf
1.000000 1.000000 inf
1.000000 1.000000 inf
1.000000 1.000000 inf
1.000000 1.000000 inf
1.000000 1.000000 inf
1.000000 1.000000 inf
1.000000 1.000000 inf
1.000000 1.000000 inf
1.000000 1.000000 inf
1.000000 1.000000 inf
1.000000 1.000000 inf
1.000000 1.000000 inf
1.000000 1.000000 inf
1.000000 1.000000 inf
1.000000 1.000000 inf
1.000000 1.000000 inf
1.000000 1.000000 inf
1.000000 1.000000 inf
1.000000 1.000000 inf
1.000000 1.000000 inf
1.000000 1.000000 inf
1.000000 1.000000 inf
1.000000 1.000000 inf
1.000000 1.000000 inf
1.000000 1.000000 inf
1.000000 1.000000 inf
1.000000 1.000000 inf
1.000000 1.000000 inf
1.000000 1.000000 inf
1.000000 1.000000 inf
1.000000 1.000000 inf
1.000000 1.000000 inf
1.000000 1.000000 inf
1.000000 1.000000 inf
1.000000 1.000000 inf
1.000000 1.000000 inf
1.000000 1.000000 inf
1.000000 1.000000 inf
1.000000 1.000000 inf
1.000000 1.000000 inf
1.000000 1.000000 inf
1.000000 1.000000 inf
1.000000 1.000000 inf
1.000000 1.000000 inf
1.000000 1.000000 inf
1.000000 1.000000 inf
1.000000 1.000000 inf
1.000000 1.000000 inf
1.000000 1.000000 inf
1.000000 1.000000 inf
1.000000 1.000000 inf
1.000000 1.000000 inf
1.000000 1.000000 inf
1.000000 1.000000 inf
1.000000 1.000000 inf
1.000000 1.000000 inf
1.000000 1.000000 inf
1.000000 1.000000 inf
1.000000 1.000000 inf
1.000000 1.000000 inf
1.000000 1.000000 inf
1.000000 1.000000 inf
1.000000 1.000000 inf
1.000000 1.000000 inf
1.000000 1.000000 inf
1.000000 1.000000 inf
1.000000 -4.123106 inf
1.000000 1.000000 inf
1.000000 1.000000 inf
1.000000 1.000000 inf
1.000000 1.000000 inf
1.000000 1.000000 inf
1.000000 1.000000 inf
1.000000 1.000000 inf
1.000000 1.000000 inf
1.000000 1.000000 inf
1.000000 1.000000 inf
1.000000 1.000000 inf
1.000000 1.000000 inf
1.000000 1.000000 inf
1.000000 1.000000 inf
1.000000 1.000000 inf
1.000000 1.000000 inf
1.000000 1.000000 inf
1.000000 1.000000 inf
1.000000 1.000000 inf
1.000000 1.000000 inf
1.000000 1.000000 inf
1.000000 1.000000 inf
1.000000 1.000000 inf
1.000000 1.000000 inf
1.000000 1.000000 inf
1.000000 1.000000 inf
1.000000 -1.000000 inf
1.000000 -2.828427 inf
1.000000 1.000000 inf
1.000000 1.000000 inf
1.000000 1.000000 inf
1.000000 1.000000 inf
1.000000 1.000000 inf
1.000000 1.000000 inf
1.000000 1.000000 inf
1.000000 1.000000 inf
1.000000 1.000000 inf
1.000000 1.000000 inf
1.000000 1.000000 inf
1.000000 1.000000 inf
1.000000 1.000000 inf
1.000000 1.000000 inf
1.000000 1.000000 inf
1.000000 1.000000 inf
1.000000 1.000000 inf
1.000000 1.000000 inf
1.000000 1.000000 inf
1.000000 1.000000 inf
1.000000 1.000000 inf
1.000000 1.000000 inf
1.000000 1.000000 inf
1.000000 1.000000 inf
1.000000 1.000000 inf
1.000000 1.000000 inf
1.000000 1.000000 inf
1.000000 1.000000 inf
1.000000 1.000000 inf
1.000000 1.000000 inf
1.000000 1.000000 inf
1.000000 1.000000 inf
1.000000 1.000000 inf
1.000000 1.000000 inf
1.000000 1.000000 inf
1.000000 1.000000 inf
1.000000 1.000000 inf
1.000000 1.000000 inf
1.000000 1.000000 inf
1.000000 1.000000 inf
1.000000 -2.000000 inf
1.000000 1.000000 inf
1.000000 1.000000 inf
1.000000 1.000000 inf
1.000000 1.000000 inf
1.000000 1.000000 inf
1.000000 1.000000 inf
1.000000 1.000000 inf
1.000000 1.000000 inf
1.000000 1.000000 inf
1.000000 1.000000 inf
1.000000 1.000000 inf
1.000000 1.000000 inf
1.000000 1.000000 inf
1.000000 1.000000 inf
1.000000 1.000000 inf
1.000000 1.000000 inf
1.000000 1.000000 inf
1.000000 1.000000 inf
1.000000 1.000000 inf
1.000000 1.000000 inf
1.000000 1.000000 inf
1.000000 1.000000 inf
1.000000 1.000000 inf
1.000000 1.000000 inf
1.000000 1.000000 inf
1.000000 1.000000 inf
1.000000 1.000000 inf
1.000000 1.000000 inf
1.000000 1.000000 inf
1.000000 1.000000 inf
1.000000 1.000000 inf
1.000000 1.000000 inf
1.000000 1.000000 inf
1.000000 1.000000 inf
1.000000 1.000000 inf
1.000000 1.000000 inf
1.000000 1.000000 inf
1.000000 1.000000 inf
1.000000 1.000000 inf
1.000000 1.000000 inf
1.000000 1.000000 inf
1.000000 1.000000 inf
1.000000 1.000000 inf
1.000000 1.000000 inf
1.000000 1.000000 inf
1.000000 1.000000 inf
1.000000 1.000000 inf
1.000000 1.000000 inf
1.000000 1.000000 inf
1.000000 1.000000 inf
1.000000 1.000000 inf
1.000000 1.000000 inf
1.000000 1.000000 inf
1.000000 1.000000 inf
1.000000 1.000000 inf
1.000000 1.000000 inf
1.000000 1.000000 inf
1.000000 1.000000 inf
1.000000 1.000000 inf
1.000000 1.000000 inf
1.000000 1.000000 inf
1.000000 1.000000 inf
1.000000 1.000000 inf
1.000000 1.000000 inf
1.000000 1.000000 inf
1.000000 1.000000 inf
1.000000 1.000000 inf
1.000000 1.000000 inf
1.000000 1.000000 inf
1.000000 1.000000 inf
1.000000 1.000000 inf
1.000000 1.000000 inf
1.000000 1.000000 inf
1.000000 1.000000 inf
1.000000 1.000000 inf
1.000000 1.000000 inf
1.000000 1.000000 inf
1.000000 1.000000 inf
1.000000 1.000000 inf
1.000000 1.000000 inf
1.000000 1.000000 inf
1.000000 1.000000 inf
1.000000 1.000000 inf
1.000000 1.000000 inf
1.000000 1.000000 inf
1.000000 1.000000 inf
1.000000 1.000000 inf
1.000000 1.000000 inf
1.000000 1.000000 inf
1.000000 1.000000 inf
1.000000 1.000000 inf
1.000000 1.000000 inf
1.000000 1.000000 inf
1.000000 1.000000 inf
1.000000 1.000000 inf
1.000000 1.000000 inf
1.000000 1.000000 inf
1.000000 1.000000 inf
1.000000 1.000000 inf
1.000000 1.000000 inf
1.000000 1.000000 inf
1.000000 1.000000 inf
1.000000 1.000000 inf
1.000000 1.000000 inf
1.000000 1.000000 inf
1.000000 1.000000 inf
1.000000 1.000000 inf
1.000000 1.000000 inf
1.000000 1.000000 inf
1.000000 1.000000 inf
1.000000 1.000000 inf
1.000000 1.000000 inf
1.000000 1.000000 inf
1.000000 1.000000 inf
1.000000 1.000000 inf
1.000000 1.000000 inf
1.000000 1.000000 inf
1.000000 1.000000 inf
1.000000 1.000000 inf
1.000000 1.000000 inf
1.000000 1.000000 inf
1.000000 1.000000 inf
1.000000 1.000000 inf
1.000000 1.000000 inf
1.000000 1.000000 inf
1.000000 1.000000 inf
1.000000 1.000000 inf
1.000000 1.000000 inf
1.000000 1.000000 inf
1.000000 1.000000 inf
1.000000 1.000000 inf
1.000000 1.000000 inf
1.000000 1.000000 inf
1.000000 1.000000 inf
1.000000 1.000000 inf
1.000000 1.000000 inf
1.000000 1.000000 inf
1.000000 1.000000 inf
1.000000 1.000000 inf
1.000000 1.000000 inf
1.000000 1.000000 inf
1.000000 1.000000 inf
1.000000 1.000000 inf
1.000000 1.000000 inf
1.000000 -6.708204 1.000000
1.000000 -4.242641 1.000000
1.000000 -4.242641 1.000000
1.000000 -4.123106 1.000000
1.000000 1.000000 6.082763
1.000000 1.000000 6.082763
1.000000 -4.000000 1.000000
1.000000 -3.605551 1.000000
1.000000 -3.605551 1.000000
1.000000 1.000000 5.000000
1.000000 -2.828427 1.000000
1.000000 -2.828427 1.000000
1.000000 -2.828427 1.000000
1.000000 -2.828427 1.000000
1.000000 -2.828427 1.000000
1.000000 -2.828427 1.000000
1.000000 -2.828427 1.000000
1.000000 1.414214 5.099020
1.000000 1.414214 5.099020
1.000000 1.000000 4.472136
1.000000 1.000000 4.242641
1.000000 1.000000 4.242641
1.000000 1.000000 4.242641
1.000000 -2.236068 1.000000
1.000000 -2.236068 1.000000
1.000000 -2.236068 1.000000
1.000000 -2.236068 1.000000
1.000000 -2.236068 1.000000
1.000000 -2.236068 1.000000
1.000000 -2.236068 1.000000
1.000000 -2.236068 1.000000
1.000000 -2.236068 1.000000
1.000000 -2.236068 1.000000
1.000000 -2.236068 1.000000
1.000000 -2.236068 1.000000
1.000000 -2.236068 1.000000
1.000000 -2.236068 1.000000
1.000000 1.000000 4.123106
1.000000 1.000000 4.123106
1.000000 -2.000000 1.000000
1.000000 -1.000000 2.000000
1.000000 -2.000000 1.000000
1.000000 -2.000000 1.000000
1.000000 -2.000000 1.000000
1.000000 -2.000000 1.000000
1.000000 1.000000 4.000000
1.000000 1.000000 4.000000
1.000000 -2.000000 1.000000
1.000000 1.414214 4.242641
1.000000 1.000000 3.605551
1.000000 1.000000 3.605551
1.000000 1.000000 3.605551
1.000000 1.000000 3.605551
1.000000 -1.000000 1.414214
1.000000 -1.000000 1.414214
1.000000 -1.000000 1.414214
1.000000 -1.414214 1.000000
1.000000 -1.414214 1.000000
1.000000 -1.414214 1.000000
1.000000 -1.414214 1.000000
1.000000 -1.414214 1.000000
1.000000 -1.414214 1.000000
1.000000 -1.414214 1.000000
1.000000 -1.414214 1.000000
1.000000 -1.414214 1.000000
1.000000 -1.414214 1.000000
1.000000 -1.414214 1.000000
1.000000 -1.414214 1.000000
1.000000 -1.414214 1.000000
1.000000 -1.414214 1.000000
1.000000 -1.414214 1.000000
1.000000 -1.414214 1.000000
1.000000 1.414214 3.605551
1.000000 2.828427 5.000000
1.000000 1.000000 3.162278
1.000000 1.000000 3.162278
1.000000 1.000000 3.162278
1.000000 1.000000 3.162278
1.000000 1.000000 3.162278
1.000000 1.000000 3.162278
1.000000 2.000000 4.123106
1.000000 -1.000000 1.000000
1.000000 -1.000000 1.000000
1.000000 -1.000000 1.000000
1.000000 -1.000000 1.000000
1.000000 -1.000000 1.000000
1.000000 -1.000000 1.000000
1.000000 -1.000000 1.000000
1.000000 -1.000000 1.000000
1.000000 -1.000000 1.000000
1.000000 -1.000000 1.000000
1.000000 -1.000000 1.000000
1.000000 -1.000000 1.000000
1.000000 -1.000000 1.000000
1.000000 -1.000000 1.000000
1.000000 -1.000000 1.000000
1.000000 -1.000000 1.000000
1.000000 -1.000000 1.000000
1.000000 -1.000000 1.000000
1.000000 -1.000000 1.000000
1.000000 -1.000000 1.000000
1.000000 -1.000000 1.000000
1.000000 -1.000000 1.000000
1.000000 -1.000000 1.000000
1.000000 -1.000000 1.000000
1.000000 -1.000000 1.000000
1.000000 -1.000000 1.000000
1.000000 -1.000000 1.000000
1.000000 -1.000000 1.000000
1.000000 -1.000000 1.000000
1.000000 -1.000000 1.000000
1.000000 -1.000000 1.000000
1.000000 -1.000000 1.000000
1.000000 -1.000000 1.000000
1.000000 -1.000000 1.000000
1.000000 -1.000000 1.000000
1.000000 -1.000000 1.000000
1.000000 -1.000000 1.000000
1.000000 -1.000000 1.000000
1.000000 -1.000000 1.000000
1.000000 -1.000000 1.000000
1.000000 -1.000000 1.000000
1.000000 -1.000000 1.000000
1.000000 -1.000000 1.000000
1.000000 -1.000000 1.000000
1.000000 -1.000000 1.000000
1.000000 -1.000000 1.000000
1.000000 -1.000000 1.000000
1.000000 -1.000000 1.000000
1.000000 -1.000000 1.000000
1.000000 -1.000000 1.000000
1.000000 -1.000000 1.000000
1.000000 -1.000000 1.000000
1.000000 -1.000000 1.000000
1.000000 -1.000000 1.000000
1.000000 -1.000000 1.000000
1.000000 -1.000000 1.000000
1.000000 -1.000000 1.000000
1.000000 -1.000000 1.000000
1.000000 -1.000000 1.000000
1.000000 -1.000000 1.000000
1.000000 -1.000000 1.000000
1.000000 -1.000000 1.000000
1.000000 -1.000000 1.000000
1.000000 -1.000000 1.000000
1.000000 -1.000000 1.000000
1.000000 -1.000000 1.000000
1.000000 -1.000000 1.000000
1.000000 -1.000000 1.000000
1.000000 -1.000000 1.000000
1.000000 -1.000000 1.000000
1.000000 -1.000000 1.000000
1.000000 -1.000000 1.000000
1.000000 -1.000000 1.000000
1.000000 -1.000000 1.000000
1.000000 -1.000000 1.000000
1.000000 -1.000000 1.000000
1.000000 -1.000000 1.000000
1.000000 -1.000000 1.000000
1.000000 -1.000000 1.000000
1.000000 -1.000000 1.000000
1.000000 -1.000000 1.000000
1.000000 -1.000000 1.000000
1.000000 -1.000000 1.000000
1.000000 -1.000000 1.000000
1.000000 -1.000000 1.000000
1.000000 -1.000000 1.000000
1.000000 -1.000000 1.000000
1.000000 -1.000000 1.000000
1.000000 -1.000000 1.000000
1.000000 -1.000000 1.000000
1.000000 -1.000000 1.000000
1.000000 -1.000000 1.000000
1.000000 -1.000000 1.000000
1.000000 -1.000000 1.000000
1.000000 -1.000000 1.000000
1.000000 -1.000000 1.000000
1.000000 -1.000000 1.000000
1.000000 -1.000000 1.000000
1.000000 -1.000000 1.000000
1.000000 -1.000000 1.000000
1.000000 -1.000000 1.000000
1.000000 -1.000000 1.000000
1.000000 -1.000000 1.000000
1.000000 -1.000000 1.000000
1.000000 -1.000000 1.000000
1.000000 -1.000000 1.000000
1.000000 -1.000000 1.000000
1.000000 -1.000000 1.000000
1.000000 -1.000000 1.000000
1.000000 -1.000000 1.000000
1.000000 -1.000000 1.000000
1.000000 -1.000000 1.000000
1.000000 -1.000000 1.000000
1.000000 -1.000000 1.000000
1.000000 -1.000000 1.000000
1.000000 -1.000000 1.000000
1.000000 -1.000000 1.000000
1.000000 -1.000000 1.000000
1.000000 -1.000000 1.000000
1.000000 -1.000000 1.000000
1.000000 -1.000000 1.000000
1.000000 -1.000000 1.000000
1.000000 -1.000000 1.000000
1.000000 -1.000000 1.000000
1.000000 -1.000000 1.000000
1.000000 -1.000000 1.000000
1.000000 -1.000000 1.000000
1.000000 -1.000000 1.000000
1.000000 -1.000000 1.000000
1.000000 -1.000000 1.000000
1.000000 -1.000000 1.000000
1.000000 -1.000000 1.000000
1.000000 -1.000000 1.000000
1.000000 -1.000000 1.000000
1.000000 -1.000000 1.000000
1.000000 -1.000000 1.000000
1.000000 -1.000000 1.000000
1.000000 -1.000000 1.000000
1.000000 -1.000000 1.000000
1.000000 -1.000000 1.000000
1.000000 -1.000000 1.000000
1.000000 -1.000000 1.000000
1.000000 -1.000000 1.000000
1.000000 -1.000000 1.000000
1.000000 -1.000000 1.000000
1.000000 -1.000000 1.000000
1.000000 -1.000000 1.000000
1.000000 -1.000000 1.000000
1.000000 -1.000000 1.000000
1.000000 -1.000000 1.000000
1.000000 -1.000000 1.000000
1.000000 -1.000000 1.000000
1.000000 -1.000000 1.000000
1.000000 -1.000000 1.000000
1.000000 -1.000000 1.000000
1.000000 -1.000000 1.000000
1.000000 -1.000000 1.000000
1.000000 -1.000000 1.000000
1.000000 2.000000 4.000000
1.000000 1.000000 3.000000
1.000000 1.000000 3.000000
1.000000 1.000000 3.000000
1.000000 1.000000 3.000000
1.000000 1.000000 3.000000
1.000000 1.000000 3.000000
1.000000 1.000000 3.000000
1.000000 1.000000 3.000000
1.000000 -1.000000 1.000000
1.000000 -1.000000 1.000000
1.000000 -1.000000 1.000000
1.000000 -1.000000 1.000000
1.000000 -1.000000 1.000000
1.000000 -1.000000 1.000000
1.000000 -1.000000 1.000000
1.000000 -1.000000 1.000000
1.000000 -1.000000 1.000000
1.000000 -1.000000 1.000000
1.000000 -1.000000 1.000000
1.000000 -1.000000 1.000000
1.000000 -1.000000 1.000000
1.000000 -1.000000 1.000000
1.000000 -1.000000 1.000000
1.000000 -1.000000 1.000000
1.000000 -1.000000 1.000000
1.000000 -1.000000 1.000000
1.000000 -1.000000 1.000000
1.000000 -1.000000 1.000000
1.000000 -1.000000 1.000000
1.000000 -1.000000 1.000000
1.000000 -1.000000 1.000000
1.000000 -1.000000 1.000000
1.000000 -1.000000 1.000000
1.000000 -1.000000 1.000000
1.000000 -1.000000 1.000000
1.000000 -1.000000 1.000000
1.000000 -1.000000 1.000000
1.000000 -1.000000 1.000000
1.000000 -1.000000 1.000000
1.000000 -1.000000 1.000000
1.000000 -1.000000 1.000000
1.000000 -1.000000 1.000000
1.000000 -1.000000 1.000000
1.000000 -1.000000 1.000000
1.000000 -1.000000 1.000000
1.000000 -1.000000 1.000000
1.000000 -1.000000 1.000000
1.000000 -1.000000 1.000000
1.000000 -1.000000 1.000000
1.000000 -1.000000 1.000000
1.000000 -1.000000 1.000000
1.000000 -1.000000 1.000000
1.000000 -1.000000 1.000000
1.000000 -1.000000 1.000000
1.000000 -1.000000 1.000000
1.000000 -1.000000 1.000000
1.000000 -1.000000 1.000000
1.000000 -1.000000 1.000000
1.000000 -1.000000 1.000000
1.000000 -1.000000 1.000000
1.000000 -1.000000 1.000000
1.000000 -1.000000 1.000000
1.000000 -1.000000 1.000000
1.000000 -1.000000 1.000000
1.000000 -1.000000 1.000000
1.000000 -1.000000 1.000000
1.000000 -1.000000 1.000000
1.000000 -1.000000 1.000000
1.000000 -1.000000 1.000000
1.000000 -1.000000 1.000000
1.000000 -1.000000 1.000000
1.000000 -1.000000 1.000000
1.000000 -1.000000 1.000000
1.000000 -1.000000 1.000000
1.000000 -1.000000 1.000000
1.000000 -1.000000 1.000000
1.000000 -1.000000 1.000000
1.000000 -1.000000 1.000000
1.000000 -1.000000 1.000000
1.000000 -1.000000 1.000000
1.000000 -1.000000 1.000000
1.000000 -1.000000 1.000000
1.000000 -1.000000 1.000000
1.000000 -1.000000 1.000000
1.000000 -1.000000 1.000000
1.000000 -1.000000 1.000000
1.000000 -1.000000 1.000000
1.000000 -1.000000 1.000000
1.000000 -1.000000 1.000000
1.000000 -1.000000 1.000000
1.000000 -1.000000 1.000000
1.000000 -1.000000 1.000000
1.000000 -1.000000 1.000000
1.000000 -1.000000 1.000000
1.000000 -1.000000 1.000000
1.000000 -1.000000 1.000000
1.000000 -1.000000 1.000000
1.000000 -1.000000 1.000000
1.000000 -1.000000 1.000000
1.000000 -1.000000 1.000000
1.000000 -1.000000 1.000000
1.000000 -1.000000 1.000000
1.000000 -1.000000 1.000000
1.000000 -1.000000 1.000000
1.000000 -1.000000 1.000000
1.000000 -1.000000 1.000000
1.000000 -1.000000 1.000000
1.000000 -1.000000 1.000000
1.000000 -1.000000 1.000000
1.000000 -1.000000 1.000000
1.000000 -1.000000 1.000000
1.000000 -1.000000 1.000000
1.000000 -1.000000 1.000000
1.000000 -1.000000 1.000000
1.000000 -1.000000 1.000000
1.000000 -1.000000 1.000000
1.000000 -1.000000 1.000000
1.000000 -1.000000 1.000000
1.000000 -1.000000 1.000000
1.000000 -1.000000 1.000000
1.000000 -1.000000 1.000000
1.000000 2.236068 4.123106
1.000000 2.236068 4.123106
1.000000 1.000000 2.828427
1.000000 1.000000 2.828427
1.000000 1.000000 2.828427
1.000000 1.000000 2.828427
1.000000 1.000000 2.828427
1.000000 1.000000 2.828427
1.000000 1.000000 2.828427
1.000000 1.000000 2.828427
1.000000 1.414214 3.162278
1.000000 2.828427 4.472136
1.000000 2.000000 3.605551
1.000000 1.414214 3.000000
1.000000 3.000000 4.472136
1.000000 3.000000 4.472136
1.000000 1.414214 2.828427
1.000000 1.414214 2.828427
1.000000 1.414214 2.828427
1.000000 1.414214 2.828427
1.000000 2.236068 3.605551
1.000000 3.000000 4.242641
1.000000 1.000000 2.236068
1.000000 1.000000 2.236068
1.000000 1.000000 2.236068
1.000000 1.000000 2.236068
1.000000 1.000000 2.236068
1.000000 1.000000 2.236068
1.000000 1.000000 2.236068
1.000000 1.000000 2.236068
1.000000 1.000000 2.236068
1.000000 1.000000 2.236068
1.000000 1.000000 2.236068
1.000000 1.000000 2.236068
1.000000 1.000000 2.236068
1.000000 1.000000 2.236068
1.000000 1.000000 2.236068
1.000000 1.000000 2.236068
1.000000 1.000000 2.236068
1.000000 1.000000 2.236068
1.000000 1.000000 2.236068
1.000000 1.000000 2.236068
1.000000 1.000000 2.236068
1.000000 1.000000 2.236068
1.000000 1.000000 2.236068
1.000000 1.000000 2.236068
1.000000 1.000000 2.236068
1.000000 1.000000 2.236068
1.000000 1.000000 2.236068
1.000000 1.000000 2.236068
1.000000 1.000000 2.236068
1.000000 1.000000 2.236068
1.000000 1.000000 2.236068
1.000000 1.000000 2.236068
1.000000 1.000000 2.236068
1.000000 1.000000 2.236068
1.000000 1.000000 2.236068
1.000000 1.000000 2.236068
1.000000 1.000000 2.236068
1.000000 1.000000 2.236068
1.000000 1.000000 2.236068
1.000000 1.000000 2.236068
1.000000 1.000000 2.236068
1.000000 1.000000 2.236068
1.000000 1.000000 2.236068
1.000000 1.000000 2.236068
1.000000 2.828427 4.000000
1.000000 2.000000 3.162278
1.000000 2.000000 3.162278
1.000000 2.000000 3.162278
1.000000 2.000000 3.162278
1.000000 3.000000 4.123106
1.000000 3.000000 4.123106
1.000000 1.000000 2.000000
1.000000 1.000000 2.000000
1.000000 1.000000 2.000000
1.000000 1.000000 2.000000
1.000000 1.000000 2.000000
1.000000 2.000000 3.000000
1.000000 1.000000 2.000000
1.000000 1.000000 2.000000
1.000000 1.000000 2.000000
1.000000 1.000000 2.000000
1.000000 1.000000 2.000000
1.000000 1.000000 2.000000
1.000000 1.000000 2.000000
1.000000 1.000000 2.000000
1.000000 1.000000 2.000000
1.000000 1.000000 2.000000
1.000000 1.000000 2.000000
1.000000 1.000000 2.000000
1.000000 1.000000 2.000000
1.000000 1.000000 2.000000
1.000000 1.000000 2.000000
1.000000 1.000000 2.000000
1.000000 1.000000 2.000000
1.000000 1.000000 2.000000
1.000000 1.000000 2.000000
1.000000 1.000000 2.000000
1.000000 1.000000 2.000000
1.000000 1.000000 2.000000
1.000000 1.000000 2.000000
1.000000 1.000000 2.000000
1.000000 1.000000 2.000000
1.000000 1.000000 2.000000
1.000000 1.000000 2.000000
1.000000 1.000000 2.000000
1.000000 1.000000 2.000000
1.000000 1.000000 2.000000
1.000000 3.000000 4.000000
1.000000 1.000000 2.000000
1.000000 1.000000 2.000000
1.000000 1.000000 2.000000
1.000000 1.000000 2.000000
1.000000 1.000000 2.000000
1.000000 1.000000 2.000000
1.000000 1.000000 2.000000
1.000000 1.000000 2.000000
1.000000 1.000000 2.000000
1.000000 1.000000 2.000000
1.000000 1.000000 2.000000
1.000000 1.000000 2.000000
1.000000 1.000000 2.000000
1.000000 1.000000 2.000000
1.000000 1.000000 2.000000
1.000000 2.236068 3.162278
1.000000 2.236068 3.162278
1.000000 2.000000 2.828427
1.000000 2.000000 2.828427
1.000000 2.000000 2.828427
1.000000 2.000000 2.828427
1.000000 2.000000 2.828427
1.000000 2.000000 2.828427
1.000000 2.000000 2.828427
1.000000 2.000000 2.828427
1.000000 1.414214 2.236068
1.000000 1.414214 2.236068
1.000000 1.414214 2.236068
1.000000 1.414214 2.236068
1.000000 1.414214 2.236068
1.000000 1.414214 2.236068
1.000000 1.414214 2.236068
1.000000 1.414214 2.236068
1.000000 1.414214 2.236068
1.000000 1.414214 2.236068
1.000000 1.414214 2.236068
1.000000 1.414214 2.236068
1.000000 1.414214 2.236068
1.000000 1.414214 2.236068
1.000000 1.414214 2.236068
1.000000 1.414214 2.236068
1.000000 1.414214 2.236068
1.000000 1.414214 2.236068
1.000000 1.414214 2.236068
1.000000 1.414214 2.236068
1.000000 1.414214 2.236068
1.000000 2.828427 3.605551
1.000000 2.828427 3.605551
1.000000 2.236068 3.000000
1.000000 2.236068 3.000000
1.000000 2.236068 3.000000
1.000000 2.236068 3.000000
1.000000 2.236068 3.000000
1.000000 2.236068 3.000000
1.000000 4.242641 5.000000
1.000000 3.605551 4.242641
1.000000 4.472136 5.099020
1.000000 3.000000 3.605551
1.000000 3.000000 3.605551
1.000000 2.236068 2.828427
1.000000 2.236068 2.828427
1.000000 2.236068 2.828427
1.000000 2.236068 2.828427
1.000000 2.236068 2.828427
1.000000 2.236068 2.828427
1.000000 2.236068 2.828427
1.000000 2.236068 2.828427
1.000000 2.236068 2.828427
1.000000 2.236068 2.828427
1.000000 2.236068 2.828427
1.000000 2.236068 2.828427
1.000000 2.236068 2.828427
1.000000 2.236068 2.828427
1.000000 2.236068 2.828427
1.000000 2.236068 2.828427
1.000000 2.236068 2.828427
1.000000 2.236068 2.828427
1.000000 2.236068 2.828427
1.000000 2.236068 2.828427
1.000000 2.236068 2.828427
1.000000 2.236068 2.828427
1.000000 2.236068 2.828427
1.000000 2.236068 2.828427
1.000000 1.414214 2.000000
1.000000 1.414214 2.000000
1.000000 1.414214 2.000000
1.000000 1.414214 2.000000
1.000000 1.414214 2.000000
1.000000 1.414214 2.000000
1.000000 1.414214 2.000000
1.000000 1.414214 2.000000
1.000000 1.414214 2.000000
1.000000 1.414214 2.000000
1.000000 1.414214 2.000000
1.000000 1.414214 2.000000
1.000000 1.414214 2.000000
1.000000 1.414214 2.000000
1.000000 1.414214 2.000000
1.000000 1.414214 2.000000
1.000000 1.414214 2.000000
1.000000 1.414214 2.000000
1.000000 1.414214 2.000000
1.000000 1.414214 2.000000
1.000000 1.414214 2.000000
1.000000 1.414214 2.000000
1.000000 1.414214 2.000000
1.000000 1.414214 2.000000
1.000000 1.414214 2.000000
1.000000 1.414214 2.000000
1.000000 1.414214 2.000000
1.000000 1.414214 2.000000
1.000000 1.414214 2.000000
1.000000 1.414214 2.000000
1.000000 1.414214 2.000000
1.000000 1.414214 2.000000
1.000000 1.414214 2.000000
1.000000 1.414214 2.000000
1.000000 1.414214 2.000000
1.000000 1.414214 2.000000
1.000000 1.414214 2.000000
1.000000 1.414214 2.000000
1.000000 1.414214 2.000000
1.000000 1.414214 2.000000
1.000000 1.414214 2.000000
1.000000 1.414214 2.000000
1.000000 1.414214 2.000000
1.000000 1.414214 2.000000
1.000000 1.414214 2.000000
1.000000 1.414214 2.000000
1.000000 4.472136 5.000000
1.000000 4.472136 5.000000
1.000000 4.472136 5.000000
1.000000 4.472136 5.000000
1.000000 3.605551 4.123106
1.000000 3.605551 4.123106
1.000000 3.605551 4.123106
1.000000 3.162278 3.605551
1.000000 3.162278 3.605551
1.000000 3.162278 3.605551
1.000000 3.162278 3.605551
1.000000 3.162278 3.605551
1.000000 3.162278 3.605551
1.000000 3.162278 3.605551
1.000000 3.162278 3.605551
1.000000 3.162278 3.605551
1.000000 3.162278 3.605551
1.000000 3.162278 3.605551
1.000000 3.162278 3.605551
1.000000 3.162278 3.605551
1.000000 3.162278 3.605551
1.000000 3.162278 3.605551
1.000000 1.000000 1.414214
1.000000 1.000000 1.414214
1.000000 1.000000 1.414214
1.000000 1.000000 1.414214
1.000000 1.000000 1.414214
1.000000 1.000000 1.414214
1.000000 1.000000 1.414214
1.000000 1.000000 1.414214
1.000000 1.000000 1.414214
1.000000 1.000000 1.414214
1.000000 1.000000 1.414214
1.000000 1.000000 1.414214
1.000000 1.000000 1.414214
1.000000 1.000000 1.414214
1.000000 1.000000 1.414214
1.000000 1.000000 1.414214
1.000000 1.000000 1.414214
1.000000 1.000000 1.414214
1.000000 1.000000 1.414214
1.000000 1.000000 1.414214
1.000000 1.000000 1.414214
1.000000 1.000000 1.414214
1.000000 1.000000 1.414214
1.000000 1.000000 1.414214
1.000000 1.000000 1.414214
1.000000 1.000000 1.414214
1.000000 1.000000 1.414214
1.000000 1.000000 1.414214
1.000000 1.000000 1.414214
1.000000 1.000000 1.414214
1.000000 1.000000 1.414214
1.000000 1.000000 1.414214
1.000000 1.000000 1.414214
1.000000 1.000000 1.414214
1.000000 1.000000 1.414214
1.000000 1.000000 1.414214
1.000000 1.000000 1.414214
1.000000 1.000000 1.414214
1.000000 1.000000 1.414214
1.000000 1.000000 1.414214
1.000000 1.000000 1.414214
1.000000 1.000000 1.414214
1.000000 1.000000 1.414214
1.000000 1.000000 1.414214
1.000000 1.000000 1.414214
1.000000 1.000000 1.414214
1.000000 1.000000 1.414214
1.000000 1.000000 1.414214
1.000000 1.000000 1.414214
1.000000 1.000000 1.414214
1.000000 1.000000 1.414214
1.000000 1.000000 1.414214
1.000000 1.000000 1.414214
1.000000 1.000000 1.414214
1.000000 1.000000 1.414214
1.000000 1.000000 1.414214
1.000000 1.000000 1.414214
1.000000 1.000000 1.414214
1.000000 1.000000 1.414214
1.000000 1.000000 1.414214
1.000000 1.000000 1.414214
1.000000 1.000000 1.414214
1.000000 1.000000 1.414214
1.000000 1.000000 1.414214
1.000000 1.000000 1.414214
1.000000 1.000000 1.414214
1.000000 1.000000 1.414214
1.000000 1.000000 1.414214
1.000000 1.000000 1.414214
1.000000 1.000000 1.414214
1.000000 1.000000 1.414214
1.000000 1.000000 1.414214
1.000000 1.000000 1.414214
1.000000 1.000000 1.414214
1.000000 1.000000 1.414214
1.000000 1.000000 1.414214
1.000000 1.000000 1.414214
1.000000 1.000000 1.414214
1.000000 1.000000 1.414214
1.000000 1.000000 1.414214
1.000000 1.000000 1.414214
1.000000 1.000000 1.414214
1.000000 1.000000 1.414214
1.000000 1.000000 1.414214
1.000000 1.000000 1.414214
1.000000 1.000000 1.414214
1.000000 1.000000 1.414214
1.000000 1.000000 1.414214
1.000000 1.000000 1.414214
1.000000 1.000000 1.414214
1.000000 1.000000 1.414214
1.000000 1.000000 1.414214
1.000000 1.000000 1.414214
1.000000 1.000000 1.414214
1.000000 1.000000 1.414214
1.000000 1.000000 1.414214
1.000000 1.000000 1.414214
1.000000 1.000000 1.414214
1.000000 1.000000 1.414214
1.000000 1.000000 1.414214
1.000000 1.000000 1.414214
1.000000 1.000000 1.414214
1.000000 1.000000 1.414214
1.000000 1.000000 1.414214
1.000000 1.000000 1.414214
1.000000 1.000000 1.414214
1.000000 1.000000 1.414214
1.000000 1.000000 1.414214
1.000000 1.000000 1.414214
1.000000 1.000000 1.414214
1.000000 1.000000 1.414214
1.000000 1.000000 1.414214
1.000000 1.000000 1.414214
1.000000 1.000000 1.414214
1.000000 1.000000 1.414214
1.000000 1.000000 1.414214
1.000000 1.000000 1.414214
1.000000 1.000000 1.414214
1.000000 1.000000 1.414214
1.000000 1.000000 1.414214
1.000000 1.000000 1.414214
1.000000 1.000000 1.414214
1.000000 1.000000 1.414214
1.000000 1.000000 1.414214
1.000000 1.000000 1.414214
1.000000 1.000000 1.414214
1.000000 1.000000 1.414214
1.000000 1.000000 1.414214
1.000000 1.000000 1.414214
1.000000 1.000000 1.414214
1.000000 1.000000 1.414214
1.000000 1.000000 1.414214
1.000000 1.000000 1.414214
1.000000 1.000000 1.414214
1.000000 1.000000 1.414214
1.000000 1.000000 1.414214
1.000000 1.000000 1.414214
1.000000 1.000000 1.414214
1.000000 1.000000 1.414214
1.000000 1.000000 1.414214
1.000000 1.000000 1.414214
1.000000 1.000000 1.414214
1.000000 1.000000 1.414214
1.000000 1.000000 1.414214
1.000000 1.000000 1.414214
1.000000 1.000000 1.414214
1.000000 1.000000 1.414214
1.000000 1.000000 1.414214
1.000000 1.000000 1.414214
1.000000 1.000000 1.414214
1.000000 1.000000 1.414214
1.000000 1.000000 1.414214
1.000000 1.000000 1.414214
1.000000 1.000000 1.414214
1.000000 1.000000 1.414214
1.000000 1.000000 1.414214
1.000000 1.000000 1.414214
1.000000 1.000000 1.414214
1.000000 1.000000 1.414214
1.000000 1.000000 1.414214
1.000000 1.000000 1.414214
1.000000 1.000000 1.414214
1.000000 1.000000 1.414214
1.000000 1.000000 1.414214
1.000000 1.000000 1.414214
1.000000 1.000000 1.414214
1.000000 1.000000 1.414214
1.000000 1.000000 1.414214
1.000000 1.000000 1.414214
1.000000 1.000000 1.414214
1.000000 1.000000 1.414214
1.000000 1.000000 1.414214
1.000000 1.000000 1.414214
1.000000 1.000000 1.414214
1.000000 1.000000 1.414214
1.000000 1.000000 1.414214
1.000000 1.000000 1.414214
1.000000 1.000000 1.414214
1.000000 1.000000 1.414214
1.000000 1.000000 1.414214
1.000000 1.000000 1.414214
1.000000 1.000000 1.414214
1.000000 1.000000 1.414214
1.000000 1.000000 1.414214
1.000000 1.000000 1.414214
1.000000 1.000000 1.414214
1.000000 1.000000 1.414214
1.000000 1.000000 1.414214
1.000000 1.000000 1.414214
1.000000 1.000000 1.414214
1.000000 1.000000 1.414214
1.000000 1.000000 1.414214
1.000000 1.000000 1.414214
1.000000 1.000000 1.414214
1.000000 1.000000 1.414214
1.000000 1.000000 1.414214
1.000000 1.000000 1.414214
1.000000 1.000000 1.414214
1.000000 1.000000 1.414214
1.000000 1.000000 1.414214
1.000000 1.000000 1.414214
1.000000 1.000000 1.414214
1.000000 1.000000 1.414214
1.000000 1.000000 1.414214
1.000000 1.000000 1.414214
1.000000 1.000000 1.414214
1.000000 1.000000 1.414214
1.000000 1.000000 1.414214
1.000000 1.000000 1.414214
1.000000 1.000000 1.414214
1.000000 1.000000 1.414214
1.000000 1.000000 1.414214
1.000000 1.000000 1.414214
1.000000 1.000000 1.414214
1.000000 1.000000 1.414214
1.000000 1.000000 1.414214
1.000000 1.000000 1.414214
1.000000 1.000000 1.414214
1.000000 1.000000 1.414214
1.000000 1.000000 1.414214
1.000000 1.000000 1.414214
1.000000 1.000000 1.414214
1.000000 1.000000 1.414214
1.000000 1.000000 1.414214
1.000000 1.000000 1.414214
1.000000 1.000000 1.414214
1.000000 1.000000 1.414214
1.000000 1.000000 1.414214
1.000000 1.000000 1.414214
1.000000 1.000000 1.414214
1.000000 1.000000 1.414214
1.000000 1.000000 1.414214
1.000000 1.000000 1.414214
1.000000 1.000000 1.414214
1.000000 1.000000 1.414214
1.000000 1.000000 1.414214
1.000000 1.000000 1.414214
1.000000 1.000000 1.414214
1.000000 1.000000 1.414214
1.000000 1.000000 1.414214
1.000000 1.000000 1.414214
1.000000 1.000000 1.414214
1.000000 1.000000 1.414214
1.000000 1.000000 1.414214
1.000000 1.000000 1.414214
1.000000 1.000000 1.414214
1.000000 1.000000 1.414214
1.000000 1.000000 1.414214
1.000000 1.000000 1.414214
1.000000 1.000000 1.414214
1.000000 1.000000 1.414214
1.000000 1.000000 1.414214
1.000000 1.000000 1.414214
1.000000 1.000000 1.414214
1.000000 1.000000 1.414214
1.000000 1.000000 1.414214
1.000000 1.000000 1.414214
1.000000 1.000000 1.414214
1.000000 1.000000 1.414214
1.000000 1.000000 1.414214
1.000000 1.000000 1.414214
1.000000 1.000000 1.414214
1.000000 1.000000 1.414214
1.000000 1.000000 1.414214
1.000000 1.000000 1.414214
1.000000 1.000000 1.414214
1.000000 1.000000 1.414214
1.000000 1.000000 1.414214
1.000000 1.000000 1.414214
1.000000 1.000000 1.414214
1.000000 1.000000 1.414214
1.000000 1.000000 1.414214
1.000000 1.000000 1.414214
1.000000 1.000000 1.414214
1.000000 1.000000 1.414214
1.000000 1.000000 1.414214
1.000000 1.000000 1.414214
1.000000 3.605551 4.000000
1.000000 4.123106 4.472136
1.000000 2.828427 3.162278
1.000000 2.000000 2.236068
1.000000 2.000000 2.236068
1.000000 2.000000 2.236068
1.000000 2.000000 2.236068
1.000000 2.000000 2.236068
1.000000 2.000000 2.236068
1.000000 2.000000 2.236068
1.000000 2.000000 2.236068
1.000000 2.000000 2.236068
1.000000 2.000000 2.236068
1.000000 2.000000 2.236068
1.000000 2.000000 2.236068
1.000000 2.000000 2.236068
1.000000 2.000000 2.236068
1.000000 2.000000 2.236068
1.000000 2.000000 2.236068
1.000000 2.000000 2.236068
1.000000 2.000000 2.236068
1.000000 2.000000 2.236068
1.000000 2.000000 2.236068
1.000000 2.000000 2.236068
1.000000 2.000000 2.236068
1.000000 2.000000 2.236068
1.000000 2.000000 2.236068
1.000000 2.000000 2.236068
1.000000 2.000000 2.236068
1.000000 2.000000 2.236068
1.000000 2.000000 2.236068
1.000000 2.000000 2.236068
1.000000 2.000000 2.236068
1.000000 2.000000 2.236068
1.000000 2.000000 2.236068
1.000000 2.000000 2.236068
1.000000 2.000000 2.236068
1.000000 2.000000 2.236068
1.000000 2.000000 2.236068
1.000000 2.000000 2.236068
1.000000 2.000000 2.236068
1.000000 2.000000 2.236068
1.000000 2.000000 2.236068
1.000000 2.000000 2.236068
1.000000 2.000000 2.236068
1.000000 2.000000 2.236068
1.000000 2.000000 2.236068
1.000000 2.000000 2.236068
1.000000 2.000000 2.236068
1.000000 2.000000 2.236068
1.000000 2.000000 2.236068
1.000000 2.000000 2.236068
1.000000 2.000000 2.236068
1.000000 2.000000 2.236068
1.000000 2.000000 2.236068
1.000000 2.000000 2.236068
1.000000 2.000000 2.236068
1.000000 2.000000 2.236068
1.000000 2.000000 2.236068
1.000000 2.000000 2.236068
1.000000 2.000000 2.236068
1.000000 2.000000 2.236068
1.000000 2.000000 2.236068
1.000000 2.000000 2.236068
1.000000 2.000000 2.236068
1.000000 2.000000 2.236068
1.000000 2.000000 2.236068
1.000000 2.000000 2.236068
1.000000 2.000000 2.236068
1.000000 2.000000 2.236068
1.000000 2.000000 2.236068
1.000000 2.000000 2.236068
1.000000 2.000000 2.236068
1.000000 2.000000 2.236068
1.000000 2.000000 2.236068
1.000000 2.000000 2.236068
1.000000 2.000000 2.236068
1.000000 2.000000 2.236068
1.000000 2.000000 2.236068
1.000000 2.000000 2.236068
1.000000 2.000000 2.236068
1.000000 2.000000 2.236068
1.000000 2.000000 2.236068
1.000000 2.000000 2.236068
1.000000 2.000000 2.236068
1.000000 2.000000 2.236068
1.000000 2.000000 2.236068
1.000000 2.000000 2.236068
1.000000 2.000000 2.236068
1.000000 2.000000 2.236068
1.000000 2.000000 2.236068
1.000000 2.000000 2.236068
1.000000 2.000000 2.236068
1.000000 2.000000 2.236068
1.000000 2.000000 2.236068
1.000000 2.000000 2.236068
1.000000 2.000000 2.236068
1.000000 2.000000 2.236068
1.000000 2.000000 2.236068
1.000000 2.000000 2.236068
1.000000 2.000000 2.236068
1.000000 4.242641 4.472136
1.000000 2.828427 3.000000
1.000000 2.828427 3.000000
1.000000 2.828427 3.000000
1.000000 2.828427 3.000000
1.000000 2.828427 3.000000
1.000000 3.000000 3.162278
1.000000 3.000000 3.162278
1.000000 3.000000 3.162278
1.000000 3.000000 3.162278
1.000000 3.000000 3.162278
1.000000 3.000000 3.162278
1.000000 3.000000 3.162278
1.000000 3.000000 3.162278
1.000000 3.000000 3.162278
1.000000 3.000000 3.162278
1.000000 3.000000 3.162278
1.000000 3.000000 3.162278
1.000000 3.000000 3.162278
1.000000 3.000000 3.162278
1.000000 3.000000 3.162278
1.000000 3.000000 3.162278
1.000000 3.000000 3.162278
1.000000 3.000000 3.162278
1.000000 3.000000 3.162278
1.000000 3.000000 3.162278
1.000000 3.000000 3.162278
1.000000 3.000000 3.162278
1.000000 3.000000 3.162278
1.000000 3.000000 3.162278
1.000000 3.000000 3.162278
1.000000 3.000000 3.162278
1.000000 4.000000 4.123106
1.000000 4.000000 4.123106
1.000000 4.000000 4.123106
1.000000 4.000000 4.123106
1.000000 4.123106 4.242641
0.000000 1.000000 inf
0.000000 -1.000000 inf
0.000000 -1.000000 inf
0.000000 -10.049876 inf
0.000000 -13.892444 inf
0.000000 1.000000 inf
0.000000 1.000000 inf
0.000000 -7.000000 inf
0.000000 -6.708204 1.000000
0.000000 -10.000000 -2.828427
0.000000 -13.341664 -8.000000
0.000000 -4.000000 1.000000
0.000000 -3.000000 1.000000
0.000000 -2.828427 1.000000
0.000000 -6.403124 -3.000000
0.000000 -2.236068 1.000000
0.000000 -2.000000 1.000000
0.000000 -2.000000 1.000000
0.000000 -1.000000 2.000000
0.000000 -1.000000 2.000000
0.000000 -1.000000 2.000000
0.000000 -1.000000 2.000000
0.000000 -5.830952 -3.162278
0.000000 -6.708204 -4.242641
0.000000 -1.414214 1.000000
0.000000 -1.414214 1.000000
0.000000 -1.414214 1.000000
0.000000 -1.414214 1.000000
0.000000 -1.000000 1.414214
0.000000 -1.414214 1.000000
0.000000 -1.414214 1.000000
0.000000 -1.414214 1.000000
0.000000 -1.414214 1.000000
0.000000 -1.414214 1.000000
0.000000 -1.000000 1.414214
0.000000 -1.414214 1.000000
0.000000 -1.414214 1.000000
0.000000 -1.414214 1.000000
0.000000 -1.414214 1.000000
0.000000 -1.414214 1.000000
0.000000 -5.385165 -3.000000
0.000000 -5.000000 -2.828427
0.000000 -3.162278 -1.000000
0.000000 -8.544004 -6.403124
0.000000 -1.000000 1.000000
0.000000 -1.000000 1.000000
0.000000 -1.000000 1.000000
0.000000 -1.000000 1.000000
0.000000 -1.000000 1.000000
0.000000 -1.000000 1.000000
0.000000 -1.000000 1.000000
0.000000 -1.000000 1.000000
0.000000 -1.000000 1.000000
0.000000 -1.000000 1.000000
0.000000 -1.000000 1.000000
0.000000 -1.000000 1.000000
0.000000 -1.000000 1.000000
0.000000 -1.000000 1.000000
0.000000 -1.000000 1.000000
0.000000 -1.000000 1.000000
0.000000 -1.000000 1.000000
0.000000 -1.000000 1.000000
0.000000 -1.000000 1.000000
0.000000 -1.000000 1.000000
0.000000 -1.000000 1.000000
0.000000 -1.000000 1.000000
0.000000 -1.000000 1.000000
0.000000 -1.000000 1.000000
0.000000 -1.000000 1.000000
0.000000 -1.000000 1.000000
0.000000 -1.000000 1.000000
0.000000 -1.000000 1.000000
0.000000 -1.000000 1.000000
0.000000 -1.000000 1.000000
0.000000 -1.000000 1.000000
0.000000 -1.000000 1.000000
0.000000 -1.000000 1.000000
0.000000 -1.000000 1.000000
0.000000 -1.000000 1.000000
0.000000 -1.000000 1.000000
0.000000 -1.000000 1.000000
0.000000 -1.000000 1.000000
0.000000 -1.000000 1.000000
0.000000 -1.000000 1.000000
0.000000 -1.000000 1.000000
0.000000 -1.000000 1.000000
0.000000 -1.000000 1.000000
0.000000 -1.000000 1.000000
0.000000 -1.000000 1.000000
0.000000 -1.000000 1.000000
0.000000 -1.000000 1.000000
0.000000 -1.000000 1.000000
0.000000 -1.000000 1.000000
0.000000 -1.000000 1.000000
0.000000 -1.000000 1.000000
0.000000 -1.000000 1.000000
0.000000 -1.000000 1.000000
0.000000 -1.000000 1.000000
0.000000 -1.000000 1.000000
0.000000 -1.000000 1.000000
0.000000 -1.000000 1.000000
0.000000 -1.000000 1.000000
0.000000 -1.000000 1.000000
0.000000 -1.000000 1.000000
0.000000 -1.000000 1.000000
0.000000 -1.000000 1.000000
0.000000 -1.000000 1.000000
0.000000 -1.000000 1.000000
0.000000 -1.000000 1.000000
0.000000 -1.000000 1.000000
0.000000 -1.000000 1.000000
0.000000 -1.000000 1.000000
0.000000 -1.000000 1.000000
0.000000 -1.000000 1.000000
0.000000 -1.000000 1.000000
0.000000 -1.000000 1.000000
0.000000 -1.000000 1.000000
0.000000 -1.000000 1.000000
0.000000 -1.000000 1.000000
0.000000 -1.000000 1.000000
0.000000 -1.000000 1.000000
0.000000 -1.000000 1.000000
0.000000 -1.000000 1.000000
0.000000 -1.000000 1.000000
0.000000 -1.000000 1.000000
0.000000 -1.000000 1.000000
0.000000 -1.000000 1.000000
0.000000 -1.000000 1.000000
0.000000 -1.000000 1.000000
0.000000 -1.000000 1.000000
0.000000 -1.000000 1.000000
0.000000 -1.000000 1.000000
0.000000 -1.000000 1.000000
0.000000 -1.000000 1.000000
0.000000 -1.000000 1.000000
0.000000 -1.000000 1.000000
0.000000 -1.000000 1.000000
0.000000 -1.000000 1.000000
0.000000 -1.000000 1.000000
0.000000 -1.000000 1.000000
0.000000 -1.000000 1.000000
0.000000 -1.000000 1.000000
0.000000 -1.000000 1.000000
0.000000 -1.000000 1.000000
0.000000 -1.000000 1.000000
0.000000 -1.000000 1.000000
0.000000 -1.000000 1.000000
0.000000 -1.000000 1.000000
0.000000 -1.000000 1.000000
0.000000 -1.000000 1.000000
0.000000 -1.000000 1.000000
0.000000 -1.000000 1.000000
0.000000 -1.000000 1.000000
0.000000 -1.000000 1.000000
0.000000 -1.000000 1.000000
0.000000 -1.000000 1.000000
0.000000 -1.000000 1.000000
0.000000 -1.000000 1.000000
0.000000 -1.000000 1.000000
0.000000 -1.000000 1.000000
0.000000 -1.000000 1.000000
0.000000 -1.000000 1.000000
0.000000 -1.000000 1.000000
0.000000 -1.000000 1.000000
0.000000 -1.000000 1.000000
0.000000 -1.000000 1.000000
0.000000 -1.000000 1.000000
0.000000 -1.000000 1.000000
0.000000 -1.000000 1.000000
0.000000 -1.000000 1.000000
0.000000 -1.000000 1.000000
0.000000 -1.000000 1.000000
0.000000 -1.000000 1.000000
0.000000 -1.000000 1.000000
0.000000 -1.000000 1.000000
0.000000 -1.000000 1.000000
0.000000 -1.000000 1.000000
0.000000 -1.000000 1.000000
0.000000 -1.000000 1.000000
0.000000 -1.000000 1.000000
0.000000 -1.000000 1.000000
0.000000 -1.000000 1.000000
0.000000 -1.000000 1.000000
0.000000 -1.000000 1.000000
0.000000 -1.000000 1.000000
0.000000 -1.000000 1.000000
0.000000 -10.000000 -8.000000
0.000000 -1.000000 1.000000
0.000000 -1.000000 1.000000
0.000000 -1.000000 1.000000
0.000000 -1.000000 1.000000
0.000000 -1.000000 1.000000
0.000000 -1.000000 1.000000
0.000000 -1.000000 1.000000
0.000000 -1.000000 1.000000
0.000000 -1.000000 1.000000
0.000000 -1.000000 1.000000
0.000000 -1.000000 1.000000
0.000000 -1.000000 1.000000
0.000000 -1.000000 1.000000
0.000000 -1.000000 1.000000
0.000000 -1.000000 1.000000
0.000000 -1.000000 1.000000
0.000000 -1.000000 1.000000
0.000000 -1.000000 1.000000
0.000000 -1.000000 1.000000
0.000000 -1.000000 1.000000
0.000000 -1.000000 1.000000
0.000000 -1.000000 1.000000
0.000000 -1.000000 1.000000
0.000000 -1.000000 1.000000
0.000000 -1.000000 1.000000
0.000000 -1.000000 1.000000
0.000000 -1.000000 1.000000
0.000000 -1.000000 1.000000
0.000000 -1.000000 1.000000
0.000000 -1.000000 1.000000
0.000000 -1.000000 1.000000
0.000000 -1.000000 1.000000
0.000000 -1.000000 1.000000
0.000000 -1.000000 1.000000
0.000000 -1.000000 1.000000
0.000000 -1.000000 1.000000
0.000000 -1.000000 1.000000
0.000000 -1.000000 1.000000
0.000000 -1.000000 1.000000
0.000000 -1.000000 1.000000
0.000000 -1.000000 1.000000
0.000000 -1.000000 1.000000
0.000000 -1.000000 1.000000
0.000000 -1.000000 1.000000
0.000000 -1.000000 1.000000
0.000000 -1.000000 1.000000
0.000000 -1.000000 1.000000
0.000000 -1.000000 1.000000
0.000000 -1.000000 1.000000
0.000000 -1.000000 1.000000
0.000000 -1.000000 1.000000
0.000000 -1.000000 1.000000
0.000000 -1.000000 1.000000
0.000000 -1.000000 1.000000
0.000000 -1.000000 1.000000
0.000000 -1.000000 1.000000
0.000000 -1.000000 1.000000
0.000000 -1.000000 1.000000
0.000000 -1.000000 1.000000
0.000000 -1.000000 1.000000
0.000000 -1.000000 1.000000
0.000000 -1.000000 1.000000
0.000000 -1.000000 1.000000
0.000000 -1.000000 1.000000
0.000000 -1.000000 1.000000
0.000000 -1.000000 1.000000
0.000000 -1.000000 1.000000
0.000000 -1.000000 1.000000
0.000000 -1.000000 1.000000
0.000000 -1.000000 1.000000
0.000000 -1.000000 1.000000
0.000000 -1.000000 1.000000
0.000000 -1.000000 1.000000
0.000000 -1.000000 1.000000
0.000000 -1.000000 1.000000
0.000000 -1.000000 1.000000
0.000000 -1.000000 1.000000
0.000000 -1.000000 1.000000
0.000000 -1.000000 1.000000
0.000000 -1.000000 1.000000
0.000000 -1.000000 1.000000
0.000000 -1.000000 1.000000
0.000000 -1.000000 1.000000
0.000000 -1.000000 1.000000
0.000000 -1.000000 1.000000
0.000000 -1.000000 1.000000
0.000000 -1.000000 1.000000
0.000000 -1.000000 1.000000
0.000000 -1.000000 1.000000
0.000000 -1.000000 1.000000
0.000000 -1.000000 1.000000
0.000000 -1.000000 1.000000
0.000000 -1.000000 1.000000
0.000000 -1.000000 1.000000
0.000000 -1.000000 1.000000
0.000000 -1.000000 1.000000
0.000000 -1.000000 1.000000
0.000000 -1.000000 1.000000
0.000000 -1.000000 1.000000
0.000000 -1.000000 1.000000
0.000000 -1.000000 1.000000
0.000000 -1.000000 1.000000
0.000000 -1.000000 1.000000
0.000000 -1.000000 1.000000
0.000000 -1.000000 1.000000
0.000000 -1.000000 1.000000
0.000000 -1.000000 1.000000
0.000000 -1.000000 1.000000
0.000000 -1.000000 1.000000
0.000000 -1.000000 1.000000
0.000000 -1.000000 1.000000
0.000000 -1.000000 1.000000
0.000000 -1.000000 1.000000
0.000000 -1.000000 1.000000
0.000000 -1.000000 1.000000
0.000000 -1.000000 1.000000
0.000000 -1.000000 1.000000
0.000000 -1.000000 1.000000
0.000000 -1.000000 1.000000
0.000000 -1.000000 1.000000
0.000000 -1.000000 1.000000
0.000000 -1.000000 1.000000
0.000000 -1.000000 1.000000
0.000000 -1.000000 1.000000
0.000000 -1.000000 1.000000
0.000000 -1.000000 1.000000
0.000000 -1.000000 1.000000
0.000000 -1.000000 1.000000
0.000000 -1.000000 1.000000
0.000000 -1.000000 1.000000
0.000000 -1.000000 1.000000
0.000000 -1.000000 1.000000
0.000000 -1.000000 1.000000
0.000000 -1.000000 1.000000
0.000000 -1.000000 1.000000
0.000000 -1.000000 1.000000
0.000000 -1.000000 1.000000
0.000000 -1.000000 1.000000
0.000000 -1.000000 1.000000
0.000000 -1.000000 1.000000
0.000000 -1.000000 1.000000
0.000000 -1.000000 1.000000
0.000000 -1.000000 1.000000
0.000000 -1.000000 1.000000
0.000000 -1.000000 1.000000
0.000000 -1.000000 1.000000
0.000000 -1.000000 1.000000
0.000000 -1.000000 1.000000
0.000000 -1.000000 1.000000
0.000000 -1.000000 1.000000
0.000000 -1.000000 1.000000
0.000000 -1.000000 1.000000
0.000000 -1.000000 1.000000
0.000000 -1.000000 1.000000
0.000000 -1.000000 1.000000
0.000000 -1.000000 1.000000
0.000000 -1.000000 1.000000
0.000000 -1.000000 1.000000
0.000000 -1.000000 1.000000
0.000000 -1.000000 1.000000
0.000000 -1.000000 1.000000
0.000000 -1.000000 1.000000
0.000000 -1.000000 1.000000
0.000000 -1.000000 1.000000
0.000000 -1.000000 1.000000
0.000000 -1.000000 1.000000
0.000000 -1.000000 1.000000
0.000000 -1.000000 1.000000
0.000000 -1.000000 1.000000
0.000000 -1.000000 1.000000
0.000000 -1.000000 1.000000
0.000000 -1.000000 1.000000
0.000000 -10.816654 -9.000000
0.000000 -5.385165 -3.605551
0.000000 -5.656854 -4.000000
0.000000 -4.472136 -2.828427
0.000000 -3.605551 -2.000000
0.000000 -9.219544 -7.615773
0.000000 -4.472136 -3.000000
0.000000 -7.071068 -5.656854
0.000000 -2.828427 -1.414214
0.000000 -5.000000 -3.605551
0.000000 -6.324555 -5.000000
0.000000 -6.324555 -5.000000
0.000000 -8.246211 -7.000000
0.000000 -2.236068 -1.000000
0.000000 -2.236068 -1.000000
0.000000 -2.236068 -1.000000
0.000000 -3.162278 -2.000000
0.000000 -5.385165 -4.242641
0.000000 -5.385165 -4.242641
0.000000 -4.123106 -3.000000
0.000000 1.000000 2.000000
0.000000 -2.000000 -1.000000
0.000000 -3.000000 -2.000000
0.000000 1.000000 2.000000
0.000000 -2.000000 -1.000000
0.000000 -5.000000 -4.000000
0.000000 -2.000000 -1.000000
0.000000 -2.000000 -1.000000
0.000000 -2.000000 -1.000000
0.000000 -2.000000 -1.000000
0.000000 -3.000000 -2.000000
0.000000 -2.000000 -1.000000
0.000000 -7.280110 -6.324555
0.000000 -9.486833 -8.544004
0.000000 -8.944272 -8.062258
0.000000 -5.000000 -4.123106
0.000000 -2.828427 -2.000000
0.000000 -4.242641 -3.605551
0.000000 -5.099020 -4.472136
0.000000 -5.099020 -4.472136
0.000000 -6.000000 -5.385165
0.000000 -3.605551 -3.000000
0.000000 -2.828427 -2.236068
0.000000 -2.828427 -2.236068
0.000000 -2.828427 -2.236068
0.000000 -2.828427 -2.236068
0.000000 -2.828427 -2.236068
0.000000 -2.828427 -2.236068
0.000000 -2.000000 -1.414214
0.000000 -2.000000 -1.414214
0.000000 -2.000000 -1.414214
0.000000 -2.000000 -1.414214
0.000000 -7.615773 -7.071068
0.000000 -4.123106 -3.605551
0.000000 -9.055385 -8.544004
0.000000 -5.830952 -5.385165
0.000000 -3.605551 -3.162278
0.000000 -9.848858 -9.433981
0.000000 -1.414214 -1.000000
0.000000 -1.414214 -1.000000
0.000000 -1.414214 -1.000000
0.000000 -1.414214 -1.000000
0.000000 -1.414214 -1.000000
0.000000 -1.414214 -1.000000
0.000000 -1.414214 -1.000000
0.000000 -1.414214 -1.000000
0.000000 -1.414214 -1.000000
0.000000 -1.414214 -1.000000
0.000000 -1.414214 -1.000000
0.000000 -1.414214 -1.000000
0.000000 -1.414214 -1.000000
0.000000 -1.414214 -1.000000
0.000000 -1.414214 -1.000000
0.000000 -1.414214 -1.000000
0.000000 1.000000 1.414214
0.000000 -1.414214 -1.000000
0.000000 -1.414214 -1.000000
0.000000 -1.414214 -1.000000
0.000000 1.000000 1.414214
0.000000 -1.414214 -1.000000
0.000000 -1.414214 -1.000000
0.000000 -1.414214 -1.000000
0.000000 -1.414214 -1.000000
0.000000 -1.414214 -1.000000
0.000000 -1.414214 -1.000000
0.000000 -7.615773 -7.211103
0.000000 -6.403124 -6.000000
0.000000 -4.000000 -3.605551
0.000000 -4.000000 -3.605551
0.000000 -4.000000 -3.605551
0.000000 -5.385165 -5.000000
0.000000 -5.385165 -5.000000
0.000000 -9.848858 -9.486833
0.000000 -4.472136 -4.123106
0.000000 -4.472136 -4.123106
0.000000 -4.472136 -4.123106
0.000000 -6.000000 -5.656854
0.000000 -3.162278 -2.828427
0.000000 -6.324555 -6.000000
0.000000 -6.708204 -6.403124
0.000000 -6.082763 -5.830952
0.000000 -6.324555 -6.082763
0.000000 -6.324555 -6.082763
0.000000 -2.236068 -2.000000
0.000000 -2.236068 -2.000000
0.000000 -2.236068 -2.000000
0.000000 -2.236068 -2.000000
0.000000 -4.472136 -4.242641
0.000000 -4.472136 -4.242641
0.000000 -4.472136 -4.242641
0.000000 -9.219544 -9.000000
0.000000 -9.433981 -9.219544
0.000000 -7.280110 -7.071068
0.000000 -10.198039 -10.000000
0.000000 -7.810250 -7.615773
0.000000 -13.000000 -12.806248
0.000000 -10.816654 -10.630146
0.000000 -5.830952 -5.656854
0.000000 -3.000000 -2.828427
0.000000 -6.000000 -5.830952
0.000000 -9.219544 -9.055385
0.000000 -3.162278 -3.000000
0.000000 -3.162278 -3.000000
0.000000 -3.162278 -3.000000
0.000000 -3.162278 -3.000000
0.000000 -3.162278 -3.000000
0.000000 -3.162278 -3.000000
0.000000 -3.162278 -3.000000
0.000000 -3.162278 -3.000000
0.000000 -3.162278 -3.000000
0.000000 -3.162278 -3.000000
0.000000 -4.123106 -4.000000
0.000000 -4.123106 -4.000000
0.000000 -4.123106 -4.000000
0.000000 -4.123106 -4.000000
0.000000 -4.123106 -4.000000
0.000000 -4.123106 -4.000000
0.000000 -5.099020 -5.000000
0.000000 -5.099020 -5.000000
0.000000 -5.099020 -5.000000
0.000000 -5.099020 -5.000000
0.000000 -6.082763 -6.000000
0.000000 -6.082763 -6.000000
0.000000 -6.082763 -6.000000
0.000000 -7.071068 -7.000000
0.000000 -7.071068 -7.000000
0.000000 -7.071068 -7.000000
0.000000 -7.071068 -7.000000
0.000000 -7.071068 -7.000000
0.000000 -8.062258 -8.000000
0.000000 -8.062258 -8.000000
0.000000 -8.602325 -8.544004
0.000000 -8.602325 -8.544004
