1.000000 -1.000000 9.055385
1.000000 2.000000 3.162278
1.000000 6.082763 6.324555
1.000000 5.830952 6.000000
1.000000 6.000000 6.082763
1.000000 8.000000 8.062258
0.000000 -2.828427 inf
0.000000 -2.000000 1.000000
0.000000 -2.000000 -1.000000
0.000000 -2.828427 -2.000000
0.000000 -2.236068 -1.414214
0.000000 -2.000000 -1.414214
0.000000 -2.000000 -1.414214
0.000000 -2.000000 -1.414214
0.000000 -2.000000 -1.414214
0.000000 -2.000000 -1.414214
0.000000 -2.000000 -1.414214
0.000000 -2.236068 -2.000000
