1.000000 1.000000 8.062258
1.000000 -1.000000 1.000000
1.000000 -1.000000 1.000000
1.000000 5.830952 7.071068
1.000000 5.830952 6.403124
1.000000 5.385165 5.830952
1.000000 1.000000 1.414214
1.000000 5.000000 5.385165
1.000000 2.000000 2.236068
1.000000 6.000000 6.082763
1.000000 6.000000 6.082763
1.000000 6.324555 6.403124
1.000000 6.324555 6.403124
0.000000 -4.472136 inf
0.000000 -3.162278 1.000000
0.000000 -1.000000 1.000000
0.000000 -1.000000 1.000000
0.000000 -1.000000 1.000000
0.000000 -2.236068 -1.000000
0.000000 -2.236068 -1.000000
0.000000 -2.000000 -1.000000
0.000000 -2.000000 -1.000000
0.000000 -4.123106 -4.000000
