1.000000 -1.131371 18.417383
1.000000 -1.788854 0.800000
1.000000 -0.800000 1.600000
1.000000 -1.600000 0.800000
1.000000 -0.800000 0.800000
1.000000 -0.800000 0.800000
1.000000 -0.800000 0.800000
1.000000 -0.800000 0.800000
1.000000 1.600000 2.529822
1.000000 0.800000 1.600000
1.000000 1.131371 1.600000
1.000000 3.577709 4.000000
1.000000 0.800000 1.131371
1.000000 0.800000 1.131371
1.000000 8.653323 8.944272
1.000000 9.121403 9.329523
1.000000 1.600000 1.788854
1.000000 8.504117 8.653323
1.000000 2.262742 2.400000
1.000000 4.000000 4.079216
0.000000 -6.092618 inf
0.000000 -5.824088 -1.788854
0.000000 -0.800000 1.788854
0.000000 -5.656854 -3.200000
0.000000 -4.664762 -2.400000
0.000000 -0.800000 1.131371
0.000000 -5.122499 -3.298485
0.000000 -0.800000 0.800000
0.000000 -0.800000 0.800000
0.000000 -4.308132 -3.394113
0.000000 -3.394113 -2.529822
0.000000 -3.200000 -2.400000
0.000000 -1.600000 -0.800000
0.000000 -2.400000 -1.600000
0.000000 -3.298485 -2.529822
0.000000 -4.000000 -3.298485
0.000000 -3.200000 -2.529822
0.000000 -4.000000 -3.394113
0.000000 -1.600000 -1.131371
0.000000 -4.000000 -3.577709
0.000000 -4.000000 -3.577709
0.000000 -3.298485 -2.884441
0.000000 -2.884441 -2.529822
0.000000 -3.577709 -3.298485
0.000000 -3.577709 -3.394113
0.000000 -3.577709 -3.394113
0.000000 -3.577709 -3.394113
0.000000 -4.664762 -4.525483
0.000000 -3.298485 -3.200000
0.000000 -5.656854 -5.600000
