1.000000 -1.118034 0.707107
1.000000 -0.707107 1.118034
1.000000 -0.500000 1.000000
1.000000 -0.500000 0.707107
1.000000 0.707107 1.118034
1.000000 1.118034 1.414214
1.000000 0.707107 1.000000
1.000000 0.707107 1.000000
1.000000 1.000000 1.118034
0.000000 -5.000000 inf
0.000000 -2.500000 1.000000
0.000000 -4.716991 -3.500000
0.000000 -1.414214 -1.000000
0.000000 -4.609772 -4.272002
0.000000 -0.707107 -0.500000
0.000000 -0.707107 -0.500000
0.000000 -0.707107 -0.500000
0.000000 -1.581139 -1.500000
0.000000 -4.527693 -4.500000
