1.000000 -1.414214 1.000000
1.000000 -1.000000 1.000000
1.000000 -1.000000 1.000000
1.000000 -1.000000 1.000000
1.000000 -1.000000 1.000000
1.000000 -1.000000 1.000000
1.000000 1.000000 2.236068
1.000000 1.000000 2.000000
1.000000 1.414214 2.236068
1.000000 12.806248 13.453624
1.000000 1.414214 2.000000
1.000000 1.414214 2.000000
1.000000 13.038405 13.453624
1.000000 13.038405 13.453624
1.000000 1.000000 1.414214
1.000000 1.000000 1.414214
1.000000 1.000000 1.414214
1.000000 1.000000 1.414214
1.000000 1.000000 1.414214
1.000000 1.000000 1.414214
1.000000 1.000000 1.414214
1.000000 1.000000 1.414214
1.000000 3.605551 4.000000
1.000000 4.123106 4.472136
1.000000 13.601471 13.928388
1.000000 13.601471 13.928388
1.000000 2.000000 2.236068
1.000000 2.000000 2.236068
1.000000 2.000000 2.236068
1.000000 13.416408 13.601471
1.000000 15.000000 15.132746
1.000000 14.317821 14.422205
1.000000 5.000000 5.099020
1.000000 13.416408 13.453624
1.000000 16.000000 16.031220
1.000000 16.000000 16.031220
0.000000 -2.236068 inf
0.000000 -1.414214 12.806248
0.000000 -1.000000 1.000000
0.000000 -1.000000 1.000000
0.000000 -1.000000 1.000000
0.000000 -1.000000 1.000000
0.000000 -1.000000 1.000000
0.000000 -1.000000 1.000000
0.000000 -2.000000 -1.000000
0.000000 -2.236068 -1.414214
0.000000 -2.000000 -1.414214
0.000000 -2.000000 -1.414214
0.000000 -2.000000 -1.414214
0.000000 -2.000000 -1.414214
0.000000 -1.414214 -1.000000
0.000000 -1.414214 -1.000000
0.000000 -1.414214 -1.000000
0.000000 -1.414214 -1.000000
0.000000 -2.236068 -2.000000
