1.000000 -1.600000 6.788225
1.000000 -2.400000 1.600000
1.000000 -0.800000 2.529822
1.000000 -1.600000 1.600000
1.000000 -1.131371 1.788854
1.000000 -1.600000 0.800000
1.000000 0.800000 3.200000
1.000000 -1.131371 0.800000
1.000000 -1.131371 0.800000
1.000000 -1.131371 0.800000
1.000000 1.131371 2.884441
1.000000 -0.800000 0.800000
1.000000 -0.800000 0.800000
1.000000 -0.800000 0.800000
1.000000 -0.800000 0.800000
1.000000 -0.800000 0.800000
1.000000 -0.800000 0.800000
1.000000 -0.800000 0.800000
1.000000 -0.800000 0.800000
1.000000 -0.800000 0.800000
1.000000 -0.800000 0.800000
1.000000 0.800000 2.262742
1.000000 4.079216 5.366563
1.000000 0.800000 1.600000
1.000000 1.600000 2.400000
1.000000 1.131371 1.788854
1.000000 1.788854 2.262742
1.000000 1.788854 2.262742
1.000000 1.788854 2.262742
1.000000 3.577709 4.000000
1.000000 0.800000 1.131371
1.000000 0.800000 1.131371
1.000000 0.800000 1.131371
1.000000 0.800000 1.131371
1.000000 2.262742 2.529822
1.000000 2.262742 2.529822
1.000000 2.262742 2.400000
1.000000 3.298485 3.394113
1.000000 4.000000 4.079216
0.000000 -7.547185 inf
0.000000 -6.400000 -3.200000
0.000000 -6.596969 -3.577709
0.000000 -5.656854 -3.298485
0.000000 -4.000000 -1.788854
0.000000 -1.131371 0.800000
0.000000 -4.308132 -2.529822
0.000000 -5.656854 -4.000000
0.000000 -0.800000 0.800000
0.000000 -0.800000 0.800000
0.000000 -0.800000 0.800000
0.000000 -0.800000 0.800000
0.000000 -0.800000 0.800000
0.000000 -4.000000 -2.884441
0.000000 -1.600000 -0.800000
0.000000 -1.600000 -0.800000
0.000000 -1.600000 -0.800000
0.000000 -4.000000 -3.298485
0.000000 -2.262742 -1.600000
0.000000 -4.664762 -4.079216
0.000000 -5.366563 -4.800000
0.000000 -7.375636 -6.881860
0.000000 -2.262742 -1.788854
0.000000 -1.600000 -1.131371
0.000000 -4.000000 -3.577709
0.000000 -5.059644 -4.664762
0.000000 -1.131371 -0.800000
0.000000 -1.131371 -0.800000
0.000000 -1.131371 -0.800000
0.000000 -3.200000 -2.884441
0.000000 -5.366563 -5.122499
0.000000 -5.059644 -4.866210
0.000000 -5.059644 -4.866210
0.000000 -3.577709 -3.394113
0.000000 -2.400000 -2.262742
0.000000 -2.529822 -2.400000
0.000000 -3.298485 -3.200000
0.000000 -3.298485 -3.200000
0.000000 -3.298485 -3.200000
0.000000 -3.394113 -3.298485
0.000000 -5.656854 -5.600000
