1.000000 -1.000000 5.000000
1.000000 -1.118034 0.500000
1.000000 -0.500000 1.000000
1.000000 -0.500000 0.500000
1.000000 -0.500000 0.500000
1.000000 0.500000 1.118034
1.000000 3.905125 4.500000
1.000000 4.031129 4.472136
1.000000 3.905125 4.242641
1.000000 2.500000 2.828427
1.000000 1.802776 2.121320
1.000000 1.118034 1.414214
1.000000 3.535534 3.807887
1.000000 4.031129 4.301163
1.000000 2.236068 2.500000
1.000000 1.802776 2.061553
1.000000 2.692582 2.915476
1.000000 1.581139 1.802776
1.000000 4.031129 4.242641
1.000000 4.272002 4.472136
1.000000 1.802776 2.000000
1.000000 2.500000 2.692582
1.000000 2.692582 2.828427
1.000000 3.041381 3.162278
1.000000 1.000000 1.118034
1.000000 1.000000 1.118034
1.000000 4.527693 4.609772
1.000000 2.000000 2.061553
1.000000 2.000000 2.061553
1.000000 2.000000 2.061553
1.000000 2.061553 2.121320
1.000000 3.000000 3.041381
1.000000 3.500000 3.535534
1.000000 4.272002 4.301163
1.000000 23.500000 23.505319
1.000000 23.500000 23.505319
0.000000 -3.500000 inf
0.000000 -1.802776 23.500000
0.000000 -2.000000 -0.707107
0.000000 -2.915476 -1.802776
0.000000 -2.692582 -1.802776
0.000000 -3.500000 -2.692582
0.000000 -2.692582 -2.000000
0.000000 -2.549510 -2.000000
0.000000 -2.500000 -2.061553
0.000000 -1.500000 -1.118034
0.000000 -1.000000 -0.707107
0.000000 -2.500000 -2.236068
0.000000 -2.061553 -1.802776
0.000000 -2.061553 -1.802776
0.000000 -1.802776 -1.581139
0.000000 -3.041381 -2.828427
0.000000 -0.707107 -0.500000
0.000000 -3.041381 -2.915476
0.000000 -1.118034 -1.000000
0.000000 -2.915476 -2.828427
0.000000 -1.581139 -1.500000
0.000000 -2.061553 -2.000000
0.000000 -2.061553 -2.000000
0.000000 -2.549510 -2.500000
