1.000000 -4.525483 0.800000
1.000000 -0.800000 1.600000
1.000000 -0.800000 0.800000
1.000000 -0.800000 0.800000
1.000000 -0.800000 0.800000
1.000000 1.131371 2.529822
1.000000 1.788854 2.262742
1.000000 6.449806 6.835203
1.000000 0.800000 1.131371
1.000000 0.800000 1.131371
1.000000 0.800000 1.131371
1.000000 0.800000 1.131371
1.000000 0.800000 1.131371
1.000000 0.800000 1.131371
1.000000 6.835203 7.155418
1.000000 7.375636 7.589466
1.000000 6.248200 6.449806
1.000000 1.600000 1.788854
1.000000 1.600000 1.788854
1.000000 1.600000 1.788854
1.000000 2.400000 2.529822
1.000000 8.000000 8.039900
0.000000 -8.836289 inf
0.000000 -3.298485 -0.800000
0.000000 -0.800000 1.600000
0.000000 -0.800000 1.131371
0.000000 -0.800000 0.800000
0.000000 -0.800000 0.800000
0.000000 -1.600000 -0.800000
0.000000 -1.600000 -0.800000
0.000000 -4.000000 -3.200000
0.000000 -6.092618 -5.600000
0.000000 -6.248200 -5.768882
0.000000 -1.600000 -1.131371
0.000000 -6.092618 -5.824088
0.000000 -5.824088 -5.656854
0.000000 -4.664762 -4.525483
0.000000 -5.768882 -5.656854
0.000000 -5.824088 -5.768882
