1.000000 2.000000 6.324555
1.000000 -0.707107 1.000000
1.000000 -0.707107 0.500000
1.000000 -0.500000 0.500000
1.000000 0.500000 1.500000
1.000000 0.500000 1.500000
1.000000 0.500000 1.500000
1.000000 0.707107 1.118034
1.000000 5.656854 6.020797
1.000000 5.656854 6.020797
1.000000 5.700877 6.020797
1.000000 0.707107 1.000000
1.000000 5.830952 6.103278
1.000000 0.500000 0.707107
1.000000 0.500000 0.707107
1.000000 0.500000 0.707107
1.000000 2.500000 2.692582
1.000000 2.500000 2.692582
1.000000 5.830952 6.020797
1.000000 5.852350 6.041523
1.000000 1.000000 1.118034
1.000000 1.000000 1.118034
1.000000 2.121320 2.236068
1.000000 6.082763 6.184658
1.000000 1.500000 1.581139
1.000000 2.000000 2.061553
1.000000 3.000000 3.041381
0.000000 -3.807887 inf
0.000000 -3.500000 0.500000
0.000000 -2.500000 -0.500000
0.000000 -2.061553 -0.500000
0.000000 -0.500000 1.000000
0.000000 -0.707107 0.500000
0.000000 -3.605551 -2.549510
0.000000 -0.500000 0.500000
0.000000 -0.500000 0.500000
0.000000 -0.500000 0.500000
0.000000 -1.414214 -0.500000
0.000000 -2.000000 -1.118034
0.000000 -1.802776 -1.000000
0.000000 -1.802776 -1.118034
0.000000 -1.581139 -1.000000
0.000000 -2.500000 -2.000000
0.000000 -1.000000 -0.500000
0.000000 -1.802776 -1.500000
0.000000 -1.802776 -1.500000
0.000000 -1.000000 -0.707107
0.000000 -0.707107 -0.500000
0.000000 -2.692582 -2.549510
0.000000 -1.118034 -1.000000
0.000000 -2.236068 -2.121320
0.000000 -1.581139 -1.500000
0.000000 -1.581139 -1.500000
0.000000 -2.061553 -2.000000
