1.000000 1.802776 11.672618
1.000000 -0.500000 1.414214
1.000000 -1.000000 0.707107
1.000000 -0.500000 1.118034
1.000000 -0.500000 1.000000
1.000000 -0.707107 0.500000
1.000000 -0.500000 0.500000
1.000000 -0.500000 0.500000
1.000000 -0.500000 0.500000
1.000000 -0.500000 0.500000
1.000000 1.118034 1.802776
1.000000 0.500000 1.118034
1.000000 0.500000 1.000000
1.000000 0.500000 0.707107
1.000000 0.500000 0.707107
1.000000 0.500000 0.707107
1.000000 0.500000 0.707107
1.000000 0.500000 0.707107
1.000000 0.500000 0.707107
1.000000 0.500000 0.707107
1.000000 0.500000 0.707107
1.000000 0.500000 0.707107
1.000000 0.500000 0.707107
1.000000 0.500000 0.707107
1.000000 0.500000 0.707107
1.000000 0.500000 0.707107
1.000000 2.061553 2.236068
1.000000 1.000000 1.118034
1.000000 1.000000 1.118034
1.000000 1.000000 1.118034
1.000000 1.000000 1.118034
1.000000 4.031129 4.123106
1.000000 1.500000 1.581139
1.000000 1.500000 1.581139
1.000000 1.500000 1.581139
1.000000 2.061553 2.121320
1.000000 2.061553 2.121320
1.000000 2.500000 2.549510
1.000000 11.280514 11.313708
1.000000 11.597414 11.629703
0.000000 -3.535534 inf
0.000000 -3.041381 0.500000
0.000000 -0.500000 1.500000
0.000000 -1.000000 1.000000
0.000000 -2.828427 -1.118034
0.000000 -2.000000 -0.500000
0.000000 -1.802776 -0.500000
0.000000 -0.500000 0.707107
0.000000 -0.500000 0.500000
0.000000 -0.500000 0.500000
0.000000 -0.500000 0.500000
0.000000 -2.000000 -1.000000
0.000000 -1.414214 -0.500000
0.000000 -3.041381 -2.236068
0.000000 -1.414214 -0.707107
0.000000 -1.581139 -1.000000
0.000000 -1.581139 -1.000000
0.000000 -1.500000 -1.000000
0.000000 -1.414214 -1.000000
0.000000 -2.121320 -1.802776
0.000000 -1.802776 -1.500000
0.000000 -1.414214 -1.118034
0.000000 -1.414214 -1.118034
0.000000 -1.414214 -1.118034
0.000000 -1.414214 -1.118034
0.000000 -0.707107 -0.500000
0.000000 -0.707107 -0.500000
0.000000 -0.707107 -0.500000
0.000000 -0.707107 -0.500000
0.000000 -2.000000 -1.802776
0.000000 -2.000000 -1.802776
0.000000 -1.118034 -1.000000
0.000000 -1.118034 -1.000000
