1.000000 3.162278 14.142136
1.000000 -1.000000 1.000000
1.000000 -1.000000 1.000000
1.000000 -1.000000 1.000000
1.000000 1.000000 1.414214
1.000000 10.198039 10.440307
1.000000 2.000000 2.236068
1.000000 11.000000 11.045361
0.000000 -2.236068 inf
0.000000 -1.000000 3.000000
0.000000 -2.236068 1.000000
0.000000 -1.000000 1.414214
0.000000 -1.000000 1.000000
0.000000 -1.000000 1.000000
0.000000 -1.000000 1.000000
0.000000 -2.236068 -1.414214
0.000000 -1.414214 -1.000000
0.000000 -1.414214 -1.000000
0.000000 -2.236068 -2.000000
