1.000000 0.500000 6.184658
1.000000 1.000000 4.031129
1.000000 3.201562 6.103278
1.000000 -0.500000 1.500000
1.000000 -1.118034 0.500000
1.000000 -1.118034 0.500000
1.000000 1.000000 2.500000
1.000000 -1.000000 0.500000
1.000000 -1.000000 0.500000
1.000000 -0.707107 0.707107
1.000000 -0.500000 0.707107
1.000000 -0.500000 0.707107
1.000000 -0.500000 0.707107
1.000000 -0.707107 0.500000
1.000000 -0.707107 0.500000
1.000000 3.201562 4.242641
1.000000 -0.500000 0.500000
1.000000 -0.500000 0.500000
1.000000 1.000000 2.000000
1.000000 0.707107 1.500000
1.000000 0.707107 1.414214
1.000000 1.802776 2.500000
1.000000 0.500000 1.118034
1.000000 2.236068 2.692582
1.000000 2.061553 2.500000
1.000000 1.000000 1.414214
1.000000 0.707107 1.118034
1.000000 1.118034 1.500000
1.000000 1.118034 1.500000
1.000000 3.905125 4.242641
1.000000 5.700877 6.020797
1.000000 2.692582 3.000000
1.000000 5.220153 5.522681
1.000000 1.118034 1.414214
1.000000 1.118034 1.414214
1.000000 0.707107 1.000000
1.000000 0.707107 1.000000
1.000000 0.707107 1.000000
1.000000 5.830952 6.103278
1.000000 2.236068 2.500000
1.000000 3.807887 4.031129
1.000000 3.807887 4.031129
1.000000 2.692582 2.915476
1.000000 1.581139 1.802776
1.000000 1.581139 1.802776
1.000000 3.905125 4.123106
1.000000 5.830952 6.041523
1.000000 0.500000 0.707107
1.000000 0.500000 0.707107
1.000000 0.500000 0.707107
1.000000 0.500000 0.707107
1.000000 0.500000 0.707107
1.000000 3.605551 3.807887
1.000000 1.802776 2.000000
1.000000 2.500000 2.692582
1.000000 3.807887 4.000000
1.000000 3.162278 3.354102
1.000000 3.354102 3.535534
1.000000 3.354102 3.535534
1.000000 3.354102 3.535534
1.000000 3.354102 3.535534
1.000000 3.640055 3.807887
1.000000 1.414214 1.581139
1.000000 3.000000 3.162278
1.000000 2.549510 2.692582
1.000000 3.500000 3.640055
1.000000 2.692582 2.828427
1.000000 2.692582 2.828427
1.000000 2.915476 3.041381
1.000000 5.099020 5.220153
1.000000 1.000000 1.118034
1.000000 1.000000 1.118034
1.000000 1.000000 1.118034
1.000000 1.000000 1.118034
1.000000 1.000000 1.118034
1.000000 1.000000 1.118034
1.000000 1.000000 1.118034
1.000000 1.000000 1.118034
1.000000 1.000000 1.118034
1.000000 1.000000 1.118034
1.000000 3.535534 3.640055
1.000000 3.535534 3.640055
1.000000 4.031129 4.123106
1.000000 1.414214 1.500000
1.000000 1.500000 1.581139
1.000000 3.535534 3.605551
1.000000 6.020797 6.082763
1.000000 2.000000 2.061553
1.000000 2.061553 2.121320
1.000000 2.061553 2.121320
1.000000 2.061553 2.121320
1.000000 5.656854 5.700877
1.000000 3.605551 3.640055
1.000000 4.000000 4.031129
1.000000 4.000000 4.031129
1.000000 5.500000 5.522681
0.000000 -4.031129 inf
0.000000 -1.000000 1.581139
0.000000 -3.640055 -1.414214
0.000000 -1.414214 0.707107
0.000000 -3.041381 -1.000000
0.000000 -1.000000 1.000000
0.000000 -1.414214 0.500000
0.000000 -2.500000 -0.707107
0.000000 -1.118034 0.500000
0.000000 -3.605551 -2.061553
0.000000 -1.000000 0.500000
0.000000 -2.500000 -1.000000
0.000000 -2.236068 -1.000000
0.000000 -2.549510 -1.500000
0.000000 -2.121320 -1.118034
0.000000 -0.500000 0.500000
0.000000 -3.162278 -2.236068
0.000000 -1.802776 -1.118034
0.000000 -2.121320 -1.500000
0.000000 -2.121320 -1.500000
0.000000 -2.000000 -1.500000
0.000000 -1.000000 -0.500000
0.000000 -1.581139 -1.118034
0.000000 -1.414214 -1.000000
0.000000 -1.414214 -1.000000
0.000000 -1.414214 -1.118034
0.000000 -1.414214 -1.118034
0.000000 -1.414214 -1.118034
0.000000 -1.414214 -1.118034
0.000000 -1.000000 -0.707107
0.000000 -2.061553 -1.802776
0.000000 -2.061553 -1.802776
0.000000 -2.061553 -1.802776
0.000000 -2.061553 -1.802776
0.000000 -2.915476 -2.692582
0.000000 -1.802776 -1.581139
0.000000 -2.000000 -1.802776
0.000000 -2.000000 -1.802776
0.000000 -2.692582 -2.500000
0.000000 -2.692582 -2.500000
0.000000 -2.692582 -2.500000
0.000000 -2.692582 -2.500000
0.000000 -2.692582 -2.500000
0.000000 -1.581139 -1.414214
0.000000 -1.581139 -1.414214
0.000000 -2.692582 -2.549510
0.000000 -2.692582 -2.549510
0.000000 -2.121320 -2.000000
0.000000 -1.118034 -1.000000
0.000000 -1.118034 -1.000000
0.000000 -1.581139 -1.500000
0.000000 -1.581139 -1.500000
0.000000 -1.581139 -1.500000
0.000000 -1.581139 -1.500000
0.000000 -1.581139 -1.500000
0.000000 -2.061553 -2.000000
0.000000 -2.121320 -2.061553
0.000000 -2.121320 -2.061553
0.000000 -2.549510 -2.500000
0.000000 -3.535534 -3.500000
