1.000000 0.500000 7.071068
1.000000 -1.000000 0.500000
1.000000 1.414214 2.692582
1.000000 -0.707107 0.500000
1.000000 -0.707107 0.500000
1.000000 1.000000 2.121320
1.000000 1.118034 2.236068
1.000000 -0.500000 0.500000
1.000000 -0.500000 0.500000
1.000000 -0.500000 0.500000
1.000000 0.500000 1.414214
1.000000 1.500000 2.236068
1.000000 0.500000 1.118034
1.000000 1.000000 1.581139
1.000000 2.000000 2.500000
1.000000 0.500000 1.000000
1.000000 1.000000 1.414214
1.000000 0.707107 1.118034
1.000000 1.118034 1.414214
1.000000 0.707107 1.000000
1.000000 1.802776 2.061553
1.000000 2.000000 2.236068
1.000000 1.581139 1.802776
1.000000 1.581139 1.802776
1.000000 0.500000 0.707107
1.000000 0.500000 0.707107
1.000000 0.500000 0.707107
1.000000 0.500000 0.707107
1.000000 0.500000 0.707107
1.000000 0.500000 0.707107
1.000000 1.414214 1.581139
1.000000 3.041381 3.162278
1.000000 1.000000 1.118034
1.000000 1.000000 1.118034
1.000000 1.000000 1.118034
1.000000 1.000000 1.118034
1.000000 2.121320 2.236068
1.000000 1.500000 1.581139
1.000000 2.000000 2.061553
1.000000 2.000000 2.061553
1.000000 2.000000 2.061553
1.000000 3.500000 3.535534
0.000000 -5.590170 inf
0.000000 -3.605551 -0.500000
0.000000 -1.000000 1.000000
0.000000 -1.414214 0.500000
0.000000 -2.915476 -1.118034
0.000000 -2.692582 -1.000000
0.000000 -1.000000 0.500000
0.000000 -1.802776 -0.500000
0.000000 -0.707107 0.500000
0.000000 -0.707107 0.500000
0.000000 -0.707107 0.500000
0.000000 -2.500000 -1.414214
0.000000 -0.500000 0.500000
0.000000 -0.500000 0.500000
0.000000 -1.500000 -0.500000
0.000000 -0.500000 0.500000
0.000000 -1.414214 -0.707107
0.000000 -1.414214 -0.707107
0.000000 -1.802776 -1.118034
0.000000 -2.915476 -2.236068
0.000000 -2.692582 -2.236068
0.000000 -1.802776 -1.414214
0.000000 -2.500000 -2.121320
0.000000 -1.000000 -0.707107
0.000000 -1.000000 -0.707107
0.000000 -1.000000 -0.707107
0.000000 -1.000000 -0.707107
0.000000 -1.802776 -1.581139
0.000000 -0.707107 -0.500000
0.000000 -0.707107 -0.500000
0.000000 -0.707107 -0.500000
0.000000 -0.707107 -0.500000
0.000000 -3.201562 -3.041381
0.000000 -3.500000 -3.354102
0.000000 -2.692582 -2.549510
0.000000 -1.118034 -1.000000
0.000000 -5.500000 -5.385165
0.000000 -2.236068 -2.121320
0.000000 -1.500000 -1.414214
0.000000 -1.581139 -1.500000
0.000000 -1.581139 -1.500000
0.000000 -1.581139 -1.500000
