1.000000 1.777778 15.523777
1.000000 -0.888889 0.888889
1.000000 -0.888889 0.888889
1.000000 1.987616 3.664983
1.000000 1.987616 2.514157
1.000000 1.257079 1.777778
1.000000 12.726952 13.124287
1.000000 12.348839 12.726952
1.000000 3.204934 3.555556
1.000000 14.470063 14.794060
1.000000 13.913312 14.222222
1.000000 1.777778 1.987616
1.000000 13.597385 13.799266
1.000000 2.666667 2.810913
1.000000 2.666667 2.810913
1.000000 14.332903 14.470063
1.000000 3.555556 3.664983
1.000000 3.555556 3.664983
1.000000 12.476150 12.570787
1.000000 15.111111 15.137232
1.000000 15.111111 15.137232
0.000000 -5.333333 inf
0.000000 -1.777778 1.257079
0.000000 -3.664983 -0.888889
0.000000 -3.204934 -1.257079
0.000000 -1.987616 -0.888889
0.000000 -2.666667 -1.777778
0.000000 -2.514157 -1.987616
0.000000 -2.514157 -1.987616
0.000000 -2.514157 -1.987616
0.000000 -2.514157 -1.987616
0.000000 -2.514157 -1.987616
0.000000 -2.514157 -1.987616
0.000000 -2.514157 -1.987616
0.000000 -1.777778 -1.257079
0.000000 -1.777778 -1.257079
0.000000 -1.777778 -1.257079
0.000000 -1.777778 -1.257079
0.000000 -1.777778 -1.257079
0.000000 -4.786813 -4.532462
0.000000 -5.028315 -4.786813
0.000000 -1.987616 -1.777778
0.000000 -1.987616 -1.777778
0.000000 -1.987616 -1.777778
0.000000 -1.987616 -1.777778
0.000000 -2.666667 -2.514157
0.000000 -2.810913 -2.666667
