1.000000 4.000000 6.449806
1.000000 0.800000 3.200000
1.000000 -0.800000 0.800000
1.000000 -0.800000 0.800000
1.000000 -0.800000 0.800000
1.000000 -0.800000 0.800000
1.000000 1.788854 3.200000
1.000000 2.529822 2.884441
1.000000 0.800000 1.131371
1.000000 0.800000 1.131371
1.000000 0.800000 1.131371
1.000000 5.824088 6.092618
1.000000 4.079216 4.308132
1.000000 1.600000 1.788854
1.000000 2.400000 2.529822
1.000000 5.656854 5.768882
1.000000 4.000000 4.079216
0.000000 -3.200000 inf
0.000000 -2.884441 1.600000
0.000000 -1.788854 0.800000
0.000000 -0.800000 1.600000
0.000000 -1.131371 0.800000
0.000000 -0.800000 0.800000
0.000000 -0.800000 0.800000
0.000000 -0.800000 0.800000
0.000000 -2.262742 -0.800000
0.000000 -2.262742 -0.800000
0.000000 -2.262742 -1.131371
0.000000 -1.788854 -1.131371
0.000000 -1.788854 -1.131371
0.000000 -2.262742 -1.788854
0.000000 -1.600000 -1.131371
0.000000 -1.600000 -1.131371
0.000000 -2.884441 -2.529822
0.000000 -1.131371 -0.800000
0.000000 -1.131371 -0.800000
0.000000 -1.131371 -0.800000
0.000000 -1.131371 -0.800000
0.000000 -1.131371 -0.800000
0.000000 -1.788854 -1.600000
