1.000000 -0.500000 11.180340
1.000000 0.500000 1.118034
1.000000 0.500000 1.000000
1.000000 1.118034 1.414214
1.000000 2.236068 2.500000
1.000000 10.735455 10.965856
1.000000 0.500000 0.707107
1.000000 0.500000 0.707107
1.000000 0.500000 0.707107
1.000000 10.770330 10.965856
1.000000 10.630146 10.816654
1.000000 10.793517 10.965856
1.000000 10.124228 10.259142
1.000000 10.307764 10.440307
1.000000 1.000000 1.118034
1.000000 9.899495 10.012492
1.000000 11.011358 11.101802
1.000000 9.552487 9.617692
1.000000 2.000000 2.061553
1.000000 8.000000 8.015610
0.000000 -3.162278 inf
0.000000 -3.041381 -1.000000
0.000000 -1.000000 0.500000
0.000000 -2.500000 -1.000000
0.000000 -2.236068 -1.000000
0.000000 -0.707107 0.500000
0.000000 -0.707107 0.500000
0.000000 -0.500000 0.707107
0.000000 -0.500000 0.500000
0.000000 -2.236068 -1.414214
0.000000 -2.500000 -1.802776
0.000000 -2.061553 -1.414214
0.000000 -2.000000 -1.414214
0.000000 -1.500000 -1.000000
0.000000 -2.000000 -1.500000
0.000000 -3.041381 -2.549510
0.000000 -2.236068 -1.802776
0.000000 -2.000000 -1.581139
0.000000 -1.500000 -1.118034
0.000000 -2.061553 -1.802776
0.000000 -0.707107 -0.500000
0.000000 -0.707107 -0.500000
0.000000 -2.000000 -1.802776
0.000000 -2.000000 -1.802776
0.000000 -2.236068 -2.061553
0.000000 -3.162278 -3.041381
0.000000 -1.118034 -1.000000
0.000000 -1.118034 -1.000000
0.000000 -1.118034 -1.000000
0.000000 -2.915476 -2.828427
0.000000 -3.000000 -2.915476
0.000000 -1.581139 -1.500000
0.000000 -2.061553 -2.000000
0.000000 -3.041381 -3.000000
