1.000000 1.414214 8.485281
1.000000 -1.414214 1.000000
1.000000 -1.000000 1.000000
1.000000 -1.000000 1.000000
1.000000 6.403124 7.280110
1.000000 3.162278 3.605551
1.000000 6.708204 7.071068
1.000000 6.708204 7.071068
1.000000 6.708204 7.000000
1.000000 7.000000 7.211103
0.000000 -3.605551 inf
0.000000 -3.605551 1.000000
0.000000 -2.236068 1.000000
0.000000 -1.000000 1.000000
0.000000 -2.000000 -1.000000
0.000000 -2.828427 -2.236068
0.000000 -2.000000 -1.414214
0.000000 -3.605551 -3.162278
0.000000 -1.414214 -1.000000
0.000000 -1.414214 -1.000000
0.000000 -3.162278 -2.828427
0.000000 -2.236068 -2.000000
0.000000 -3.162278 -3.000000
0.000000 -3.162278 -3.000000
