1.000000 -1.600000 4.664762
1.000000 -1.131371 2.884441
1.000000 -1.600000 1.788854
1.000000 -2.400000 0.800000
1.000000 -1.788854 1.131371
1.000000 -0.800000 1.788854
1.000000 -1.600000 0.800000
1.000000 -1.600000 0.800000
1.000000 -1.600000 0.800000
1.000000 -1.600000 0.800000
1.000000 -1.131371 0.800000
1.000000 -0.800000 1.131371
1.000000 -0.800000 1.131371
1.000000 -0.800000 0.800000
1.000000 -0.800000 0.800000
1.000000 -0.800000 0.800000
1.000000 -0.800000 0.800000
1.000000 -0.800000 0.800000
1.000000 -0.800000 0.800000
1.000000 -0.800000 0.800000
1.000000 -0.800000 0.800000
1.000000 -0.800000 0.800000
1.000000 -0.800000 0.800000
1.000000 -0.800000 0.800000
1.000000 -0.800000 0.800000
1.000000 -0.800000 0.800000
1.000000 -0.800000 0.800000
1.000000 -0.800000 0.800000
1.000000 -0.800000 0.800000
1.000000 0.800000 1.788854
1.000000 1.788854 2.262742
1.000000 1.131371 1.600000
1.000000 0.800000 1.131371
1.000000 0.800000 1.131371
1.000000 0.800000 1.131371
1.000000 0.800000 1.131371
1.000000 0.800000 1.131371
1.000000 0.800000 1.131371
1.000000 0.800000 1.131371
1.000000 0.800000 1.131371
1.000000 0.800000 1.131371
1.000000 4.000000 4.308132
1.000000 10.881176 11.142711
1.000000 10.881176 11.142711
1.000000 13.410444 13.670406
1.000000 11.313708 11.454257
1.000000 11.313708 11.454257
1.000000 2.400000 2.529822
1.000000 13.120976 13.242356
1.000000 14.488616 14.598630
1.000000 3.298485 3.394113
1.000000 4.000000 4.079216
1.000000 12.000000 12.026637
1.000000 12.000000 12.026637
1.000000 13.971399 13.994285
1.000000 15.200000 15.221038
0.000000 -5.824088 inf
0.000000 -1.600000 10.733126
0.000000 -5.059644 -1.600000
0.000000 -0.800000 1.600000
0.000000 -4.308132 -2.400000
0.000000 -4.000000 -2.262742
0.000000 -3.298485 -1.788854
0.000000 -2.884441 -1.600000
0.000000 -2.884441 -1.788854
0.000000 -3.394113 -2.400000
0.000000 -3.394113 -2.400000
0.000000 -3.394113 -2.529822
0.000000 -3.200000 -2.400000
0.000000 -3.298485 -2.529822
0.000000 -2.529822 -1.788854
0.000000 -2.529822 -1.788854
0.000000 -2.529822 -1.788854
0.000000 -2.884441 -2.400000
0.000000 -2.884441 -2.400000
0.000000 -2.262742 -1.788854
0.000000 -1.600000 -1.131371
0.000000 -4.000000 -3.577709
0.000000 -4.664762 -4.308132
0.000000 -2.884441 -2.529822
0.000000 -2.884441 -2.529822
0.000000 -2.884441 -2.529822
0.000000 -1.131371 -0.800000
0.000000 -1.131371 -0.800000
0.000000 -3.200000 -2.884441
0.000000 -3.200000 -2.884441
0.000000 -3.200000 -2.884441
0.000000 -4.308132 -4.000000
0.000000 -2.529822 -2.400000
0.000000 -2.529822 -2.400000
0.000000 -2.529822 -2.400000
0.000000 -5.656854 -5.600000
0.000000 -5.656854 -5.600000
