1.000000 0.707107 6.500000
1.000000 -1.000000 2.500000
1.000000 -1.000000 0.500000
1.000000 -0.707107 0.707107
1.000000 -0.500000 0.707107
1.000000 -0.500000 0.500000
1.000000 -0.500000 0.500000
1.000000 1.000000 1.500000
1.000000 1.500000 1.802776
1.000000 1.500000 1.802776
1.000000 0.707107 1.000000
1.000000 0.707107 1.000000
1.000000 0.707107 1.000000
1.000000 2.236068 2.500000
1.000000 2.236068 2.500000
1.000000 1.581139 1.802776
1.000000 1.581139 1.802776
1.000000 0.500000 0.707107
1.000000 0.500000 0.707107
1.000000 1.802776 2.000000
1.000000 4.743416 4.924429
1.000000 2.549510 2.692582
1.000000 1.000000 1.118034
1.000000 1.000000 1.118034
1.000000 1.000000 1.118034
1.000000 5.000000 5.099020
1.000000 3.000000 3.041381
0.000000 -4.472136 inf
0.000000 -2.236068 -1.000000
0.000000 -2.061553 -1.000000
0.000000 -0.500000 0.500000
0.000000 -1.802776 -1.000000
0.000000 -2.000000 -1.414214
0.000000 -2.061553 -1.500000
0.000000 -1.000000 -0.500000
0.000000 -1.500000 -1.000000
0.000000 -2.000000 -1.500000
0.000000 -1.581139 -1.118034
0.000000 -1.581139 -1.118034
0.000000 -3.605551 -3.162278
0.000000 -2.236068 -1.802776
0.000000 -1.118034 -0.707107
0.000000 -1.414214 -1.118034
0.000000 -1.000000 -0.707107
0.000000 -1.000000 -0.707107
0.000000 -1.802776 -1.581139
0.000000 -0.707107 -0.500000
0.000000 -1.581139 -1.414214
0.000000 -1.118034 -1.000000
0.000000 -1.118034 -1.000000
0.000000 -1.118034 -1.000000
0.000000 -1.118034 -1.000000
0.000000 -1.500000 -1.414214
0.000000 -1.581139 -1.500000
0.000000 -1.581139 -1.500000
0.000000 -1.581139 -1.500000
