1.000000 -1.802776 1.802776
1.000000 -2.061553 1.000000
1.000000 -2.549510 0.500000
1.000000 -2.000000 1.000000
1.000000 -1.581139 1.000000
1.000000 -1.500000 0.707107
1.000000 -1.500000 0.500000
1.000000 -1.000000 0.707107
1.000000 -1.000000 0.500000
1.000000 -0.500000 0.707107
1.000000 -0.707107 0.500000
1.000000 -0.500000 0.500000
1.000000 -0.500000 0.500000
1.000000 -0.500000 0.500000
1.000000 -0.500000 0.500000
1.000000 -0.500000 0.500000
1.000000 0.500000 1.118034
1.000000 1.000000 1.581139
1.000000 1.000000 1.500000
1.000000 1.118034 1.414214
1.000000 1.118034 1.414214
1.000000 0.707107 1.000000
1.000000 2.236068 2.500000
1.000000 1.581139 1.802776
1.000000 0.500000 0.707107
1.000000 0.500000 0.707107
1.000000 2.549510 2.692582
1.000000 1.000000 1.118034
1.000000 4.031129 4.123106
1.000000 1.414214 1.500000
1.000000 3.000000 3.041381
1.000000 4.272002 4.301163
0.000000 -9.861541 inf
0.000000 -4.924429 -2.000000
0.000000 -4.301163 -2.500000
0.000000 -3.905125 -2.236068
0.000000 -0.500000 0.707107
0.000000 -0.500000 0.500000
0.000000 -2.692582 -1.802776
0.000000 -4.272002 -3.535534
0.000000 -2.500000 -1.802776
0.000000 -4.301163 -4.031129
0.000000 -3.605551 -3.354102
0.000000 -0.707107 -0.500000
0.000000 -2.692582 -2.500000
0.000000 -2.236068 -2.061553
0.000000 -2.236068 -2.061553
0.000000 -3.162278 -3.000000
0.000000 -2.692582 -2.549510
0.000000 -2.828427 -2.692582
0.000000 -4.123106 -4.000000
0.000000 -1.118034 -1.000000
0.000000 -2.236068 -2.121320
0.000000 -7.762087 -7.648529
0.000000 -6.363961 -6.264982
0.000000 -4.123106 -4.031129
0.000000 -1.581139 -1.500000
0.000000 -3.605551 -3.535534
0.000000 -2.061553 -2.000000
0.000000 -2.061553 -2.000000
0.000000 -3.535534 -3.500000
0.000000 -4.031129 -4.000000
0.000000 -4.301163 -4.272002
