1.000000 0.707107 13.892444
1.000000 -1.000000 0.500000
1.000000 -0.500000 0.707107
1.000000 -0.707107 0.500000
1.000000 -0.707107 0.500000
1.000000 -0.500000 0.500000
1.000000 -0.500000 0.500000
1.000000 -0.500000 0.500000
1.000000 1.000000 1.500000
1.000000 1.118034 1.581139
1.000000 1.118034 1.500000
1.000000 1.118034 1.414214
1.000000 1.118034 1.414214
1.000000 0.707107 1.000000
1.000000 13.647344 13.865425
1.000000 0.500000 0.707107
1.000000 0.500000 0.707107
1.000000 0.500000 0.707107
1.000000 1.000000 1.118034
1.000000 1.000000 1.118034
1.000000 1.000000 1.118034
1.000000 1.000000 1.118034
1.000000 1.000000 1.118034
1.000000 1.500000 1.581139
1.000000 4.500000 4.527693
0.000000 -3.162278 inf
0.000000 -2.500000 0.500000
0.000000 -2.500000 0.500000
0.000000 -2.121320 0.500000
0.000000 -2.000000 -0.500000
0.000000 -2.500000 -1.118034
0.000000 -0.707107 0.500000
0.000000 -3.162278 -2.061553
0.000000 -0.500000 0.500000
0.000000 -2.000000 -1.118034
0.000000 -1.500000 -0.707107
0.000000 -1.414214 -0.707107
0.000000 -2.500000 -1.802776
0.000000 -1.118034 -0.500000
0.000000 -1.000000 -0.500000
0.000000 -1.500000 -1.000000
0.000000 -1.414214 -1.000000
0.000000 -1.802776 -1.500000
0.000000 -1.414214 -1.118034
0.000000 -1.000000 -0.707107
0.000000 -1.000000 -0.707107
0.000000 -1.000000 -0.707107
0.000000 -1.000000 -0.707107
0.000000 -2.500000 -2.236068
0.000000 -0.707107 -0.500000
0.000000 -0.707107 -0.500000
0.000000 -0.707107 -0.500000
0.000000 -2.236068 -2.061553
0.000000 -3.162278 -3.041381
0.000000 -1.118034 -1.000000
0.000000 -1.118034 -1.000000
0.000000 -1.118034 -1.000000
0.000000 -2.236068 -2.121320
0.000000 -1.581139 -1.500000
0.000000 -2.121320 -2.061553
0.000000 -2.549510 -2.500000
