1.000000 3.162278 12.206556
1.000000 -1.000000 1.000000
1.000000 10.000000 10.630146
1.000000 10.000000 10.630146
1.000000 10.295630 10.630146
1.000000 11.401754 11.704700
1.000000 9.000000 9.055385
1.000000 10.770330 10.816654
0.000000 -4.000000 inf
0.000000 -2.000000 1.000000
0.000000 -1.000000 1.000000
0.000000 -1.000000 1.000000
0.000000 -1.000000 1.000000
0.000000 -2.236068 -1.000000
0.000000 -2.236068 -1.000000
0.000000 -2.236068 -1.414214
0.000000 -2.828427 -2.236068
0.000000 -2.000000 -1.414214
0.000000 -2.000000 -1.414214
0.000000 -2.000000 -1.414214
0.000000 -2.000000 -1.414214
0.000000 -1.414214 -1.000000
