1.000000 3.000000 8.062258
1.000000 -1.000000 2.828427
1.000000 3.000000 6.324555
1.000000 -1.414214 1.414214
1.000000 -1.414214 1.414214
1.000000 -1.414214 1.414214
1.000000 -1.414214 1.000000
1.000000 -1.000000 1.000000
1.000000 -1.000000 1.000000
1.000000 -1.000000 1.000000
1.000000 1.000000 3.000000
1.000000 1.000000 2.000000
1.000000 1.000000 2.000000
1.000000 6.403124 7.071068
1.000000 1.414214 2.000000
1.000000 4.472136 5.000000
1.000000 5.385165 5.830952
1.000000 1.000000 1.414214
1.000000 1.000000 1.414214
1.000000 6.708204 7.071068
1.000000 4.123106 4.472136
1.000000 6.403124 6.708204
1.000000 6.403124 6.708204
1.000000 6.708204 7.000000
1.000000 2.000000 2.236068
1.000000 4.242641 4.472136
1.000000 3.000000 3.162278
1.000000 3.000000 3.162278
1.000000 4.123106 4.242641
1.000000 5.000000 5.099020
0.000000 -4.123106 inf
0.000000 -2.828427 3.000000
0.000000 -2.236068 1.000000
0.000000 -2.000000 1.000000
0.000000 -1.000000 1.000000
0.000000 -1.000000 1.000000
0.000000 -4.000000 -2.000000
0.000000 -2.828427 -1.000000
0.000000 -2.828427 -1.000000
0.000000 -3.605551 -2.000000
0.000000 -2.828427 -1.414214
0.000000 -2.236068 -1.000000
0.000000 -2.000000 -1.000000
0.000000 -2.000000 -1.000000
0.000000 -2.236068 -1.414214
0.000000 -3.605551 -2.828427
0.000000 -3.605551 -2.828427
0.000000 -2.828427 -2.236068
0.000000 -2.000000 -1.414214
0.000000 -2.000000 -1.414214
0.000000 -1.414214 -1.000000
0.000000 -1.414214 -1.000000
0.000000 -1.414214 -1.000000
0.000000 -3.162278 -2.828427
0.000000 -2.236068 -2.000000
0.000000 -2.236068 -2.000000
0.000000 -3.000000 -2.828427
0.000000 -3.162278 -3.000000
0.000000 -3.162278 -3.000000
0.000000 -3.162278 -3.000000
