1.000000 2.236068 12.083046
1.000000 -1.000000 1.000000
1.000000 -1.000000 1.000000
1.000000 3.605551 5.000000
1.000000 4.000000 5.000000
1.000000 2.236068 3.000000
1.000000 1.414214 2.000000
1.000000 3.162278 3.605551
1.000000 3.162278 3.605551
1.000000 1.000000 1.414214
1.000000 13.928388 14.317821
1.000000 18.027756 18.357560
1.000000 2.000000 2.236068
1.000000 2.000000 2.236068
1.000000 2.000000 2.236068
1.000000 2.000000 2.236068
1.000000 17.492856 17.720045
1.000000 14.560220 14.764823
1.000000 15.620499 15.811388
1.000000 4.000000 4.123106
1.000000 4.000000 4.123106
1.000000 4.123106 4.242641
1.000000 4.123106 4.242641
1.000000 18.681542 18.788294
1.000000 5.000000 5.099020
0.000000 -2.828427 inf
0.000000 -1.000000 2.828427
0.000000 -2.236068 1.000000
0.000000 -1.000000 2.000000
0.000000 -2.000000 1.000000
0.000000 -2.000000 1.000000
0.000000 -1.000000 1.414214
0.000000 -1.000000 1.414214
0.000000 -1.414214 1.000000
0.000000 -1.000000 1.000000
0.000000 -1.000000 1.000000
0.000000 -1.000000 1.000000
0.000000 -1.000000 1.000000
0.000000 -2.828427 -1.000000
0.000000 -2.000000 -1.000000
0.000000 -2.000000 -1.000000
0.000000 -2.000000 -1.000000
0.000000 -2.236068 -1.414214
0.000000 -2.000000 -1.414214
0.000000 -1.414214 -1.000000
0.000000 -1.414214 -1.000000
0.000000 -1.414214 -1.000000
0.000000 -1.414214 -1.000000
0.000000 -1.414214 -1.000000
0.000000 -1.414214 -1.000000
0.000000 -1.414214 -1.000000
0.000000 -1.414214 -1.000000
0.000000 -1.414214 -1.000000
0.000000 -1.414214 -1.000000
0.000000 -1.414214 -1.000000
0.000000 -1.414214 -1.000000
0.000000 -1.414214 -1.000000
0.000000 -1.414214 -1.000000
0.000000 -1.414214 -1.000000
