1.000000 0.800000 8.000000
1.000000 5.366563 7.879086
1.000000 0.800000 2.884441
1.000000 -0.800000 1.131371
1.000000 -1.131371 0.800000
1.000000 -0.800000 0.800000
1.000000 -0.800000 0.800000
1.000000 -0.800000 0.800000
1.000000 -0.800000 0.800000
1.000000 -0.800000 0.800000
1.000000 -0.800000 0.800000
1.000000 1.131371 1.600000
1.000000 7.547185 7.879086
1.000000 0.800000 1.131371
1.000000 0.800000 1.131371
1.000000 0.800000 1.131371
1.000000 0.800000 1.131371
1.000000 0.800000 1.131371
1.000000 0.800000 1.131371
1.000000 0.800000 1.131371
1.000000 0.800000 1.131371
1.000000 2.262742 2.529822
1.000000 4.308132 4.525483
1.000000 1.600000 1.788854
1.000000 1.600000 1.788854
1.000000 1.600000 1.788854
1.000000 7.244308 7.375636
1.000000 5.656854 5.768882
1.000000 5.656854 5.768882
1.000000 4.800000 4.866210
0.000000 -4.000000 inf
0.000000 -3.298485 -1.131371
0.000000 -0.800000 1.131371
0.000000 -0.800000 0.800000
0.000000 -0.800000 0.800000
0.000000 -0.800000 0.800000
0.000000 -2.884441 -1.600000
0.000000 -2.884441 -1.600000
0.000000 -2.400000 -1.131371
0.000000 -2.262742 -1.131371
0.000000 -1.788854 -0.800000
0.000000 -1.600000 -0.800000
0.000000 -1.600000 -0.800000
0.000000 -1.600000 -0.800000
0.000000 -2.400000 -1.600000
0.000000 -3.200000 -2.529822
0.000000 -2.884441 -2.400000
0.000000 -2.262742 -1.788854
0.000000 -2.262742 -1.788854
0.000000 -2.262742 -1.788854
0.000000 -1.600000 -1.131371
0.000000 -1.600000 -1.131371
0.000000 -1.131371 -0.800000
0.000000 -1.131371 -0.800000
0.000000 -1.788854 -1.600000
0.000000 -1.788854 -1.600000
