1.000000 -1.414214 9.486833
1.000000 -1.000000 1.000000
1.000000 -1.000000 1.000000
1.000000 4.242641 6.082763
1.000000 2.000000 2.828427
1.000000 1.414214 2.000000
1.000000 4.472136 5.000000
1.000000 4.472136 5.000000
1.000000 8.544004 8.944272
1.000000 7.280110 7.615773
1.000000 5.099020 5.385165
1.000000 2.000000 2.236068
1.000000 4.000000 4.123106
0.000000 -5.000000 inf
0.000000 -1.000000 2.000000
0.000000 -4.242641 -2.000000
0.000000 -4.000000 -2.828427
0.000000 -3.162278 -2.000000
0.000000 -2.000000 -1.000000
0.000000 -3.000000 -2.000000
0.000000 -4.000000 -3.162278
0.000000 -3.605551 -3.000000
0.000000 -2.828427 -2.236068
0.000000 -1.414214 -1.000000
0.000000 -3.162278 -2.828427
0.000000 -4.242641 -4.000000
0.000000 -2.236068 -2.000000
0.000000 -2.236068 -2.000000
0.000000 -3.000000 -2.828427
0.000000 -3.000000 -2.828427
0.000000 -3.000000 -2.828427
0.000000 -3.000000 -2.828427
0.000000 -4.123106 -4.000000
