1.000000 -1.414214 1.000000
1.000000 -1.000000 1.000000
1.000000 -1.000000 1.000000
1.000000 -1.000000 1.000000
1.000000 1.000000 2.000000
1.000000 2.000000 2.828427
1.000000 2.236068 3.000000
1.000000 2.236068 2.828427
1.000000 2.236068 2.828427
1.000000 1.414214 2.000000
1.000000 1.414214 2.000000
1.000000 13.000000 13.416408
1.000000 13.000000 13.416408
1.000000 1.000000 1.414214
1.000000 13.928388 14.317821
1.000000 16.643317 17.000000
1.000000 12.727922 13.038405
1.000000 14.560220 14.866069
1.000000 14.035669 14.317821
1.000000 2.000000 2.236068
1.000000 12.806248 13.038405
1.000000 15.033296 15.264338
1.000000 17.000000 17.204651
1.000000 14.560220 14.764823
1.000000 3.000000 3.162278
1.000000 5.000000 5.099020
1.000000 12.727922 12.806248
1.000000 17.464249 17.492856
0.000000 -3.000000 inf
0.000000 -2.000000 12.727922
0.000000 -1.000000 5.000000
0.000000 -1.000000 1.414214
0.000000 -1.414214 1.000000
0.000000 -1.414214 1.000000
0.000000 -1.000000 1.000000
0.000000 -1.000000 1.000000
0.000000 -2.000000 -1.000000
0.000000 -2.236068 -1.414214
0.000000 -2.000000 -1.414214
0.000000 -2.000000 -1.414214
0.000000 -2.000000 -1.414214
0.000000 -1.414214 -1.000000
0.000000 -1.414214 -1.000000
0.000000 -1.414214 -1.000000
