1.000000 0.500000 7.648529
1.000000 -1.802776 0.500000
1.000000 -0.707107 0.500000
1.000000 -0.500000 0.707107
1.000000 -0.500000 0.500000
1.000000 1.000000 1.581139
1.000000 0.707107 1.118034
1.000000 1.118034 1.500000
1.000000 1.118034 1.414214
1.000000 1.118034 1.414214
1.000000 0.707107 1.000000
1.000000 0.707107 1.000000
1.000000 2.915476 3.201562
1.000000 2.236068 2.500000
1.000000 4.472136 4.716991
1.000000 1.581139 1.802776
1.000000 0.500000 0.707107
1.000000 0.500000 0.707107
1.000000 0.500000 0.707107
1.000000 0.500000 0.707107
1.000000 4.743416 4.924429
1.000000 2.828427 3.000000
1.000000 1.414214 1.581139
1.000000 6.800735 6.964194
1.000000 5.099020 5.220153
1.000000 1.000000 1.118034
1.000000 1.000000 1.118034
1.000000 7.071068 7.158911
1.000000 1.414214 1.500000
1.000000 5.522681 5.590170
1.000000 2.000000 2.061553
1.000000 2.500000 2.549510
1.000000 3.162278 3.201562
1.000000 3.500000 3.535534
1.000000 4.000000 4.031129
1.000000 6.000000 6.020797
0.000000 -3.535534 inf
0.000000 -3.041381 -1.802776
0.000000 -0.500000 0.500000
0.000000 -3.000000 -2.061553
0.000000 -2.692582 -1.802776
0.000000 -2.000000 -1.118034
0.000000 -2.061553 -1.414214
0.000000 -3.041381 -2.500000
0.000000 -1.000000 -0.500000
0.000000 -2.500000 -2.000000
0.000000 -2.500000 -2.061553
0.000000 -2.236068 -1.802776
0.000000 -1.118034 -0.707107
0.000000 -2.500000 -2.121320
0.000000 -2.121320 -1.802776
0.000000 -1.802776 -1.500000
0.000000 -1.414214 -1.118034
0.000000 -1.414214 -1.118034
0.000000 -1.000000 -0.707107
0.000000 -1.000000 -0.707107
0.000000 -1.000000 -0.707107
0.000000 -2.500000 -2.236068
0.000000 -2.061553 -1.802776
0.000000 -1.802776 -1.581139
0.000000 -2.000000 -1.802776
0.000000 -2.236068 -2.061553
0.000000 -2.692582 -2.549510
0.000000 -2.061553 -2.000000
0.000000 -2.061553 -2.000000
0.000000 -3.041381 -3.000000
