1.000000 -2.828427 2.000000
1.000000 -2.236068 2.000000
1.000000 24.186773 24.698178
1.000000 24.207437 24.698178
1.000000 24.413111 24.839485
1.000000 1.000000 1.414214
1.000000 24.041631 24.413111
1.000000 25.298221 25.632011
1.000000 24.083189 24.413111
1.000000 24.698178 25.000000
1.000000 26.476405 26.683328
1.000000 25.059928 25.238859
1.000000 24.041631 24.207437
1.000000 24.596748 24.758837
1.000000 24.083189 24.207437
1.000000 25.961510 26.076810
1.000000 28.071338 28.160256
1.000000 25.000000 25.079872
1.000000 25.495098 25.553865
0.000000 -6.324555 inf
0.000000 -1.000000 24.041631
0.000000 -1.000000 1.414214
0.000000 -5.385165 -3.000000
0.000000 -5.830952 -4.000000
0.000000 -2.000000 -1.414214
0.000000 -5.385165 -5.000000
0.000000 -5.385165 -5.099020
0.000000 -4.123106 -4.000000
