1.000000 -1.000000 2.000000
1.000000 -1.414214 1.000000
1.000000 -1.414214 1.000000
1.000000 -1.000000 1.000000
1.000000 -1.000000 1.000000
1.000000 -1.000000 1.000000
1.000000 -1.000000 1.000000
1.000000 -1.000000 1.000000
1.000000 4.123106 5.385165
1.000000 1.000000 2.000000
1.000000 2.000000 2.828427
1.000000 1.414214 2.000000
1.000000 1.414214 2.000000
1.000000 8.062258 8.602325
1.000000 1.000000 1.414214
1.000000 1.000000 1.414214
1.000000 1.000000 1.414214
1.000000 2.000000 2.236068
1.000000 2.000000 2.236068
1.000000 2.000000 2.236068
1.000000 4.242641 4.472136
1.000000 9.055385 9.219544
1.000000 3.000000 3.162278
1.000000 8.485281 8.544004
0.000000 -5.830952 inf
0.000000 -2.000000 3.162278
0.000000 -2.000000 1.414214
0.000000 -1.414214 2.000000
0.000000 -2.000000 1.000000
0.000000 -1.000000 1.414214
0.000000 -1.000000 1.000000
0.000000 -1.000000 1.000000
0.000000 -1.000000 1.000000
0.000000 -1.000000 1.000000
0.000000 -1.000000 1.000000
0.000000 -1.000000 1.000000
0.000000 -1.000000 1.000000
0.000000 -1.000000 1.000000
0.000000 -1.000000 1.000000
0.000000 -1.000000 1.000000
0.000000 -2.828427 -1.000000
0.000000 -2.236068 -1.414214
0.000000 -2.000000 -1.414214
0.000000 -1.414214 -1.000000
0.000000 -1.414214 -1.000000
0.000000 -1.414214 -1.000000
0.000000 -4.472136 -4.123106
0.000000 -2.236068 -2.000000
0.000000 -5.830952 -5.656854
