1.000000 -0.800000 1.131371
1.000000 -0.800000 0.800000
1.000000 1.600000 2.262742
1.000000 1.788854 2.262742
1.000000 1.788854 2.262742
1.000000 10.430724 10.881176
1.000000 0.800000 1.131371
1.000000 0.800000 1.131371
1.000000 5.824088 6.092618
1.000000 1.600000 1.788854
1.000000 9.666437 9.732420
0.000000 -4.308132 inf
0.000000 -2.262742 3.200000
0.000000 -0.800000 2.529822
0.000000 -0.800000 1.788854
0.000000 -0.800000 1.600000
0.000000 -0.800000 0.800000
0.000000 -1.788854 -0.800000
0.000000 -1.600000 -0.800000
0.000000 -1.600000 -0.800000
0.000000 -4.000000 -3.200000
0.000000 -4.000000 -3.298485
0.000000 -2.400000 -1.788854
0.000000 -1.600000 -1.131371
0.000000 -3.298485 -2.884441
0.000000 -1.131371 -0.800000
0.000000 -1.131371 -0.800000
0.000000 -3.298485 -3.200000
