1.000000 3.664983 9.573626
1.000000 3.975232 8.799551
1.000000 -0.888889 1.777778
1.000000 -0.888889 0.888889
1.000000 -0.888889 0.888889
1.000000 1.987616 2.514157
1.000000 7.111111 7.594670
1.000000 3.975232 4.444444
1.000000 0.888889 1.257079
1.000000 0.888889 1.257079
1.000000 3.664983 3.975232
1.000000 7.329966 7.594670
1.000000 5.406900 5.621827
1.000000 1.777778 1.987616
1.000000 2.666667 2.810913
1.000000 8.799551 8.888889
1.000000 4.444444 4.532462
1.000000 4.444444 4.532462
1.000000 4.444444 4.532462
0.000000 -3.975232 inf
0.000000 -0.888889 3.555556
0.000000 -2.514157 0.888889
0.000000 -2.514157 -1.257079
0.000000 -3.204934 -1.987616
0.000000 -3.975232 -2.810913
0.000000 -3.771236 -2.666667
0.000000 -2.666667 -1.777778
0.000000 -3.664983 -2.810913
0.000000 -3.555556 -2.810913
0.000000 -2.514157 -1.777778
0.000000 -1.987616 -1.257079
0.000000 -2.514157 -1.987616
0.000000 -3.664983 -3.204934
0.000000 -3.204934 -2.810913
0.000000 -3.204934 -2.810913
0.000000 -3.555556 -3.204934
0.000000 -2.810913 -2.514157
0.000000 -1.987616 -1.777778
0.000000 -1.987616 -1.777778
0.000000 -2.666667 -2.514157
0.000000 -2.666667 -2.514157
0.000000 -2.810913 -2.666667
