1.000000 -1.000000 1.000000
1.000000 2.000000 3.162278
1.000000 10.630146 11.704700
1.000000 3.605551 4.242641
1.000000 3.605551 4.242641
1.000000 10.630146 11.180340
1.000000 10.816654 11.313708
1.000000 1.000000 1.414214
1.000000 10.770330 11.180340
1.000000 2.000000 2.236068
1.000000 11.180340 11.401754
1.000000 10.000000 10.198039
1.000000 10.000000 10.198039
1.000000 10.630146 10.816654
1.000000 3.000000 3.162278
1.000000 3.000000 3.162278
1.000000 12.083046 12.165525
1.000000 7.000000 7.071068
1.000000 7.000000 7.071068
0.000000 -2.000000 inf
0.000000 -1.000000 9.486833
0.000000 -1.000000 6.324555
0.000000 -2.000000 2.000000
0.000000 -1.000000 1.414214
0.000000 -1.000000 1.000000
0.000000 -1.000000 1.000000
0.000000 -1.000000 1.000000
0.000000 -1.000000 1.000000
0.000000 -1.414214 -1.000000
0.000000 -1.414214 -1.000000
