1.000000 -1.131371 3.298485
1.000000 -0.800000 2.529822
1.000000 -0.800000 2.529822
1.000000 -0.800000 1.788854
1.000000 -0.800000 1.600000
1.000000 -0.800000 1.600000
1.000000 -1.600000 0.800000
1.000000 -1.131371 0.800000
1.000000 -0.800000 0.800000
1.000000 -0.800000 0.800000
1.000000 -0.800000 0.800000
1.000000 -0.800000 0.800000
1.000000 -0.800000 0.800000
1.000000 0.800000 2.400000
1.000000 0.800000 2.262742
1.000000 0.800000 1.600000
1.000000 1.788854 2.262742
1.000000 1.788854 2.262742
1.000000 1.788854 2.262742
1.000000 1.131371 1.600000
1.000000 1.131371 1.600000
1.000000 1.131371 1.600000
1.000000 1.131371 1.600000
1.000000 2.884441 3.298485
1.000000 0.800000 1.131371
1.000000 0.800000 1.131371
1.000000 0.800000 1.131371
1.000000 0.800000 1.131371
1.000000 2.262742 2.529822
1.000000 2.262742 2.529822
1.000000 1.600000 1.788854
1.000000 1.600000 1.788854
1.000000 2.400000 2.529822
1.000000 2.400000 2.529822
0.000000 -7.375636 inf
0.000000 -4.664762 -1.600000
0.000000 -4.308132 -1.788854
0.000000 -0.800000 1.131371
0.000000 -3.577709 -1.788854
0.000000 -4.000000 -2.262742
0.000000 -0.800000 0.800000
0.000000 -3.298485 -1.788854
0.000000 -3.577709 -2.262742
0.000000 -3.298485 -2.262742
0.000000 -1.600000 -0.800000
0.000000 -6.788225 -6.248200
0.000000 -2.262742 -1.788854
0.000000 -2.262742 -1.788854
0.000000 -1.600000 -1.131371
0.000000 -1.600000 -1.131371
0.000000 -1.131371 -0.800000
0.000000 -2.529822 -2.262742
0.000000 -2.529822 -2.262742
0.000000 -1.788854 -1.600000
0.000000 -2.529822 -2.400000
0.000000 -2.529822 -2.400000
