1.000000 4.472136 8.544004
1.000000 -1.414214 2.236068
1.000000 -1.000000 1.000000
1.000000 -1.000000 1.000000
1.000000 -1.000000 1.000000
1.000000 -1.000000 1.000000
1.000000 -1.000000 1.000000
1.000000 3.000000 4.123106
1.000000 7.000000 8.062258
1.000000 4.472136 5.385165
1.000000 7.211103 8.000000
1.000000 3.162278 3.605551
1.000000 1.000000 1.414214
1.000000 1.000000 1.414214
1.000000 1.000000 1.414214
1.000000 1.000000 1.414214
1.000000 1.000000 1.414214
1.000000 1.000000 1.414214
1.000000 1.000000 1.414214
1.000000 1.000000 1.414214
1.000000 7.211103 7.615773
1.000000 7.280110 7.615773
1.000000 2.000000 2.236068
1.000000 7.810250 8.000000
1.000000 3.000000 3.162278
1.000000 4.000000 4.123106
1.000000 4.000000 4.123106
1.000000 4.123106 4.242641
1.000000 4.123106 4.242641
1.000000 5.000000 5.099020
1.000000 5.000000 5.099020
1.000000 6.324555 6.403124
1.000000 7.000000 7.071068
0.000000 -5.385165 inf
0.000000 -3.605551 2.000000
0.000000 -1.414214 3.605551
0.000000 -3.162278 1.000000
0.000000 -3.000000 1.000000
0.000000 -1.414214 1.000000
0.000000 -1.414214 1.000000
0.000000 -4.000000 -2.000000
0.000000 -1.000000 1.000000
0.000000 -1.000000 1.000000
0.000000 -2.000000 -1.000000
0.000000 -2.000000 -1.000000
0.000000 -2.000000 -1.000000
0.000000 -2.000000 -1.000000
0.000000 -2.000000 -1.000000
0.000000 -2.000000 -1.000000
0.000000 -3.605551 -3.000000
0.000000 -2.828427 -2.236068
0.000000 -2.828427 -2.236068
0.000000 -2.000000 -1.414214
0.000000 -3.605551 -3.162278
0.000000 -1.414214 -1.000000
0.000000 -1.414214 -1.000000
0.000000 -3.162278 -2.828427
0.000000 -5.385165 -5.099020
0.000000 -2.236068 -2.000000
0.000000 -3.000000 -2.828427
