1.000000 0.500000 14.983324
1.000000 -1.000000 0.500000
1.000000 0.500000 2.000000
1.000000 -0.707107 0.500000
1.000000 -0.500000 0.707107
1.000000 0.500000 1.581139
1.000000 -0.500000 0.500000
1.000000 -0.500000 0.500000
1.000000 -0.500000 0.500000
1.000000 -0.500000 0.500000
1.000000 0.500000 1.414214
1.000000 2.061553 2.500000
1.000000 0.707107 1.118034
1.000000 0.707107 1.118034
1.000000 1.118034 1.414214
1.000000 1.118034 1.414214
1.000000 0.707107 1.000000
1.000000 0.707107 1.000000
1.000000 0.707107 1.000000
1.000000 0.707107 1.000000
1.000000 0.500000 0.707107
1.000000 0.500000 0.707107
1.000000 0.500000 0.707107
1.000000 0.500000 0.707107
1.000000 0.500000 0.707107
1.000000 0.500000 0.707107
1.000000 2.061553 2.236068
1.000000 14.430870 14.560220
1.000000 1.000000 1.118034
1.000000 1.000000 1.118034
1.000000 14.115594 14.230249
1.000000 10.111874 10.198039
1.000000 1.414214 1.500000
1.000000 1.500000 1.581139
1.000000 1.500000 1.581139
1.000000 1.500000 1.581139
1.000000 14.705441 14.764823
1.000000 2.500000 2.549510
1.000000 3.500000 3.535534
0.000000 -3.000000 inf
0.000000 -2.236068 0.500000
0.000000 -1.581139 0.500000
0.000000 -2.236068 -0.500000
0.000000 -2.236068 -0.500000
0.000000 -2.061553 -0.707107
0.000000 -0.707107 0.500000
0.000000 -2.236068 -1.118034
0.000000 -0.500000 0.500000
0.000000 -1.500000 -0.500000
0.000000 -0.500000 0.500000
0.000000 -0.500000 0.500000
0.000000 -0.500000 0.500000
0.000000 -0.500000 0.500000
0.000000 -1.500000 -0.707107
0.000000 -1.500000 -0.707107
0.000000 -1.118034 -0.500000
0.000000 -1.118034 -0.500000
0.000000 -1.118034 -0.500000
0.000000 -1.000000 -0.500000
0.000000 -1.000000 -0.500000
0.000000 -1.000000 -0.500000
0.000000 -2.061553 -1.581139
0.000000 -1.581139 -1.118034
0.000000 -1.802776 -1.414214
0.000000 -1.500000 -1.118034
0.000000 -1.414214 -1.118034
0.000000 -1.000000 -0.707107
0.000000 -1.000000 -0.707107
0.000000 -1.000000 -0.707107
0.000000 -1.000000 -0.707107
0.000000 -1.000000 -0.707107
0.000000 -0.707107 -0.500000
0.000000 -0.707107 -0.500000
0.000000 -0.707107 -0.500000
0.000000 -0.707107 -0.500000
0.000000 -0.707107 -0.500000
0.000000 -2.121320 -2.000000
0.000000 -1.118034 -1.000000
0.000000 -1.118034 -1.000000
0.000000 -1.118034 -1.000000
0.000000 -1.500000 -1.414214
0.000000 -1.581139 -1.500000
