1.000000 -1.000000 1.581139
1.000000 -1.802776 0.500000
1.000000 -1.118034 1.118034
1.000000 -1.000000 1.118034
1.000000 -1.000000 1.118034
1.000000 -1.118034 0.500000
1.000000 -1.118034 0.500000
1.000000 -0.500000 1.118034
1.000000 -0.500000 1.118034
1.000000 -1.000000 0.500000
1.000000 -1.000000 0.500000
1.000000 -0.500000 1.000000
1.000000 -1.000000 0.500000
1.000000 -0.707107 0.500000
1.000000 -0.500000 0.500000
1.000000 -0.500000 0.500000
1.000000 -0.500000 0.500000
1.000000 -0.500000 0.500000
1.000000 -0.500000 0.500000
1.000000 -0.500000 0.500000
1.000000 -0.500000 0.500000
1.000000 -0.500000 0.500000
1.000000 -0.500000 0.500000
1.000000 4.472136 5.000000
1.000000 0.500000 1.000000
1.000000 0.500000 1.000000
1.000000 0.500000 1.000000
1.000000 0.707107 1.118034
1.000000 0.707107 1.000000
1.000000 0.707107 1.000000
1.000000 0.707107 1.000000
1.000000 2.236068 2.500000
1.000000 1.802776 2.061553
1.000000 1.802776 2.061553
1.000000 0.500000 0.707107
1.000000 0.500000 0.707107
1.000000 0.500000 0.707107
1.000000 0.500000 0.707107
1.000000 0.500000 0.707107
1.000000 0.500000 0.707107
1.000000 0.500000 0.707107
1.000000 0.500000 0.707107
1.000000 2.061553 2.236068
1.000000 2.692582 2.828427
1.000000 4.609772 4.743416
1.000000 4.609772 4.743416
1.000000 1.000000 1.118034
1.000000 1.500000 1.581139
1.000000 2.000000 2.061553
1.000000 3.000000 3.041381
1.000000 5.000000 5.024938
0.000000 -4.949747 inf
0.000000 -4.472136 -1.581139
0.000000 -4.743416 -2.828427
0.000000 -3.041381 -1.802776
0.000000 -4.000000 -2.828427
0.000000 -3.905125 -2.915476
0.000000 -2.061553 -1.118034
0.000000 -1.802776 -1.118034
0.000000 -3.807887 -3.162278
0.000000 -2.000000 -1.414214
0.000000 -3.905125 -3.354102
0.000000 -1.000000 -0.500000
0.000000 -1.500000 -1.118034
0.000000 -1.500000 -1.118034
0.000000 -1.500000 -1.118034
0.000000 -1.414214 -1.118034
0.000000 -1.000000 -0.707107
0.000000 -1.000000 -0.707107
0.000000 -3.640055 -3.354102
0.000000 -1.802776 -1.581139
0.000000 -0.707107 -0.500000
0.000000 -0.707107 -0.500000
0.000000 -2.000000 -1.802776
0.000000 -2.236068 -2.061553
0.000000 -3.162278 -3.000000
0.000000 -3.354102 -3.201562
0.000000 -4.743416 -4.609772
0.000000 -3.162278 -3.041381
0.000000 -3.162278 -3.041381
0.000000 -1.500000 -1.414214
0.000000 -3.605551 -3.535534
0.000000 -3.605551 -3.535534
0.000000 -3.605551 -3.535534
0.000000 -2.061553 -2.000000
0.000000 -2.061553 -2.000000
0.000000 -3.201562 -3.162278
0.000000 -3.640055 -3.605551
0.000000 -4.031129 -4.000000
0.000000 -4.527693 -4.500000
