1.000000 -1.600000 5.059644
1.000000 -1.131371 2.884441
1.000000 -1.600000 1.131371
1.000000 -1.600000 1.131371
1.000000 -0.800000 1.600000
1.000000 -1.600000 0.800000
1.000000 -1.600000 0.800000
1.000000 -1.600000 0.800000
1.000000 -1.131371 0.800000
1.000000 -1.131371 0.800000
1.000000 -1.131371 0.800000
1.000000 -1.131371 0.800000
1.000000 -1.131371 0.800000
1.000000 -0.800000 0.800000
1.000000 -0.800000 0.800000
1.000000 -0.800000 0.800000
1.000000 -0.800000 0.800000
1.000000 -0.800000 0.800000
1.000000 -0.800000 0.800000
1.000000 0.800000 1.600000
1.000000 1.788854 2.262742
1.000000 1.131371 1.600000
1.000000 0.800000 1.131371
1.000000 0.800000 1.131371
1.000000 0.800000 1.131371
1.000000 0.800000 1.131371
1.000000 0.800000 1.131371
1.000000 0.800000 1.131371
1.000000 0.800000 1.131371
1.000000 0.800000 1.131371
1.000000 6.835203 7.155418
1.000000 7.375636 7.589466
1.000000 2.262742 2.400000
1.000000 8.039900 8.158431
1.000000 8.800000 8.836289
0.000000 -7.589466 inf
0.000000 -2.529822 0.800000
0.000000 -4.525483 -1.788854
0.000000 -4.308132 -2.262742
0.000000 -4.866210 -3.200000
0.000000 -3.394113 -1.788854
0.000000 -2.262742 -1.131371
0.000000 -4.000000 -3.200000
0.000000 -3.200000 -2.529822
0.000000 -1.788854 -1.131371
0.000000 -2.400000 -1.788854
0.000000 -2.262742 -1.788854
0.000000 -1.600000 -1.131371
0.000000 -4.000000 -3.577709
0.000000 -6.449806 -6.092618
0.000000 -2.884441 -2.529822
0.000000 -3.577709 -3.298485
0.000000 -3.577709 -3.394113
0.000000 -4.664762 -4.525483
0.000000 -2.400000 -2.262742
0.000000 -2.400000 -2.262742
0.000000 -4.800000 -4.664762
0.000000 -7.375636 -7.244308
0.000000 -2.529822 -2.400000
0.000000 -4.079216 -4.000000
0.000000 -4.079216 -4.000000
0.000000 -4.079216 -4.000000
0.000000 -4.866210 -4.800000
