1.000000 0.500000 9.219544
1.000000 0.500000 1.414214
1.000000 0.707107 1.118034
1.000000 1.118034 1.414214
1.000000 0.707107 1.000000
1.000000 0.500000 0.707107
1.000000 0.500000 0.707107
1.000000 0.500000 0.707107
1.000000 6.964194 7.158911
1.000000 6.800735 6.946222
1.000000 1.000000 1.118034
1.000000 1.000000 1.118034
1.000000 1.000000 1.118034
1.000000 7.280110 7.382412
1.000000 8.631338 8.732125
1.000000 1.500000 1.581139
1.000000 6.726812 6.800735
1.000000 8.077747 8.139410
1.000000 8.321658 8.381527
1.000000 9.013878 9.055385
0.000000 -3.535534 inf
0.000000 -3.162278 -0.707107
0.000000 -2.828427 -1.000000
0.000000 -0.500000 1.000000
0.000000 -0.500000 0.500000
0.000000 -0.500000 0.500000
0.000000 -1.414214 -0.500000
0.000000 -2.121320 -1.414214
0.000000 -1.500000 -1.000000
0.000000 -2.500000 -2.000000
0.000000 -1.500000 -1.118034
0.000000 -1.000000 -0.707107
0.000000 -2.500000 -2.236068
0.000000 -2.236068 -2.000000
0.000000 -2.828427 -2.692582
0.000000 -1.118034 -1.000000
0.000000 -1.118034 -1.000000
0.000000 -1.500000 -1.414214
0.000000 -1.581139 -1.500000
0.000000 -2.061553 -2.000000
