1.000000 1.500000 13.647344
1.000000 -0.500000 1.414214
1.000000 1.581139 3.201562
1.000000 -0.500000 1.118034
1.000000 -0.707107 0.500000
1.000000 -0.707107 0.500000
1.000000 -0.500000 0.500000
1.000000 -0.500000 0.500000
1.000000 -0.500000 0.500000
1.000000 -0.500000 0.500000
1.000000 -0.500000 0.500000
1.000000 1.500000 2.500000
1.000000 0.500000 1.118034
1.000000 1.000000 1.581139
1.000000 1.000000 1.414214
1.000000 0.707107 1.118034
1.000000 2.828427 3.162278
1.000000 1.118034 1.414214
1.000000 0.707107 1.000000
1.000000 2.236068 2.500000
1.000000 1.581139 1.802776
1.000000 1.581139 1.802776
1.000000 0.500000 0.707107
1.000000 0.500000 0.707107
1.000000 0.500000 0.707107
1.000000 1.414214 1.581139
1.000000 2.915476 3.041381
1.000000 3.041381 3.162278
1.000000 1.000000 1.118034
1.000000 1.000000 1.118034
1.000000 2.121320 2.236068
1.000000 2.828427 2.915476
1.000000 1.414214 1.500000
1.000000 1.500000 1.581139
1.000000 1.500000 1.581139
1.000000 1.500000 1.581139
1.000000 11.101802 11.180340
1.000000 2.000000 2.061553
1.000000 12.000000 12.010412
0.000000 -5.500000 inf
0.000000 -4.301163 0.707107
0.000000 -1.118034 1.000000
0.000000 -0.500000 1.118034
0.000000 -1.118034 0.500000
0.000000 -0.500000 1.000000
0.000000 -1.000000 0.500000
0.000000 -1.802776 -0.707107
0.000000 -0.500000 0.500000
0.000000 -2.000000 -1.000000
0.000000 -2.000000 -1.118034
0.000000 -2.500000 -1.802776
0.000000 -2.692582 -2.000000
0.000000 -1.000000 -0.500000
0.000000 -4.272002 -3.807887
0.000000 -1.414214 -1.000000
0.000000 -1.118034 -0.707107
0.000000 -1.118034 -0.707107
0.000000 -1.500000 -1.118034
0.000000 -3.535534 -3.201562
0.000000 -1.802776 -1.500000
0.000000 -1.802776 -1.500000
0.000000 -1.414214 -1.118034
0.000000 -1.000000 -0.707107
0.000000 -1.000000 -0.707107
0.000000 -1.000000 -0.707107
0.000000 -1.000000 -0.707107
0.000000 -2.500000 -2.236068
0.000000 -2.236068 -2.000000
0.000000 -0.707107 -0.500000
0.000000 -0.707107 -0.500000
0.000000 -0.707107 -0.500000
0.000000 -0.707107 -0.500000
0.000000 -0.707107 -0.500000
0.000000 -0.707107 -0.500000
0.000000 -2.000000 -1.802776
0.000000 -2.236068 -2.061553
0.000000 -4.031129 -3.905125
0.000000 -1.118034 -1.000000
0.000000 -1.118034 -1.000000
0.000000 -1.118034 -1.000000
0.000000 -1.118034 -1.000000
0.000000 -1.118034 -1.000000
0.000000 -1.118034 -1.000000
0.000000 -4.123106 -4.031129
0.000000 -1.500000 -1.414214
0.000000 -1.581139 -1.500000
0.000000 -4.031129 -4.000000
