1.000000 -0.800000 0.800000
1.000000 1.788854 2.884441
1.000000 7.155418 7.547185
1.000000 7.155418 7.547185
1.000000 0.800000 1.131371
1.000000 7.244308 7.547185
1.000000 5.366563 5.656854
1.000000 7.200000 7.375636
1.000000 7.375636 7.547185
1.000000 5.656854 5.824088
1.000000 4.664762 4.800000
1.000000 5.059644 5.122499
0.000000 -3.394113 inf
0.000000 -0.800000 5.656854
0.000000 -1.131371 0.800000
0.000000 -3.200000 -1.600000
0.000000 -0.800000 0.800000
0.000000 -1.788854 -0.800000
0.000000 -2.262742 -1.788854
0.000000 -1.600000 -1.131371
0.000000 -1.600000 -1.131371
0.000000 -1.788854 -1.600000
0.000000 -2.529822 -2.400000
0.000000 -3.298485 -3.200000
