1.000000 -0.500000 9.486833
1.000000 0.500000 1.000000
1.000000 1.000000 1.414214
1.000000 0.707107 1.118034
1.000000 0.707107 1.118034
1.000000 0.707107 1.118034
1.000000 0.707107 1.118034
1.000000 1.118034 1.414214
1.000000 7.905694 8.200610
1.000000 0.707107 1.000000
1.000000 0.707107 1.000000
1.000000 0.707107 1.000000
1.000000 0.707107 1.000000
1.000000 0.707107 1.000000
1.000000 2.236068 2.500000
1.000000 8.062258 8.321658
1.000000 8.276473 8.500000
1.000000 1.581139 1.802776
1.000000 0.500000 0.707107
1.000000 0.500000 0.707107
1.000000 0.500000 0.707107
1.000000 0.500000 0.707107
1.000000 0.500000 0.707107
1.000000 8.544004 8.732125
1.000000 2.549510 2.692582
1.000000 8.732125 8.860023
1.000000 1.000000 1.118034
1.000000 1.000000 1.118034
1.000000 1.000000 1.118034
1.000000 1.414214 1.500000
1.000000 9.055385 9.124144
1.000000 2.000000 2.061553
1.000000 6.519202 6.576473
1.000000 6.082763 6.103278
1.000000 7.000000 7.017834
0.000000 -3.535534 inf
0.000000 -3.500000 -1.414214
0.000000 -0.500000 0.500000
0.000000 -0.500000 0.500000
0.000000 -2.500000 -1.802776
0.000000 -1.802776 -1.118034
0.000000 -2.828427 -2.236068
0.000000 -1.000000 -0.500000
0.000000 -2.500000 -2.000000
0.000000 -2.549510 -2.061553
0.000000 -1.500000 -1.118034
0.000000 -2.500000 -2.121320
0.000000 -2.549510 -2.236068
0.000000 -1.414214 -1.118034
0.000000 -1.000000 -0.707107
0.000000 -2.500000 -2.236068
0.000000 -2.500000 -2.236068
0.000000 -2.500000 -2.236068
0.000000 -2.500000 -2.236068
0.000000 -2.061553 -1.802776
0.000000 -0.707107 -0.500000
0.000000 -0.707107 -0.500000
0.000000 -0.707107 -0.500000
0.000000 -2.000000 -1.802776
0.000000 -2.000000 -1.802776
0.000000 -1.118034 -1.000000
0.000000 -2.236068 -2.121320
0.000000 -2.236068 -2.121320
0.000000 -1.500000 -1.414214
0.000000 -1.581139 -1.500000
0.000000 -2.061553 -2.000000
