1.000000 -5.343419 0.992248
1.000000 -0.992248 1.403251
1.000000 2.218734 4.437468
1.000000 -0.992248 0.992248
1.000000 1.984496 2.806501
1.000000 2.218734 2.806501
1.000000 0.992248 1.403251
1.000000 1.984496 2.218734
1.000000 7.556736 7.749705
1.000000 2.976744 3.137764
1.000000 2.976744 3.137764
1.000000 4.091144 4.209752
1.000000 4.091144 4.209752
0.000000 -14.206830 inf
0.000000 -0.992248 3.577601
0.000000 -2.218734 1.403251
0.000000 -0.992248 1.984496
0.000000 -0.992248 1.984496
0.000000 -0.992248 1.984496
0.000000 -0.992248 1.984496
0.000000 -0.992248 1.984496
0.000000 -7.016253 -6.353488
0.000000 -6.035609 -5.613003
0.000000 -1.403251 -0.992248
0.000000 -1.403251 -0.992248
0.000000 -5.785751 -5.613003
