1.000000 1.581139 4.272002
1.000000 -1.802776 0.500000
1.000000 -1.000000 0.707107
1.000000 -0.707107 1.000000
1.000000 -1.118034 0.500000
1.000000 2.061553 3.605551
1.000000 1.500000 3.041381
1.000000 -1.000000 0.500000
1.000000 -0.500000 0.707107
1.000000 -0.707107 0.500000
1.000000 -0.500000 0.500000
1.000000 -0.500000 0.500000
1.000000 1.500000 2.500000
1.000000 -0.500000 0.500000
1.000000 -0.500000 0.500000
1.000000 -0.500000 0.500000
1.000000 2.236068 3.201562
1.000000 3.041381 3.905125
1.000000 1.000000 1.802776
1.000000 1.500000 2.121320
1.000000 0.500000 1.118034
1.000000 1.000000 1.581139
1.000000 1.000000 1.581139
1.000000 1.500000 2.061553
1.000000 3.354102 3.905125
1.000000 2.500000 3.000000
1.000000 0.500000 1.000000
1.000000 0.500000 1.000000
1.000000 0.500000 1.000000
1.000000 0.500000 1.000000
1.000000 2.236068 2.692582
1.000000 2.061553 2.500000
1.000000 1.000000 1.414214
1.000000 1.118034 1.500000
1.000000 5.000000 5.315073
1.000000 5.000000 5.315073
1.000000 1.500000 1.802776
1.000000 1.118034 1.414214
1.000000 1.118034 1.414214
1.000000 1.118034 1.414214
1.000000 1.118034 1.414214
1.000000 1.118034 1.414214
1.000000 0.707107 1.000000
1.000000 0.707107 1.000000
1.000000 0.707107 1.000000
1.000000 0.707107 1.000000
1.000000 2.236068 2.500000
1.000000 2.236068 2.500000
1.000000 2.236068 2.500000
1.000000 1.802776 2.061553
1.000000 1.802776 2.061553
1.000000 2.000000 2.236068
1.000000 2.692582 2.915476
1.000000 2.692582 2.915476
1.000000 1.581139 1.802776
1.000000 1.581139 1.802776
1.000000 1.581139 1.802776
1.000000 6.500000 6.708204
1.000000 0.500000 0.707107
1.000000 0.500000 0.707107
1.000000 0.500000 0.707107
1.000000 0.500000 0.707107
1.000000 0.500000 0.707107
1.000000 0.500000 0.707107
1.000000 0.500000 0.707107
1.000000 0.500000 0.707107
1.000000 0.500000 0.707107
1.000000 0.500000 0.707107
1.000000 0.500000 0.707107
1.000000 0.500000 0.707107
1.000000 0.500000 0.707107
1.000000 0.500000 0.707107
1.000000 0.500000 0.707107
1.000000 0.500000 0.707107
1.000000 0.500000 0.707107
1.000000 0.500000 0.707107
1.000000 0.500000 0.707107
1.000000 0.500000 0.707107
1.000000 2.500000 2.692582
1.000000 2.500000 2.692582
1.000000 2.500000 2.692582
1.000000 6.519202 6.708204
1.000000 7.433034 7.615773
1.000000 3.354102 3.535534
1.000000 7.211103 7.382412
1.000000 6.500000 6.670832
1.000000 3.640055 3.807887
1.000000 5.147815 5.315073
1.000000 1.414214 1.581139
1.000000 6.800735 6.964194
1.000000 10.440307 10.594810
1.000000 4.123106 4.272002
1.000000 2.549510 2.692582
1.000000 3.500000 3.640055
1.000000 3.905125 4.031129
1.000000 3.905125 4.031129
1.000000 3.041381 3.162278
1.000000 3.041381 3.162278
1.000000 3.041381 3.162278
1.000000 3.041381 3.162278
1.000000 4.123106 4.242641
1.000000 1.000000 1.118034
1.000000 1.000000 1.118034
1.000000 1.000000 1.118034
1.000000 1.000000 1.118034
1.000000 1.000000 1.118034
1.000000 1.000000 1.118034
1.000000 1.000000 1.118034
1.000000 1.000000 1.118034
1.000000 1.000000 1.118034
1.000000 2.121320 2.236068
1.000000 2.121320 2.236068
1.000000 2.121320 2.236068
1.000000 2.121320 2.236068
1.000000 2.121320 2.236068
1.000000 15.700318 15.811388
1.000000 7.106335 7.211103
1.000000 10.688779 10.793517
1.000000 3.905125 4.000000
1.000000 16.007811 16.101242
1.000000 6.708204 6.800735
1.000000 4.031129 4.123106
1.000000 16.688319 16.770510
1.000000 1.500000 1.581139
1.000000 1.500000 1.581139
1.000000 1.500000 1.581139
1.000000 1.500000 1.581139
1.000000 1.500000 1.581139
1.000000 1.500000 1.581139
1.000000 1.500000 1.581139
1.000000 1.500000 1.581139
1.000000 3.535534 3.605551
1.000000 7.762087 7.826238
1.000000 8.000000 8.062258
1.000000 2.000000 2.061553
1.000000 2.000000 2.061553
1.000000 2.000000 2.061553
1.000000 2.061553 2.121320
1.000000 2.061553 2.121320
1.000000 2.061553 2.121320
1.000000 6.264982 6.324555
1.000000 11.045361 11.101802
1.000000 2.500000 2.549510
1.000000 2.500000 2.549510
1.000000 2.500000 2.549510
1.000000 2.500000 2.549510
1.000000 3.000000 3.041381
1.000000 17.528548 17.564168
1.000000 3.500000 3.535534
1.000000 7.071068 7.106335
1.000000 3.605551 3.640055
1.000000 4.000000 4.031129
1.000000 4.000000 4.031129
1.000000 4.500000 4.527693
1.000000 4.500000 4.527693
1.000000 5.000000 5.024938
1.000000 5.385165 5.408327
1.000000 11.500000 11.510864
1.000000 13.500000 13.509256
0.000000 -7.000000 inf
0.000000 -6.324555 1.118034
0.000000 -4.031129 1.118034
0.000000 -3.500000 1.581139
0.000000 -4.716991 -0.707107
0.000000 -2.500000 0.707107
0.000000 -1.000000 2.000000
0.000000 -0.500000 2.236068
0.000000 -1.414214 1.000000
0.000000 -1.118034 1.118034
0.000000 -1.500000 0.707107
0.000000 -1.118034 1.000000
0.000000 -2.500000 -0.500000
0.000000 -1.414214 0.500000
0.000000 -0.707107 1.118034
0.000000 -0.707107 1.000000
0.000000 -0.500000 1.000000
0.000000 -0.500000 1.000000
0.000000 -1.000000 0.500000
0.000000 -1.000000 0.500000
0.000000 -1.000000 0.500000
0.000000 -0.707107 0.707107
0.000000 -6.020797 -4.609772
0.000000 -0.707107 0.500000
0.000000 -0.707107 0.500000
0.000000 -0.500000 0.707107
0.000000 -0.707107 0.500000
0.000000 -0.707107 0.500000
0.000000 -1.802776 -0.707107
0.000000 -0.500000 0.500000
0.000000 -0.500000 0.500000
0.000000 -0.500000 0.500000
0.000000 -0.500000 0.500000
0.000000 -0.500000 0.500000
0.000000 -0.500000 0.500000
0.000000 -0.500000 0.500000
0.000000 -0.500000 0.500000
0.000000 -2.061553 -1.118034
0.000000 -1.118034 -0.500000
0.000000 -1.118034 -0.500000
0.000000 -6.000000 -5.385165
0.000000 -2.000000 -1.414214
0.000000 -1.000000 -0.500000
0.000000 -1.000000 -0.500000
0.000000 -1.000000 -0.500000
0.000000 -1.000000 -0.500000
0.000000 -1.000000 -0.500000
0.000000 -6.103278 -5.656854
0.000000 -1.414214 -1.000000
0.000000 -1.414214 -1.000000
0.000000 -1.802776 -1.414214
0.000000 -1.500000 -1.118034
0.000000 -1.414214 -1.118034
0.000000 -1.000000 -0.707107
0.000000 -1.000000 -0.707107
0.000000 -1.000000 -0.707107
0.000000 -1.000000 -0.707107
0.000000 -1.000000 -0.707107
0.000000 -1.000000 -0.707107
0.000000 -2.500000 -2.236068
0.000000 -2.061553 -1.802776
0.000000 -5.830952 -5.590170
0.000000 -1.802776 -1.581139
0.000000 -0.707107 -0.500000
0.000000 -0.707107 -0.500000
0.000000 -0.707107 -0.500000
0.000000 -0.707107 -0.500000
0.000000 -0.707107 -0.500000
0.000000 -0.707107 -0.500000
0.000000 -0.707107 -0.500000
0.000000 -0.707107 -0.500000
0.000000 -0.707107 -0.500000
0.000000 -4.472136 -4.272002
0.000000 -4.301163 -4.123106
0.000000 -6.020797 -5.852350
0.000000 -4.272002 -4.123106
0.000000 -4.743416 -4.609772
0.000000 -5.830952 -5.700877
0.000000 -4.031129 -3.905125
0.000000 -1.118034 -1.000000
0.000000 -1.118034 -1.000000
0.000000 -1.118034 -1.000000
0.000000 -6.670832 -6.576473
0.000000 -6.103278 -6.020797
0.000000 -1.581139 -1.500000
0.000000 -1.581139 -1.500000
0.000000 -1.581139 -1.500000
0.000000 -1.581139 -1.500000
0.000000 -1.581139 -1.500000
0.000000 -1.581139 -1.500000
0.000000 -1.581139 -1.500000
0.000000 -2.061553 -2.000000
0.000000 -5.700877 -5.656854
0.000000 -4.527693 -4.500000
0.000000 -5.408327 -5.385165
0.000000 -5.522681 -5.500000
