1.000000 -3.605551 0.500000
1.000000 0.707107 3.905125
1.000000 -0.500000 0.500000
1.000000 1.581139 2.500000
1.000000 0.500000 1.000000
1.000000 1.000000 1.414214
1.000000 3.535534 3.905125
1.000000 1.118034 1.414214
1.000000 0.707107 1.000000
1.000000 3.535534 3.807887
1.000000 2.236068 2.500000
1.000000 2.236068 2.500000
1.000000 2.915476 3.162278
1.000000 0.500000 0.707107
1.000000 3.162278 3.354102
1.000000 2.549510 2.692582
1.000000 2.549510 2.692582
1.000000 1.000000 1.118034
1.000000 2.121320 2.236068
1.000000 2.915476 3.000000
1.000000 3.535534 3.605551
1.000000 2.000000 2.061553
1.000000 3.162278 3.201562
0.000000 -8.558621 inf
0.000000 -1.500000 0.707107
0.000000 -0.707107 0.500000
0.000000 -7.280110 -6.500000
0.000000 -1.500000 -1.000000
0.000000 -2.061553 -1.581139
0.000000 -2.915476 -2.500000
0.000000 -7.280110 -6.946222
0.000000 -7.280110 -7.000000
0.000000 -2.915476 -2.692582
0.000000 -3.201562 -3.000000
0.000000 -6.708204 -6.519202
0.000000 -6.946222 -6.800735
0.000000 -2.828427 -2.692582
0.000000 -2.915476 -2.828427
0.000000 -2.915476 -2.828427
0.000000 -6.576473 -6.500000
0.000000 -7.158911 -7.106335
0.000000 -7.158911 -7.106335
