1.000000 -0.500000 0.707107
1.000000 -0.707107 0.500000
1.000000 -0.707107 0.500000
1.000000 -0.500000 0.707107
1.000000 0.707107 1.802776
1.000000 -0.500000 0.500000
1.000000 1.500000 2.061553
1.000000 2.061553 2.500000
1.000000 2.121320 2.549510
1.000000 0.707107 1.118034
1.000000 1.414214 1.802776
1.000000 1.500000 1.802776
1.000000 1.118034 1.414214
1.000000 0.707107 1.000000
1.000000 2.236068 2.500000
1.000000 1.581139 1.802776
1.000000 1.581139 1.802776
1.000000 0.500000 0.707107
1.000000 0.500000 0.707107
1.000000 4.272002 4.472136
1.000000 4.301163 4.472136
1.000000 1.414214 1.581139
1.000000 2.121320 2.236068
1.000000 4.924429 5.024938
1.000000 5.220153 5.315073
1.000000 1.500000 1.581139
1.000000 1.500000 1.581139
1.000000 1.500000 1.581139
1.000000 3.535534 3.605551
1.000000 5.522681 5.590170
1.000000 2.000000 2.061553
1.000000 2.000000 2.061553
1.000000 5.000000 5.024938
0.000000 -4.301163 inf
0.000000 -1.581139 4.272002
0.000000 -2.061553 0.500000
0.000000 -3.201562 -0.707107
0.000000 -2.692582 -0.500000
0.000000 -0.707107 1.000000
0.000000 -0.500000 0.500000
0.000000 -2.549510 -1.581139
0.000000 -1.118034 -0.500000
0.000000 -1.000000 -0.500000
0.000000 -2.500000 -2.000000
0.000000 -1.000000 -0.500000
0.000000 -1.414214 -1.000000
0.000000 -1.118034 -0.707107
0.000000 -2.500000 -2.121320
0.000000 -1.414214 -1.118034
0.000000 -1.000000 -0.707107
0.000000 -1.000000 -0.707107
0.000000 -2.236068 -2.000000
0.000000 -0.707107 -0.500000
0.000000 -2.236068 -2.061553
0.000000 -4.272002 -4.123106
0.000000 -1.581139 -1.500000
0.000000 -2.121320 -2.061553
0.000000 -2.121320 -2.061553
0.000000 -2.549510 -2.500000
