1.000000 -3.162278 1.414214
1.000000 -3.162278 1.000000
1.000000 -1.414214 2.000000
1.000000 1.000000 3.162278
1.000000 -1.000000 1.000000
1.000000 -1.000000 1.000000
1.000000 1.414214 2.000000
1.000000 1.000000 1.414214
1.000000 1.000000 1.414214
1.000000 2.000000 2.236068
0.000000 -11.180340 inf
0.000000 -4.123106 1.000000
0.000000 -1.414214 2.000000
0.000000 -7.810250 -5.656854
0.000000 -4.000000 -3.162278
0.000000 -5.830952 -5.000000
0.000000 -1.414214 -1.000000
0.000000 -1.414214 -1.000000
0.000000 -4.000000 -3.605551
0.000000 -3.162278 -3.000000
0.000000 -5.099020 -5.000000
0.000000 -6.082763 -6.000000
