1.000000 -0.800000 4.308132
1.000000 -0.800000 1.131371
1.000000 -0.800000 0.800000
1.000000 -0.800000 0.800000
1.000000 -0.800000 0.800000
1.000000 -0.800000 0.800000
1.000000 -0.800000 0.800000
1.000000 -0.800000 0.800000
1.000000 0.800000 1.600000
1.000000 1.131371 1.788854
1.000000 1.131371 1.600000
1.000000 8.944272 9.329523
1.000000 0.800000 1.131371
1.000000 9.121403 9.363760
1.000000 9.121403 9.363760
1.000000 1.600000 1.788854
1.000000 9.600000 9.732420
1.000000 9.600000 9.633276
1.000000 10.400000 10.430724
0.000000 -4.000000 inf
0.000000 -0.800000 8.944272
0.000000 -0.800000 1.788854
0.000000 -0.800000 1.600000
0.000000 -3.298485 -1.600000
0.000000 -0.800000 0.800000
0.000000 -0.800000 0.800000
0.000000 -0.800000 0.800000
0.000000 -2.529822 -1.131371
0.000000 -1.600000 -0.800000
0.000000 -2.262742 -1.600000
0.000000 -2.884441 -2.262742
0.000000 -2.884441 -2.529822
0.000000 -1.131371 -0.800000
0.000000 -1.131371 -0.800000
0.000000 -1.131371 -0.800000
0.000000 -1.131371 -0.800000
0.000000 -2.529822 -2.262742
0.000000 -2.529822 -2.262742
0.000000 -1.788854 -1.600000
0.000000 -3.298485 -3.200000
