1.000000 0.707107 2.828427
1.000000 -1.414214 0.500000
1.000000 -0.500000 1.414214
1.000000 -0.707107 1.000000
1.000000 -1.118034 0.500000
1.000000 -0.500000 0.707107
1.000000 -0.707107 0.500000
1.000000 -0.500000 0.500000
1.000000 -0.500000 0.500000
1.000000 0.707107 1.500000
1.000000 0.500000 1.000000
1.000000 0.500000 1.000000
1.000000 0.500000 1.000000
1.000000 0.707107 1.118034
1.000000 1.118034 1.414214
1.000000 0.707107 1.000000
1.000000 0.707107 1.000000
1.000000 0.500000 0.707107
1.000000 0.500000 0.707107
1.000000 0.500000 0.707107
1.000000 1.000000 1.118034
1.000000 1.000000 1.118034
1.000000 1.000000 1.118034
1.000000 1.000000 1.118034
0.000000 -3.535534 inf
0.000000 -1.500000 0.500000
0.000000 -2.915476 -1.414214
0.000000 -2.000000 -0.707107
0.000000 -0.707107 0.500000
0.000000 -0.500000 0.500000
0.000000 -1.500000 -0.707107
0.000000 -1.118034 -0.500000
0.000000 -1.000000 -0.707107
0.000000 -1.000000 -0.707107
0.000000 -1.000000 -0.707107
0.000000 -1.802776 -1.581139
0.000000 -0.707107 -0.500000
0.000000 -1.581139 -1.414214
0.000000 -1.118034 -1.000000
0.000000 -1.118034 -1.000000
0.000000 -1.118034 -1.000000
0.000000 -2.236068 -2.121320
0.000000 -2.236068 -2.121320
0.000000 -3.535534 -3.500000
