1.000000 -2.218734 3.137764
1.000000 -1.403251 2.806501
1.000000 -2.218734 0.992248
1.000000 -1.984496 0.992248
1.000000 -0.992248 1.984496
1.000000 -1.984496 0.992248
1.000000 -1.403251 0.992248
1.000000 -0.992248 0.992248
1.000000 -0.992248 0.992248
1.000000 -0.992248 0.992248
1.000000 -0.992248 0.992248
1.000000 -0.992248 0.992248
1.000000 -0.992248 0.992248
1.000000 -0.992248 0.992248
1.000000 -0.992248 0.992248
1.000000 1.984496 3.137764
1.000000 0.992248 1.984496
1.000000 0.992248 1.984496
1.000000 2.806501 3.577601
1.000000 2.218734 2.806501
1.000000 2.218734 2.806501
1.000000 2.218734 2.806501
1.000000 3.968992 4.437468
1.000000 3.137764 3.577601
1.000000 3.137764 3.577601
1.000000 3.137764 3.577601
1.000000 0.992248 1.403251
1.000000 0.992248 1.403251
1.000000 0.992248 1.403251
1.000000 0.992248 1.403251
1.000000 0.992248 1.403251
1.000000 2.806501 3.137764
1.000000 1.984496 2.218734
1.000000 2.976744 3.137764
1.000000 3.968992 4.091144
1.000000 3.968992 4.091144
0.000000 -8.985188 inf
0.000000 -0.992248 3.137764
0.000000 -4.961240 -2.218734
0.000000 -0.992248 0.992248
0.000000 -0.992248 0.992248
0.000000 -0.992248 0.992248
0.000000 -4.961240 -2.976744
0.000000 -5.059492 -3.137764
0.000000 -1.984496 -0.992248
0.000000 -4.091144 -3.137764
0.000000 -3.137764 -2.218734
0.000000 -4.437468 -3.577601
0.000000 -2.806501 -1.984496
0.000000 -2.218734 -1.403251
0.000000 -2.976744 -2.218734
0.000000 -4.209752 -3.577601
0.000000 -2.806501 -2.218734
0.000000 -2.806501 -2.218734
0.000000 -1.984496 -1.403251
0.000000 -4.091144 -3.577601
0.000000 -7.999760 -7.556736
0.000000 -1.403251 -0.992248
0.000000 -3.968992 -3.577601
0.000000 -4.437468 -4.091144
0.000000 -3.137764 -2.806501
0.000000 -5.343419 -5.059492
0.000000 -4.209752 -3.968992
0.000000 -2.218734 -1.984496
0.000000 -2.218734 -1.984496
0.000000 -4.091144 -3.968992
0.000000 -4.209752 -4.091144
0.000000 -7.999760 -7.937984
