1.000000 0.800000 13.314654
1.000000 -0.800000 4.664762
1.000000 -1.788854 0.800000
1.000000 -1.788854 0.800000
1.000000 -0.800000 1.600000
1.000000 -1.131371 0.800000
1.000000 -1.131371 0.800000
1.000000 -1.131371 0.800000
1.000000 -0.800000 1.131371
1.000000 -0.800000 1.131371
1.000000 2.262742 4.079216
1.000000 0.800000 2.529822
1.000000 -0.800000 0.800000
1.000000 -0.800000 0.800000
1.000000 -0.800000 0.800000
1.000000 -0.800000 0.800000
1.000000 -0.800000 0.800000
1.000000 -0.800000 0.800000
1.000000 -0.800000 0.800000
1.000000 -0.800000 0.800000
1.000000 -0.800000 0.800000
1.000000 -0.800000 0.800000
1.000000 2.400000 3.200000
1.000000 0.800000 1.600000
1.000000 0.800000 1.600000
1.000000 0.800000 1.600000
1.000000 0.800000 1.600000
1.000000 3.394113 4.079216
1.000000 3.394113 4.000000
1.000000 4.000000 4.525483
1.000000 1.788854 2.262742
1.000000 3.577709 4.000000
1.000000 3.577709 4.000000
1.000000 3.200000 3.577709
1.000000 2.529822 2.884441
1.000000 2.529822 2.884441
1.000000 2.529822 2.884441
1.000000 0.800000 1.131371
1.000000 0.800000 1.131371
1.000000 0.800000 1.131371
1.000000 0.800000 1.131371
1.000000 0.800000 1.131371
1.000000 0.800000 1.131371
1.000000 0.800000 1.131371
1.000000 0.800000 1.131371
1.000000 0.800000 1.131371
1.000000 0.800000 1.131371
1.000000 12.924396 13.242356
1.000000 2.884441 3.200000
1.000000 2.262742 2.529822
1.000000 2.262742 2.529822
1.000000 4.079216 4.308132
1.000000 4.079216 4.308132
1.000000 4.079216 4.308132
1.000000 13.023056 13.242356
1.000000 1.600000 1.788854
1.000000 12.026637 12.185237
1.000000 2.400000 2.529822
1.000000 3.200000 3.298485
1.000000 3.200000 3.298485
1.000000 3.200000 3.298485
1.000000 3.298485 3.394113
1.000000 4.000000 4.079216
0.000000 -8.000000 inf
0.000000 -5.600000 0.800000
0.000000 -2.884441 0.800000
0.000000 -4.664762 -1.600000
0.000000 -0.800000 2.262742
0.000000 -3.200000 -0.800000
0.000000 -1.600000 0.800000
0.000000 -3.200000 -1.131371
0.000000 -0.800000 1.131371
0.000000 -3.200000 -1.600000
0.000000 -0.800000 0.800000
0.000000 -2.262742 -0.800000
0.000000 -2.884441 -1.600000
0.000000 -2.400000 -1.131371
0.000000 -4.079216 -2.884441
0.000000 -3.200000 -2.262742
0.000000 -2.529822 -1.600000
0.000000 -1.600000 -0.800000
0.000000 -1.600000 -0.800000
0.000000 -1.600000 -0.800000
0.000000 -2.400000 -1.600000
0.000000 -4.000000 -3.200000
0.000000 -2.262742 -1.600000
0.000000 -2.884441 -2.262742
0.000000 -2.884441 -2.400000
0.000000 -1.600000 -1.131371
0.000000 -1.600000 -1.131371
0.000000 -1.600000 -1.131371
0.000000 -1.600000 -1.131371
0.000000 -4.000000 -3.577709
0.000000 -2.884441 -2.529822
0.000000 -2.884441 -2.529822
0.000000 -1.131371 -0.800000
0.000000 -1.131371 -0.800000
0.000000 -6.881860 -6.596969
0.000000 -2.529822 -2.262742
0.000000 -1.788854 -1.600000
0.000000 -1.788854 -1.600000
0.000000 -1.788854 -1.600000
0.000000 -3.577709 -3.394113
0.000000 -2.400000 -2.262742
0.000000 -2.529822 -2.400000
0.000000 -4.079216 -4.000000
