1.000000 2.236068 8.381527
1.000000 1.118034 2.828427
1.000000 -1.000000 0.500000
1.000000 -0.707107 0.707107
1.000000 1.000000 2.061553
1.000000 -0.500000 0.500000
1.000000 -0.500000 0.500000
1.000000 -0.500000 0.500000
1.000000 -0.500000 0.500000
1.000000 -0.500000 0.500000
1.000000 0.500000 1.500000
1.000000 2.000000 2.692582
1.000000 1.118034 1.802776
1.000000 2.500000 3.000000
1.000000 0.500000 1.000000
1.000000 1.000000 1.414214
1.000000 1.000000 1.414214
1.000000 2.121320 2.500000
1.000000 1.500000 1.802776
1.000000 1.500000 1.802776
1.000000 1.118034 1.414214
1.000000 1.118034 1.414214
1.000000 2.236068 2.500000
1.000000 7.826238 8.062258
1.000000 0.500000 0.707107
1.000000 0.500000 0.707107
1.000000 0.500000 0.707107
1.000000 3.000000 3.201562
1.000000 1.802776 2.000000
1.000000 2.500000 2.692582
1.000000 3.000000 3.162278
1.000000 2.549510 2.692582
1.000000 2.549510 2.692582
1.000000 1.000000 1.118034
1.000000 1.000000 1.118034
1.000000 1.000000 1.118034
1.000000 1.500000 1.581139
1.000000 1.500000 1.581139
1.000000 1.500000 1.581139
1.000000 3.535534 3.605551
1.000000 8.077747 8.139410
1.000000 3.000000 3.041381
0.000000 -6.020797 inf
0.000000 -3.807887 1.000000
0.000000 -1.414214 1.118034
0.000000 -1.414214 1.000000
0.000000 -2.500000 -0.500000
0.000000 -2.500000 -0.707107
0.000000 -0.500000 0.707107
0.000000 -0.500000 0.707107
0.000000 -2.061553 -1.000000
0.000000 -2.000000 -1.000000
0.000000 -0.500000 0.500000
0.000000 -0.500000 0.500000
0.000000 -0.500000 0.500000
0.000000 -0.500000 0.500000
0.000000 -2.500000 -1.581139
0.000000 -1.500000 -0.707107
0.000000 -2.061553 -1.500000
0.000000 -1.000000 -0.500000
0.000000 -1.000000 -0.500000
0.000000 -2.549510 -2.061553
0.000000 -1.581139 -1.118034
0.000000 -1.414214 -1.000000
0.000000 -1.414214 -1.000000
0.000000 -1.414214 -1.118034
0.000000 -1.414214 -1.118034
0.000000 -0.707107 -0.500000
0.000000 -2.000000 -1.802776
0.000000 -1.118034 -1.000000
0.000000 -1.118034 -1.000000
0.000000 -1.118034 -1.000000
0.000000 -1.118034 -1.000000
0.000000 -1.118034 -1.000000
0.000000 -1.581139 -1.500000
0.000000 -1.581139 -1.500000
0.000000 -1.581139 -1.500000
0.000000 -1.581139 -1.500000
0.000000 -1.581139 -1.500000
0.000000 -1.581139 -1.500000
0.000000 -1.581139 -1.500000
0.000000 -3.041381 -3.000000
