1.000000 -1.131371 0.800000
1.000000 6.788225 7.547185
1.000000 6.881860 7.244308
1.000000 0.800000 1.131371
1.000000 0.800000 1.131371
1.000000 0.800000 1.131371
1.000000 0.800000 1.131371
1.000000 6.835203 7.155418
1.000000 6.835203 7.155418
1.000000 7.919596 8.236504
1.000000 7.155418 7.375636
1.000000 8.352245 8.504117
1.000000 7.244308 7.375636
1.000000 2.400000 2.529822
1.000000 6.788225 6.881860
1.000000 7.919596 8.000000
1.000000 7.547185 7.589466
1.000000 9.600000 9.633276
1.000000 12.800000 12.824976
0.000000 -3.200000 inf
0.000000 -2.262742 6.449806
0.000000 -2.884441 0.800000
0.000000 -2.400000 -1.131371
0.000000 -2.884441 -1.788854
0.000000 -2.529822 -1.788854
0.000000 -2.262742 -1.600000
0.000000 -2.884441 -2.400000
0.000000 -2.262742 -1.788854
0.000000 -1.788854 -1.600000
0.000000 -1.788854 -1.600000
0.000000 -1.788854 -1.600000
0.000000 -2.529822 -2.400000
