1.000000 -1.414214 10.816654
1.000000 -3.162278 1.000000
1.000000 -1.414214 1.000000
1.000000 -1.414214 1.000000
1.000000 -1.000000 1.000000
1.000000 -1.000000 1.000000
1.000000 3.000000 3.605551
1.000000 1.414214 2.000000
1.000000 3.162278 3.605551
1.000000 1.000000 1.414214
1.000000 8.246211 8.485281
1.000000 2.000000 2.236068
1.000000 2.000000 2.236068
1.000000 10.295630 10.440307
1.000000 7.071068 7.211103
1.000000 8.000000 8.062258
1.000000 9.000000 9.055385
0.000000 -7.615773 inf
0.000000 -2.000000 1.000000
0.000000 -1.000000 2.000000
0.000000 -1.000000 1.414214
0.000000 -1.000000 1.414214
0.000000 -1.000000 1.000000
0.000000 -4.000000 -2.236068
0.000000 -3.605551 -2.000000
0.000000 -5.385165 -4.242641
0.000000 -3.162278 -2.236068
0.000000 -2.828427 -2.000000
0.000000 -3.605551 -2.828427
0.000000 -3.605551 -2.828427
0.000000 -3.000000 -2.236068
0.000000 -2.828427 -2.236068
0.000000 -2.828427 -2.236068
0.000000 -2.000000 -1.414214
0.000000 -7.615773 -7.211103
0.000000 -3.162278 -2.828427
0.000000 -2.236068 -2.000000
0.000000 -2.236068 -2.000000
0.000000 -2.236068 -2.000000
0.000000 -4.472136 -4.242641
0.000000 -3.000000 -2.828427
