1.000000 -2.828427 3.162278
1.000000 -1.000000 2.828427
1.000000 -1.000000 2.236068
1.000000 -1.000000 1.414214
1.000000 -1.414214 1.000000
1.000000 -1.000000 1.000000
1.000000 -1.000000 1.000000
1.000000 -1.000000 1.000000
1.000000 -1.000000 1.000000
1.000000 -1.000000 1.000000
1.000000 -1.000000 1.000000
1.000000 -1.000000 1.000000
1.000000 2.236068 3.000000
1.000000 2.236068 3.000000
1.000000 2.236068 2.828427
1.000000 2.236068 2.828427
1.000000 1.414214 2.000000
1.000000 1.000000 1.414214
1.000000 2.000000 2.236068
1.000000 2.000000 2.236068
1.000000 3.000000 3.162278
0.000000 -9.000000 inf
0.000000 -6.708204 -3.605551
0.000000 -1.000000 2.000000
0.000000 -1.000000 1.000000
0.000000 -6.708204 -5.000000
0.000000 -8.602325 -7.615773
0.000000 -6.324555 -5.385165
0.000000 -8.000000 -7.071068
0.000000 -5.656854 -5.000000
0.000000 -5.656854 -5.000000
0.000000 -5.000000 -4.472136
0.000000 -1.414214 -1.000000
0.000000 -1.414214 -1.000000
0.000000 -4.123106 -4.000000
0.000000 -5.099020 -5.000000
0.000000 -6.082763 -6.000000
0.000000 -6.403124 -6.324555
0.000000 -8.062258 -8.000000
0.000000 -8.062258 -8.000000
