1.000000 -0.500000 9.708244
1.000000 2.915476 5.147815
1.000000 -1.000000 0.707107
1.000000 -1.118034 0.500000
1.000000 -1.000000 0.500000
1.000000 1.118034 2.500000
1.000000 -0.707107 0.500000
1.000000 4.472136 5.590170
1.000000 -0.500000 0.500000
1.000000 -0.500000 0.500000
1.000000 1.500000 2.236068
1.000000 1.118034 1.802776
1.000000 0.500000 1.118034
1.000000 4.609772 5.024938
1.000000 1.000000 1.414214
1.000000 0.707107 1.118034
1.000000 0.707107 1.118034
1.000000 3.201562 3.605551
1.000000 5.147815 5.500000
1.000000 3.201562 3.535534
1.000000 1.500000 1.802776
1.000000 1.118034 1.414214
1.000000 1.118034 1.414214
1.000000 1.118034 1.414214
1.000000 0.707107 1.000000
1.000000 0.707107 1.000000
1.000000 0.707107 1.000000
1.000000 2.236068 2.500000
1.000000 2.236068 2.500000
1.000000 6.264982 6.519202
1.000000 3.354102 3.605551
1.000000 3.354102 3.605551
1.000000 3.354102 3.605551
1.000000 5.147815 5.385165
1.000000 6.264982 6.500000
1.000000 4.716991 4.949747
1.000000 1.581139 1.802776
1.000000 1.581139 1.802776
1.000000 0.500000 0.707107
1.000000 0.500000 0.707107
1.000000 0.500000 0.707107
1.000000 0.500000 0.707107
1.000000 0.500000 0.707107
1.000000 0.500000 0.707107
1.000000 0.500000 0.707107
1.000000 0.500000 0.707107
1.000000 2.500000 2.692582
1.000000 3.354102 3.535534
1.000000 3.354102 3.535534
1.000000 9.219544 9.394147
1.000000 3.640055 3.807887
1.000000 5.220153 5.385165
1.000000 5.000000 5.147815
1.000000 2.549510 2.692582
1.000000 4.609772 4.743416
1.000000 4.609772 4.743416
1.000000 1.000000 1.118034
1.000000 1.000000 1.118034
1.000000 1.000000 1.118034
1.000000 1.000000 1.118034
1.000000 9.486833 9.604686
1.000000 2.121320 2.236068
1.000000 4.924429 5.024938
1.000000 5.000000 5.099020
1.000000 3.807887 3.905125
1.000000 4.031129 4.123106
1.000000 4.031129 4.123106
1.000000 4.527693 4.609772
1.000000 1.500000 1.581139
1.000000 5.315073 5.385165
1.000000 5.590170 5.656854
1.000000 2.000000 2.061553
1.000000 2.000000 2.061553
1.000000 2.061553 2.121320
1.000000 6.519202 6.576473
1.000000 3.000000 3.041381
1.000000 3.162278 3.201562
1.000000 4.500000 4.527693
1.000000 5.000000 5.024938
1.000000 6.020797 6.041523
1.000000 9.178780 9.192388
0.000000 -4.609772 inf
0.000000 -2.236068 0.707107
0.000000 -3.162278 -0.707107
0.000000 -3.041381 -1.000000
0.000000 -1.414214 0.500000
0.000000 -2.500000 -0.707107
0.000000 -0.707107 1.000000
0.000000 -1.118034 0.500000
0.000000 -2.500000 -1.000000
0.000000 -0.500000 0.707107
0.000000 -0.707107 0.500000
0.000000 -0.707107 0.500000
0.000000 -2.549510 -1.414214
0.000000 -2.121320 -1.000000
0.000000 -1.802776 -1.000000
0.000000 -3.535534 -2.828427
0.000000 -2.828427 -2.121320
0.000000 -1.802776 -1.118034
0.000000 -1.802776 -1.118034
0.000000 -1.000000 -0.500000
0.000000 -1.000000 -0.500000
0.000000 -1.581139 -1.118034
0.000000 -1.581139 -1.118034
0.000000 -1.118034 -0.707107
0.000000 -1.802776 -1.414214
0.000000 -1.500000 -1.118034
0.000000 -1.500000 -1.118034
0.000000 -1.500000 -1.118034
0.000000 -1.500000 -1.118034
0.000000 -2.828427 -2.500000
0.000000 -1.414214 -1.118034
0.000000 -1.414214 -1.118034
0.000000 -1.414214 -1.118034
0.000000 -1.414214 -1.118034
0.000000 -1.414214 -1.118034
0.000000 -1.000000 -0.707107
0.000000 -1.000000 -0.707107
0.000000 -1.802776 -1.581139
0.000000 -1.802776 -1.581139
0.000000 -0.707107 -0.500000
0.000000 -0.707107 -0.500000
0.000000 -0.707107 -0.500000
0.000000 -0.707107 -0.500000
0.000000 -4.000000 -3.807887
0.000000 -1.581139 -1.414214
0.000000 -2.121320 -2.000000
0.000000 -1.118034 -1.000000
0.000000 -1.118034 -1.000000
0.000000 -1.118034 -1.000000
0.000000 -1.118034 -1.000000
0.000000 -2.236068 -2.121320
0.000000 -2.236068 -2.121320
0.000000 -1.500000 -1.414214
0.000000 -1.500000 -1.414214
0.000000 -1.500000 -1.414214
0.000000 -1.581139 -1.500000
0.000000 -1.581139 -1.500000
0.000000 -2.549510 -2.500000
0.000000 -4.031129 -4.000000
