1.000000 3.000000 10.295630
1.000000 3.162278 8.485281
1.000000 -1.000000 1.000000
1.000000 8.000000 9.219544
1.000000 4.000000 4.472136
1.000000 3.162278 3.605551
1.000000 1.000000 1.414214
1.000000 1.000000 1.414214
1.000000 1.000000 1.414214
1.000000 1.000000 1.414214
1.000000 8.544004 8.944272
1.000000 9.219544 9.486833
1.000000 7.810250 8.062258
1.000000 2.000000 2.236068
1.000000 2.000000 2.236068
1.000000 2.000000 2.236068
1.000000 2.000000 2.236068
1.000000 7.615773 7.810250
1.000000 9.055385 9.219544
1.000000 9.848858 10.000000
1.000000 4.000000 4.123106
1.000000 4.123106 4.242641
1.000000 4.123106 4.242641
1.000000 6.000000 6.082763
1.000000 7.211103 7.280110
1.000000 8.000000 8.062258
0.000000 -3.605551 inf
0.000000 -2.000000 2.000000
0.000000 -1.000000 3.000000
0.000000 -1.000000 2.000000
0.000000 -1.414214 1.000000
0.000000 -1.414214 1.000000
0.000000 -1.000000 1.414214
0.000000 -1.000000 1.000000
0.000000 -1.000000 1.000000
0.000000 -1.000000 1.000000
0.000000 -2.000000 -1.000000
0.000000 -2.000000 -1.000000
0.000000 -3.162278 -2.236068
0.000000 -1.414214 -1.000000
0.000000 -1.414214 -1.000000
0.000000 -1.414214 -1.000000
0.000000 -1.414214 -1.000000
0.000000 -1.414214 -1.000000
0.000000 -2.236068 -2.000000
0.000000 -2.236068 -2.000000
0.000000 -2.236068 -2.000000
