1.000000 -1.000000 13.729530
1.000000 -0.500000 0.707107
1.000000 -0.500000 0.500000
1.000000 -0.500000 0.500000
1.000000 0.500000 1.118034
1.000000 2.692582 3.201562
1.000000 0.500000 1.000000
1.000000 11.280514 11.768602
1.000000 1.581139 2.000000
1.000000 0.707107 1.118034
1.000000 1.118034 1.414214
1.000000 1.802776 2.061553
1.000000 2.692582 2.915476
1.000000 1.581139 1.802776
1.000000 0.500000 0.707107
1.000000 0.500000 0.707107
1.000000 0.500000 0.707107
1.000000 12.349089 12.539936
1.000000 2.061553 2.236068
1.000000 12.649111 12.816006
1.000000 12.980755 13.124405
1.000000 1.000000 1.118034
1.000000 1.000000 1.118034
1.000000 1.000000 1.118034
1.000000 1.000000 1.118034
1.000000 1.000000 1.118034
1.000000 1.000000 1.118034
1.000000 1.000000 1.118034
1.000000 2.121320 2.236068
1.000000 11.510864 11.597414
1.000000 11.510864 11.597414
1.000000 9.552487 9.617692
1.000000 2.000000 2.061553
1.000000 2.000000 2.061553
1.000000 7.516648 7.566373
1.000000 2.500000 2.549510
1.000000 3.000000 3.041381
1.000000 3.000000 3.041381
1.000000 9.178780 9.219544
1.000000 13.313527 13.341664
1.000000 8.000000 8.015610
0.000000 -3.605551 inf
0.000000 -0.500000 1.802776
0.000000 -1.000000 0.707107
0.000000 -1.118034 0.500000
0.000000 -0.500000 1.118034
0.000000 -0.500000 1.000000
0.000000 -2.236068 -1.000000
0.000000 -0.500000 0.707107
0.000000 -0.707107 0.500000
0.000000 -0.707107 0.500000
0.000000 -0.707107 0.500000
0.000000 -0.500000 0.500000
0.000000 -2.061553 -1.118034
0.000000 -2.828427 -2.000000
0.000000 -1.118034 -0.500000
0.000000 -2.000000 -1.414214
0.000000 -2.061553 -1.500000
0.000000 -1.000000 -0.500000
0.000000 -2.000000 -1.500000
0.000000 -2.000000 -1.500000
0.000000 -1.500000 -1.000000
0.000000 -1.500000 -1.000000
0.000000 -1.581139 -1.118034
0.000000 -2.000000 -1.581139
0.000000 -2.000000 -1.581139
0.000000 -1.802776 -1.414214
0.000000 -1.414214 -1.118034
0.000000 -1.414214 -1.118034
0.000000 -1.414214 -1.118034
0.000000 -1.414214 -1.118034
0.000000 -1.414214 -1.118034
0.000000 -1.414214 -1.118034
0.000000 -1.414214 -1.118034
0.000000 -1.000000 -0.707107
0.000000 -2.500000 -2.236068
0.000000 -0.707107 -0.500000
0.000000 -2.000000 -1.802776
0.000000 -1.581139 -1.414214
0.000000 -1.581139 -1.414214
0.000000 -1.118034 -1.000000
0.000000 -2.236068 -2.121320
0.000000 -1.500000 -1.414214
0.000000 -1.500000 -1.414214
0.000000 -1.500000 -1.414214
0.000000 -1.581139 -1.500000
0.000000 -1.581139 -1.500000
0.000000 -1.581139 -1.500000
0.000000 -2.549510 -2.500000
