1.000000 -1.000000 3.605551
1.000000 -1.000000 3.605551
1.000000 -2.000000 1.000000
1.000000 2.236068 5.000000
1.000000 -1.414214 1.000000
1.000000 -1.414214 1.000000
1.000000 1.414214 3.605551
1.000000 -1.000000 1.000000
1.000000 -1.000000 1.000000
1.000000 -1.000000 1.000000
1.000000 -1.000000 1.000000
1.000000 -1.000000 1.000000
1.000000 -1.000000 1.000000
1.000000 -1.000000 1.000000
1.000000 -1.000000 1.000000
1.000000 1.000000 1.414214
1.000000 1.000000 1.414214
1.000000 1.000000 1.414214
1.000000 1.000000 1.414214
1.000000 1.000000 1.414214
1.000000 13.038405 13.416408
1.000000 13.601471 13.892444
1.000000 2.000000 2.236068
1.000000 2.000000 2.236068
1.000000 2.000000 2.236068
1.000000 2.000000 2.236068
1.000000 2.000000 2.236068
1.000000 2.000000 2.236068
1.000000 12.806248 13.038405
1.000000 3.000000 3.162278
1.000000 19.000000 19.026298
0.000000 -6.324555 inf
0.000000 -5.830952 -1.000000
0.000000 -4.472136 -2.000000
0.000000 -1.000000 1.414214
0.000000 -1.000000 1.414214
0.000000 -4.472136 -2.236068
0.000000 -3.162278 -1.000000
0.000000 -1.000000 1.000000
0.000000 -1.000000 1.000000
0.000000 -1.000000 1.000000
0.000000 -1.000000 1.000000
0.000000 -1.000000 1.000000
0.000000 -5.385165 -3.605551
0.000000 -3.605551 -2.236068
0.000000 -4.123106 -2.828427
0.000000 -4.000000 -3.000000
0.000000 -2.236068 -1.414214
0.000000 -3.605551 -2.828427
0.000000 -2.000000 -1.414214
0.000000 -5.000000 -4.472136
0.000000 -1.414214 -1.000000
0.000000 -1.414214 -1.000000
0.000000 -1.414214 -1.000000
0.000000 -1.414214 -1.000000
0.000000 -5.656854 -5.385165
0.000000 -2.236068 -2.000000
0.000000 -2.236068 -2.000000
0.000000 -3.162278 -3.000000
0.000000 -5.099020 -5.000000
0.000000 -6.082763 -6.000000
