1.000000 3.605551 10.440307
1.000000 -1.000000 5.656854
1.000000 2.236068 5.000000
1.000000 -1.000000 1.000000
1.000000 2.236068 3.162278
1.000000 2.236068 2.828427
1.000000 9.433981 10.000000
1.000000 9.899495 10.295630
1.000000 3.605551 4.000000
1.000000 2.828427 3.162278
1.000000 2.828427 3.162278
1.000000 9.219544 9.486833
1.000000 2.000000 2.236068
1.000000 2.000000 2.236068
1.000000 2.000000 2.236068
1.000000 4.242641 4.472136
1.000000 3.000000 3.162278
1.000000 9.848858 10.000000
1.000000 9.848858 10.000000
1.000000 4.123106 4.242641
1.000000 4.123106 4.242641
1.000000 4.123106 4.242641
0.000000 -3.605551 inf
0.000000 -2.236068 2.000000
0.000000 -1.000000 3.000000
0.000000 -1.414214 2.236068
0.000000 -1.000000 2.000000
0.000000 -1.000000 2.000000
0.000000 -1.000000 1.414214
0.000000 -1.000000 1.000000
0.000000 -2.828427 -1.000000
0.000000 -3.605551 -2.000000
0.000000 -2.236068 -1.414214
0.000000 -3.605551 -3.000000
0.000000 -2.828427 -2.236068
0.000000 -2.828427 -2.236068
0.000000 -2.000000 -1.414214
0.000000 -1.414214 -1.000000
0.000000 -1.414214 -1.000000
0.000000 -2.236068 -2.000000
0.000000 -3.000000 -2.828427
0.000000 -3.162278 -3.000000
