1.000000 -2.236068 3.162278
1.000000 -2.236068 1.000000
1.000000 1.414214 2.000000
1.000000 13.000000 13.416408
1.000000 13.000000 13.416408
1.000000 13.000000 13.416408
1.000000 13.038405 13.453624
1.000000 1.000000 1.414214
1.000000 14.866069 15.231546
1.000000 13.601471 13.928388
1.000000 14.317821 14.560220
1.000000 2.000000 2.236068
1.000000 17.262677 17.464249
1.000000 15.524175 15.652476
1.000000 16.643317 16.763055
1.000000 14.317821 14.422205
1.000000 13.416408 13.453624
1.000000 13.416408 13.453624
1.000000 13.892444 13.928388
1.000000 16.000000 16.031220
1.000000 19.000000 19.026298
0.000000 -6.708204 inf
0.000000 -5.000000 12.806248
0.000000 -1.000000 2.236068
0.000000 -5.000000 -2.236068
0.000000 -1.000000 1.414214
0.000000 -6.324555 -4.123106
0.000000 -3.162278 -2.828427
