1.000000 -0.500000 3.354102
1.000000 -1.581139 0.500000
1.000000 -0.707107 1.118034
1.000000 -0.707107 1.000000
1.000000 -1.000000 0.707107
1.000000 -1.000000 0.500000
1.000000 -0.707107 0.707107
1.000000 -0.707107 0.707107
1.000000 -0.707107 0.707107
1.000000 -0.707107 0.500000
1.000000 -0.500000 0.500000
1.000000 -0.500000 0.500000
1.000000 -0.500000 0.500000
1.000000 1.000000 1.802776
1.000000 3.605551 4.123106
1.000000 2.000000 2.500000
1.000000 1.802776 2.236068
1.000000 1.802776 2.121320
1.000000 0.707107 1.000000
1.000000 0.707107 1.000000
1.000000 0.707107 1.000000
1.000000 0.707107 1.000000
1.000000 2.236068 2.500000
1.000000 0.500000 0.707107
1.000000 0.500000 0.707107
1.000000 0.500000 0.707107
1.000000 0.500000 0.707107
1.000000 0.500000 0.707107
1.000000 0.500000 0.707107
1.000000 0.500000 0.707107
1.000000 0.500000 0.707107
1.000000 0.500000 0.707107
1.000000 1.802776 2.000000
1.000000 3.162278 3.354102
1.000000 2.549510 2.692582
1.000000 1.000000 1.118034
1.000000 1.000000 1.118034
1.000000 3.500000 3.605551
1.000000 3.807887 3.905125
1.000000 3.807887 3.905125
1.000000 4.031129 4.123106
1.000000 5.408327 5.500000
1.000000 2.061553 2.121320
1.000000 2.061553 2.121320
1.000000 2.061553 2.121320
1.000000 2.500000 2.549510
1.000000 5.656854 5.700877
1.000000 4.272002 4.301163
0.000000 -4.924429 inf
0.000000 -4.527693 -1.802776
0.000000 -3.535534 -1.802776
0.000000 -3.535534 -2.236068
0.000000 -1.802776 -0.707107
0.000000 -2.000000 -1.000000
0.000000 -2.000000 -1.000000
0.000000 -0.500000 0.500000
0.000000 -2.915476 -2.061553
0.000000 -1.500000 -0.707107
0.000000 -2.549510 -1.802776
0.000000 -1.802776 -1.118034
0.000000 -1.000000 -0.500000
0.000000 -1.118034 -0.707107
0.000000 -1.118034 -0.707107
0.000000 -1.802776 -1.414214
0.000000 -1.500000 -1.118034
0.000000 -1.414214 -1.118034
0.000000 -1.000000 -0.707107
0.000000 -1.000000 -0.707107
0.000000 -1.000000 -0.707107
0.000000 -1.000000 -0.707107
0.000000 -0.707107 -0.500000
0.000000 -2.236068 -2.061553
0.000000 -1.581139 -1.414214
0.000000 -1.581139 -1.414214
0.000000 -2.692582 -2.549510
0.000000 -2.121320 -2.000000
0.000000 -1.118034 -1.000000
0.000000 -2.236068 -2.121320
0.000000 -1.581139 -1.500000
0.000000 -2.061553 -2.000000
0.000000 -2.061553 -2.000000
0.000000 -2.549510 -2.500000
0.000000 -2.549510 -2.500000
