1.000000 -1.118034 5.024938
1.000000 -0.500000 0.707107
1.000000 1.000000 1.414214
1.000000 1.000000 1.414214
1.000000 1.118034 1.414214
1.000000 1.118034 1.414214
1.000000 1.581139 1.802776
1.000000 0.500000 0.707107
1.000000 4.743416 4.924429
1.000000 4.000000 4.123106
1.000000 1.000000 1.118034
1.000000 2.000000 2.061553
1.000000 4.000000 4.031129
1.000000 4.000000 4.031129
0.000000 -3.905125 inf
0.000000 -2.915476 -1.414214
0.000000 -0.500000 1.000000
0.000000 -0.500000 0.500000
0.000000 -2.692582 -1.802776
0.000000 -2.121320 -1.500000
0.000000 -2.061553 -1.500000
0.000000 -1.802776 -1.500000
0.000000 -2.828427 -2.549510
0.000000 -2.061553 -1.802776
0.000000 -2.061553 -1.802776
0.000000 -2.692582 -2.500000
0.000000 -2.121320 -2.000000
0.000000 -1.500000 -1.414214
0.000000 -1.581139 -1.500000
0.000000 -2.061553 -2.000000
0.000000 -2.061553 -2.000000
