1.000000 -0.800000 3.394113
1.000000 -0.800000 1.131371
1.000000 -0.800000 0.800000
1.000000 -0.800000 0.800000
1.000000 -0.800000 0.800000
1.000000 -0.800000 0.800000
1.000000 -0.800000 0.800000
1.000000 -0.800000 0.800000
1.000000 -0.800000 0.800000
1.000000 2.529822 4.000000
1.000000 4.800000 5.656854
1.000000 0.800000 1.600000
1.000000 0.800000 1.600000
1.000000 0.800000 1.600000
1.000000 3.577709 4.308132
1.000000 2.262742 2.884441
1.000000 2.400000 2.884441
1.000000 1.788854 2.262742
1.000000 1.131371 1.600000
1.000000 1.131371 1.600000
1.000000 1.131371 1.600000
1.000000 1.131371 1.600000
1.000000 1.131371 1.600000
1.000000 3.577709 4.000000
1.000000 2.884441 3.298485
1.000000 2.529822 2.884441
1.000000 2.529822 2.884441
1.000000 2.529822 2.884441
1.000000 0.800000 1.131371
1.000000 0.800000 1.131371
1.000000 0.800000 1.131371
1.000000 0.800000 1.131371
1.000000 2.262742 2.529822
1.000000 5.122499 5.366563
1.000000 1.600000 1.788854
1.000000 1.600000 1.788854
1.000000 1.600000 1.788854
1.000000 2.400000 2.529822
1.000000 3.200000 3.298485
1.000000 3.298485 3.394113
1.000000 8.800000 8.836289
0.000000 -4.525483 inf
0.000000 -4.000000 -1.600000
0.000000 -1.131371 0.800000
0.000000 -2.529822 -0.800000
0.000000 -0.800000 0.800000
0.000000 -0.800000 0.800000
0.000000 -0.800000 0.800000
0.000000 -0.800000 0.800000
0.000000 -2.262742 -0.800000
0.000000 -3.577709 -2.400000
0.000000 -1.788854 -0.800000
0.000000 -2.400000 -1.600000
0.000000 -2.262742 -1.600000
0.000000 -1.788854 -1.131371
0.000000 -1.788854 -1.131371
0.000000 -2.262742 -1.788854
0.000000 -2.262742 -1.788854
0.000000 -2.262742 -1.788854
0.000000 -2.262742 -1.788854
0.000000 -1.600000 -1.131371
0.000000 -1.600000 -1.131371
0.000000 -1.600000 -1.131371
0.000000 -1.600000 -1.131371
0.000000 -1.600000 -1.131371
0.000000 -1.600000 -1.131371
0.000000 -1.600000 -1.131371
0.000000 -1.600000 -1.131371
0.000000 -1.131371 -0.800000
0.000000 -1.131371 -0.800000
0.000000 -1.131371 -0.800000
0.000000 -1.131371 -0.800000
0.000000 -2.529822 -2.262742
0.000000 -1.788854 -1.600000
0.000000 -1.788854 -1.600000
0.000000 -1.788854 -1.600000
0.000000 -1.788854 -1.600000
