1.000000 -0.707107 3.605551
1.000000 -0.500000 0.707107
1.000000 -0.500000 0.500000
1.000000 1.118034 1.414214
1.000000 0.707107 1.000000
1.000000 2.236068 2.500000
1.000000 0.500000 0.707107
1.000000 3.354102 3.535534
1.000000 1.414214 1.581139
1.000000 2.692582 2.828427
1.000000 1.000000 1.118034
1.000000 1.000000 1.118034
1.000000 2.121320 2.236068
1.000000 1.500000 1.581139
1.000000 1.500000 1.581139
1.000000 2.500000 2.549510
1.000000 3.000000 3.041381
0.000000 -3.500000 inf
0.000000 -2.500000 1.414214
0.000000 -1.414214 1.500000
0.000000 -1.000000 1.118034
0.000000 -2.236068 -1.000000
0.000000 -1.802776 -1.000000
0.000000 -1.118034 -0.500000
0.000000 -1.581139 -1.000000
0.000000 -1.000000 -0.500000
0.000000 -1.500000 -1.000000
0.000000 -1.500000 -1.000000
0.000000 -1.414214 -1.000000
0.000000 -1.118034 -0.707107
0.000000 -1.500000 -1.118034
0.000000 -2.500000 -2.121320
0.000000 -1.414214 -1.118034
0.000000 -1.414214 -1.118034
0.000000 -0.707107 -0.500000
0.000000 -0.707107 -0.500000
0.000000 -1.581139 -1.414214
0.000000 -1.118034 -1.000000
0.000000 -1.581139 -1.500000
