1.000000 -2.121320 0.500000
1.000000 -1.414214 1.000000
1.000000 -0.707107 1.000000
1.000000 -1.000000 0.707107
1.000000 -0.500000 1.000000
1.000000 2.828427 3.162278
1.000000 0.707107 1.000000
1.000000 0.707107 1.000000
1.000000 1.581139 1.802776
1.000000 0.500000 0.707107
1.000000 2.500000 2.692582
1.000000 3.354102 3.500000
1.000000 2.915476 3.041381
1.000000 3.041381 3.162278
1.000000 2.121320 2.236068
1.000000 2.828427 2.915476
1.000000 1.500000 1.581139
1.000000 2.000000 2.061553
1.000000 2.500000 2.549510
1.000000 3.500000 3.535534
0.000000 -4.031129 inf
0.000000 -3.162278 1.414214
0.000000 -1.000000 2.000000
0.000000 -3.807887 -2.500000
0.000000 -3.807887 -2.500000
0.000000 -1.118034 -0.500000
0.000000 -3.640055 -3.162278
0.000000 -2.915476 -2.500000
0.000000 -2.500000 -2.121320
0.000000 -4.000000 -3.807887
0.000000 -2.828427 -2.692582
0.000000 -3.041381 -2.915476
0.000000 -3.640055 -3.535534
0.000000 -2.915476 -2.828427
0.000000 -2.915476 -2.828427
0.000000 -1.581139 -1.500000
0.000000 -2.549510 -2.500000
