1.000000 7.000000 10.630146
1.000000 -1.414214 1.000000
1.000000 -1.000000 1.000000
1.000000 -1.000000 1.000000
1.000000 9.000000 9.486833
1.000000 10.000000 10.295630
1.000000 6.082763 6.324555
1.000000 9.000000 9.219544
1.000000 7.000000 7.071068
0.000000 -4.123106 inf
0.000000 -1.000000 6.082763
0.000000 -1.414214 1.000000
0.000000 -1.414214 1.000000
0.000000 -1.000000 1.000000
0.000000 -1.000000 1.000000
0.000000 -1.000000 1.000000
0.000000 -2.828427 -1.414214
0.000000 -2.000000 -1.000000
0.000000 -1.414214 -1.000000
0.000000 -1.414214 -1.000000
0.000000 -2.236068 -2.000000
