1.000000 -1.000000 10.198039
1.000000 -1.000000 2.000000
1.000000 -1.000000 1.000000
1.000000 -1.000000 1.000000
1.000000 -1.000000 1.000000
1.000000 -1.000000 1.000000
1.000000 3.162278 4.472136
1.000000 3.162278 3.605551
1.000000 1.000000 1.414214
1.000000 1.000000 1.414214
1.000000 1.000000 1.414214
1.000000 1.000000 1.414214
1.000000 7.280110 7.615773
1.000000 2.000000 2.236068
1.000000 2.000000 2.236068
1.000000 4.000000 4.123106
1.000000 4.000000 4.123106
1.000000 8.000000 8.062258
0.000000 -5.830952 inf
0.000000 -1.414214 1.000000
0.000000 -1.000000 1.414214
0.000000 -1.414214 1.000000
0.000000 -5.000000 -3.000000
0.000000 -5.000000 -3.162278
0.000000 -2.828427 -1.000000
0.000000 -3.605551 -2.000000
0.000000 -5.385165 -4.000000
0.000000 -5.385165 -4.472136
0.000000 -2.000000 -1.414214
0.000000 -2.000000 -1.414214
0.000000 -3.605551 -3.162278
0.000000 -1.414214 -1.000000
0.000000 -5.656854 -5.385165
0.000000 -2.236068 -2.000000
0.000000 -5.099020 -5.000000
0.000000 -5.099020 -5.000000
