1.000000 -1.000000 10.295630
1.000000 1.000000 5.099020
1.000000 -1.414214 2.000000
1.000000 -1.414214 1.000000
1.000000 -1.000000 1.000000
1.000000 -1.000000 1.000000
1.000000 -1.000000 1.000000
1.000000 2.236068 4.000000
1.000000 1.000000 2.236068
1.000000 1.414214 2.236068
1.000000 4.242641 5.000000
1.000000 2.236068 2.828427
1.000000 1.414214 2.000000
1.000000 1.000000 1.414214
1.000000 1.000000 1.414214
1.000000 1.000000 1.414214
1.000000 1.000000 1.414214
1.000000 1.000000 1.414214
1.000000 1.000000 1.414214
1.000000 9.899495 10.295630
1.000000 9.486833 9.848858
1.000000 2.000000 2.236068
1.000000 9.219544 9.433981
1.000000 3.000000 3.162278
1.000000 9.899495 10.000000
0.000000 -5.830952 inf
0.000000 -4.472136 -1.414214
0.000000 -1.000000 1.414214
0.000000 -3.162278 -1.000000
0.000000 -1.000000 1.000000
0.000000 -1.000000 1.000000
0.000000 -1.000000 1.000000
0.000000 -1.000000 1.000000
0.000000 -1.000000 1.000000
0.000000 -3.605551 -2.000000
0.000000 -3.000000 -1.414214
0.000000 -3.000000 -1.414214
0.000000 -3.000000 -2.000000
0.000000 -3.162278 -2.236068
0.000000 -2.828427 -2.000000
0.000000 -2.828427 -2.000000
0.000000 -2.828427 -2.236068
0.000000 -2.828427 -2.236068
0.000000 -2.828427 -2.236068
0.000000 -2.828427 -2.236068
0.000000 -2.000000 -1.414214
0.000000 -2.000000 -1.414214
0.000000 -2.000000 -1.414214
0.000000 -3.605551 -3.162278
0.000000 -3.162278 -2.828427
0.000000 -2.236068 -2.000000
0.000000 -2.236068 -2.000000
0.000000 -2.236068 -2.000000
0.000000 -2.236068 -2.000000
0.000000 -2.236068 -2.000000
0.000000 -2.236068 -2.000000
0.000000 -2.236068 -2.000000
