1.000000 -1.000000 8.845903
1.000000 6.264982 8.200610
1.000000 -0.500000 1.000000
1.000000 2.061553 3.201562
1.000000 7.905694 8.200610
1.000000 4.242641 4.527693
1.000000 4.743416 5.000000
1.000000 0.500000 0.707107
1.000000 0.500000 0.707107
1.000000 0.500000 0.707107
1.000000 0.500000 0.707107
1.000000 0.500000 0.707107
1.000000 0.500000 0.707107
1.000000 0.500000 0.707107
1.000000 4.272002 4.472136
1.000000 4.272002 4.472136
1.000000 4.743416 4.924429
1.000000 4.743416 4.924429
1.000000 6.324555 6.500000
1.000000 6.324555 6.500000
1.000000 1.000000 1.118034
1.000000 4.609772 4.716991
1.000000 6.576473 6.670832
1.000000 8.062258 8.139410
1.000000 5.024938 5.099020
1.000000 5.024938 5.099020
1.000000 2.061553 2.121320
1.000000 4.242641 4.301163
1.000000 6.519202 6.576473
1.000000 4.500000 4.527693
1.000000 7.000000 7.017834
0.000000 -3.500000 inf
0.000000 -3.201562 -1.414214
0.000000 -0.707107 1.000000
0.000000 -2.500000 -1.000000
0.000000 -3.000000 -1.500000
0.000000 -2.121320 -1.118034
0.000000 -2.000000 -1.000000
0.000000 -2.236068 -1.500000
0.000000 -1.802776 -1.118034
0.000000 -1.000000 -0.500000
0.000000 -1.500000 -1.000000
0.000000 -2.000000 -1.581139
0.000000 -2.915476 -2.500000
0.000000 -1.414214 -1.000000
0.000000 -1.414214 -1.118034
0.000000 -1.414214 -1.118034
0.000000 -1.414214 -1.118034
0.000000 -1.414214 -1.118034
0.000000 -1.414214 -1.118034
0.000000 -1.000000 -0.707107
0.000000 -2.061553 -1.802776
0.000000 -2.061553 -1.802776
0.000000 -2.061553 -1.802776
0.000000 -1.802776 -1.581139
0.000000 -2.000000 -1.802776
0.000000 -2.236068 -2.061553
0.000000 -1.581139 -1.414214
0.000000 -1.581139 -1.414214
0.000000 -2.692582 -2.549510
0.000000 -2.828427 -2.692582
0.000000 -1.118034 -1.000000
0.000000 -1.500000 -1.414214
0.000000 -1.500000 -1.414214
0.000000 -1.581139 -1.500000
0.000000 -1.581139 -1.500000
0.000000 -1.581139 -1.500000
0.000000 -1.581139 -1.500000
0.000000 -2.061553 -2.000000
