1.000000 7.000000 13.453624
1.000000 -1.000000 1.000000
1.000000 10.000000 10.770330
1.000000 1.000000 1.414214
1.000000 7.280110 7.615773
1.000000 7.000000 7.280110
1.000000 12.369317 12.649111
1.000000 4.242641 4.472136
1.000000 4.242641 4.472136
1.000000 7.071068 7.280110
1.000000 10.000000 10.198039
1.000000 8.062258 8.246211
1.000000 11.000000 11.180340
1.000000 13.038405 13.152946
1.000000 9.000000 9.055385
1.000000 14.000000 14.035669
0.000000 -3.162278 inf
0.000000 -1.000000 9.899495
0.000000 -1.000000 7.000000
0.000000 -2.000000 4.472136
0.000000 -1.000000 4.242641
0.000000 -2.000000 1.000000
0.000000 -1.000000 2.000000
0.000000 -1.414214 1.000000
0.000000 -1.000000 1.414214
0.000000 -1.000000 1.000000
0.000000 -1.000000 1.000000
0.000000 -2.000000 -1.000000
0.000000 -3.000000 -2.000000
0.000000 -3.000000 -2.236068
0.000000 -2.828427 -2.236068
0.000000 -2.000000 -1.414214
0.000000 -2.000000 -1.414214
0.000000 -2.000000 -1.414214
0.000000 -2.000000 -1.414214
0.000000 -1.414214 -1.000000
0.000000 -1.414214 -1.000000
0.000000 -1.414214 -1.000000
0.000000 -1.414214 -1.000000
0.000000 -1.414214 -1.000000
