1.000000 -0.666667 0.666667
1.000000 10.176225 11.469767
1.000000 3.887301 4.268749
1.000000 0.666667 0.942809
1.000000 9.285592 9.545214
1.000000 10.540926 10.770330
1.000000 10.540926 10.770330
1.000000 4.853407 5.077182
1.000000 9.545214 9.706813
1.000000 9.545214 9.706813
1.000000 1.333333 1.490712
1.000000 1.333333 1.490712
1.000000 2.828427 2.981424
1.000000 10.413666 10.540926
1.000000 10.413666 10.540926
1.000000 4.714045 4.807402
1.000000 10.022198 10.088497
1.000000 10.022198 10.088497
1.000000 10.934146 10.994948
1.000000 10.934146 10.994948
1.000000 11.411495 11.469767
1.000000 4.216370 4.268749
1.000000 4.216370 4.268749
1.000000 4.666667 4.714045
1.000000 4.666667 4.714045
1.000000 12.000000 12.018504
0.000000 -4.216370 inf
0.000000 -0.942809 9.285592
0.000000 -0.666667 3.887301
0.000000 -0.666667 2.828427
0.000000 -2.000000 1.490712
0.000000 -0.666667 1.333333
0.000000 -0.666667 0.666667
0.000000 -0.666667 0.666667
0.000000 -0.666667 0.666667
0.000000 -2.108185 -1.885618
