1.000000 3.162278 6.000000
1.000000 -1.414214 1.000000
1.000000 -1.000000 1.000000
1.000000 1.000000 1.414214
1.000000 1.000000 1.414214
1.000000 3.605551 4.000000
1.000000 4.123106 4.472136
1.000000 5.000000 5.099020
0.000000 -5.099020 inf
0.000000 -5.000000 -3.605551
0.000000 -5.000000 -4.472136
0.000000 -1.414214 -1.000000
0.000000 -1.414214 -1.000000
0.000000 -1.414214 -1.000000
0.000000 -4.472136 -4.123106
0.000000 -2.236068 -2.000000
0.000000 -4.472136 -4.242641
0.000000 -4.472136 -4.242641
0.000000 -4.472136 -4.242641
