1.000000 -0.500000 7.905694
1.000000 -1.000000 1.500000
1.000000 1.000000 2.915476
1.000000 -1.118034 0.500000
1.000000 -0.707107 0.707107
1.000000 -0.707107 0.500000
1.000000 -0.500000 0.500000
1.000000 -0.500000 0.500000
1.000000 6.708204 7.648529
1.000000 1.581139 2.000000
1.000000 1.000000 1.414214
1.000000 6.800735 7.106335
1.000000 1.118034 1.414214
1.000000 0.707107 1.000000
1.000000 0.707107 1.000000
1.000000 0.500000 0.707107
1.000000 0.500000 0.707107
1.000000 0.500000 0.707107
1.000000 0.500000 0.707107
1.000000 5.656854 5.830952
1.000000 5.852350 6.020797
1.000000 6.800735 6.964194
1.000000 7.280110 7.433034
1.000000 6.800735 6.946222
1.000000 4.472136 4.609772
1.000000 6.946222 7.071068
1.000000 1.000000 1.118034
1.000000 1.000000 1.118034
1.000000 1.000000 1.118034
1.000000 3.535534 3.640055
1.000000 6.082763 6.184658
1.000000 7.071068 7.158911
1.000000 7.000000 7.071068
1.000000 7.778175 7.810250
1.000000 6.500000 6.519202
0.000000 -4.924429 inf
0.000000 -1.118034 1.500000
0.000000 -4.609772 -2.000000
0.000000 -1.000000 1.500000
0.000000 -1.118034 0.707107
0.000000 -0.707107 1.000000
0.000000 -1.118034 0.500000
0.000000 -3.000000 -1.414214
0.000000 -0.500000 1.000000
0.000000 -1.000000 0.500000
0.000000 -2.061553 -0.707107
0.000000 -0.500000 0.500000
0.000000 -1.581139 -0.707107
0.000000 -1.802776 -1.000000
0.000000 -1.581139 -1.118034
0.000000 -2.500000 -2.061553
0.000000 -1.118034 -0.707107
0.000000 -1.802776 -1.414214
0.000000 -1.500000 -1.118034
0.000000 -1.414214 -1.118034
0.000000 -1.414214 -1.118034
0.000000 -1.000000 -0.707107
0.000000 -2.915476 -2.692582
0.000000 -1.802776 -1.581139
0.000000 -0.707107 -0.500000
0.000000 -0.707107 -0.500000
0.000000 -2.000000 -1.802776
0.000000 -1.581139 -1.414214
0.000000 -3.500000 -3.354102
0.000000 -2.828427 -2.692582
0.000000 -1.118034 -1.000000
0.000000 -1.118034 -1.000000
0.000000 -1.118034 -1.000000
0.000000 -1.118034 -1.000000
0.000000 -2.236068 -2.121320
0.000000 -1.500000 -1.414214
0.000000 -2.061553 -2.000000
0.000000 -3.535534 -3.500000
