1.000000 -1.500000 5.656854
1.000000 2.549510 5.385165
1.000000 -1.581139 0.500000
1.000000 5.315073 5.656854
1.000000 1.118034 1.414214
1.000000 0.707107 1.000000
1.000000 5.315073 5.590170
1.000000 5.408327 5.656854
1.000000 0.500000 0.707107
1.000000 0.500000 0.707107
1.000000 0.500000 0.707107
1.000000 2.500000 2.549510
0.000000 -7.158911 inf
0.000000 -5.000000 -2.915476
0.000000 -6.041523 -4.500000
0.000000 -4.031129 -2.692582
0.000000 -0.500000 0.500000
0.000000 -4.301163 -3.535534
0.000000 -3.535534 -2.915476
0.000000 -1.802776 -1.500000
0.000000 -3.201562 -2.915476
0.000000 -4.000000 -3.807887
0.000000 -2.236068 -2.121320
0.000000 -7.071068 -6.964194
0.000000 -3.640055 -3.535534
0.000000 -1.500000 -1.414214
0.000000 -1.581139 -1.500000
0.000000 -3.041381 -3.000000
0.000000 -3.041381 -3.000000
0.000000 -3.535534 -3.500000
0.000000 -4.527693 -4.500000
0.000000 -4.527693 -4.500000
