1.000000 -1.600000 0.800000
1.000000 -0.800000 0.800000
1.000000 -0.800000 0.800000
1.000000 8.236504 8.653323
1.000000 8.236504 8.616264
1.000000 5.366563 5.656854
1.000000 5.824088 6.092618
1.000000 5.600000 5.768882
1.000000 8.800000 8.836289
0.000000 -3.394113 inf
0.000000 -2.884441 -0.800000
0.000000 -3.298485 -2.400000
0.000000 -3.298485 -2.400000
0.000000 -2.262742 -1.600000
0.000000 -2.400000 -1.788854
0.000000 -2.262742 -1.788854
0.000000 -2.262742 -1.788854
0.000000 -3.298485 -2.884441
0.000000 -3.298485 -2.884441
0.000000 -3.200000 -2.884441
0.000000 -1.788854 -1.600000
0.000000 -1.788854 -1.600000
