1.000000 -0.707107 10.307764
1.000000 -1.118034 0.500000
1.000000 -1.118034 0.500000
1.000000 -0.707107 0.500000
1.000000 1.000000 1.581139
1.000000 2.000000 2.500000
1.000000 2.121320 2.500000
1.000000 1.118034 1.414214
1.000000 0.707107 1.000000
1.000000 0.500000 0.707107
1.000000 0.500000 0.707107
1.000000 0.500000 0.707107
1.000000 9.656604 9.848858
1.000000 9.433981 9.617692
1.000000 2.061553 2.236068
1.000000 9.300538 9.433981
1.000000 7.632169 7.762087
1.000000 1.000000 1.118034
1.000000 8.631338 8.732125
1.000000 9.962429 10.062306
1.000000 6.576473 6.670832
1.000000 1.414214 1.500000
1.000000 1.500000 1.581139
1.000000 9.219544 9.300538
1.000000 7.826238 7.905694
1.000000 2.000000 2.061553
1.000000 2.061553 2.121320
1.000000 9.013878 9.055385
1.000000 9.192388 9.219544
1.000000 7.000000 7.017834
0.000000 -4.743416 inf
0.000000 -4.000000 -1.802776
0.000000 -0.707107 1.000000
0.000000 -0.500000 1.118034
0.000000 -3.162278 -1.802776
0.000000 -0.500000 0.707107
0.000000 -2.236068 -1.118034
0.000000 -3.605551 -2.500000
0.000000 -1.802776 -0.707107
0.000000 -0.500000 0.500000
0.000000 -1.802776 -1.000000
0.000000 -2.500000 -1.802776
0.000000 -1.581139 -1.118034
0.000000 -1.118034 -0.707107
0.000000 -3.535534 -3.201562
0.000000 -1.802776 -1.500000
0.000000 -1.802776 -1.500000
0.000000 -1.414214 -1.118034
0.000000 -2.500000 -2.236068
0.000000 -2.500000 -2.236068
0.000000 -2.061553 -1.802776
0.000000 -3.605551 -3.354102
0.000000 -0.707107 -0.500000
0.000000 -0.707107 -0.500000
0.000000 -0.707107 -0.500000
0.000000 -0.707107 -0.500000
0.000000 -2.692582 -2.549510
0.000000 -1.118034 -1.000000
0.000000 -2.236068 -2.121320
0.000000 -1.581139 -1.500000
0.000000 -3.605551 -3.535534
0.000000 -2.061553 -2.000000
0.000000 -2.061553 -2.000000
0.000000 -2.061553 -2.000000
0.000000 -2.061553 -2.000000
0.000000 -3.041381 -3.000000
