1.000000 0.800000 8.352245
1.000000 -1.131371 1.600000
1.000000 4.000000 6.449806
1.000000 -1.600000 0.800000
1.000000 -1.131371 0.800000
1.000000 -1.131371 0.800000
1.000000 -1.131371 0.800000
1.000000 -1.131371 0.800000
1.000000 -1.131371 0.800000
1.000000 -0.800000 0.800000
1.000000 -0.800000 0.800000
1.000000 -0.800000 0.800000
1.000000 -0.800000 0.800000
1.000000 -0.800000 0.800000
1.000000 -0.800000 0.800000
1.000000 -0.800000 0.800000
1.000000 -0.800000 0.800000
1.000000 -0.800000 0.800000
1.000000 -0.800000 0.800000
1.000000 -0.800000 0.800000
1.000000 4.000000 5.366563
1.000000 4.000000 5.059644
1.000000 2.400000 3.394113
1.000000 3.200000 4.079216
1.000000 0.800000 1.600000
1.000000 1.131371 1.788854
1.000000 2.262742 2.884441
1.000000 4.525483 5.122499
1.000000 5.122499 5.656854
1.000000 5.122499 5.656854
1.000000 1.788854 2.262742
1.000000 1.131371 1.600000
1.000000 1.131371 1.600000
1.000000 4.664762 5.122499
1.000000 5.366563 5.768882
1.000000 7.547185 7.879086
1.000000 0.800000 1.131371
1.000000 0.800000 1.131371
1.000000 0.800000 1.131371
1.000000 0.800000 1.131371
1.000000 0.800000 1.131371
1.000000 0.800000 1.131371
1.000000 0.800000 1.131371
1.000000 0.800000 1.131371
1.000000 0.800000 1.131371
1.000000 0.800000 1.131371
1.000000 0.800000 1.131371
1.000000 0.800000 1.131371
1.000000 0.800000 1.131371
1.000000 5.366563 5.656854
1.000000 5.824088 6.092618
1.000000 4.800000 5.059644
1.000000 4.079216 4.308132
1.000000 1.600000 1.788854
1.000000 5.656854 5.824088
1.000000 6.449806 6.596969
1.000000 4.525483 4.664762
1.000000 4.525483 4.664762
1.000000 4.525483 4.664762
1.000000 2.400000 2.529822
1.000000 2.400000 2.529822
1.000000 2.400000 2.529822
1.000000 2.400000 2.529822
1.000000 3.200000 3.298485
1.000000 4.000000 4.079216
1.000000 5.059644 5.122499
1.000000 7.200000 7.244308
1.000000 7.200000 7.244308
1.000000 8.000000 8.039900
0.000000 -5.600000 inf
0.000000 -2.884441 0.800000
0.000000 -0.800000 2.400000
0.000000 -0.800000 1.788854
0.000000 -0.800000 1.788854
0.000000 -3.298485 -0.800000
0.000000 -0.800000 1.600000
0.000000 -1.131371 0.800000
0.000000 -1.131371 0.800000
0.000000 -1.131371 0.800000
0.000000 -1.131371 0.800000
0.000000 -2.529822 -0.800000
0.000000 -0.800000 0.800000
0.000000 -0.800000 0.800000
0.000000 -2.884441 -1.600000
0.000000 -2.884441 -1.600000
0.000000 -2.884441 -1.600000
0.000000 -2.884441 -1.600000
0.000000 -2.884441 -1.600000
0.000000 -2.884441 -1.600000
0.000000 -1.600000 -0.800000
0.000000 -1.600000 -0.800000
0.000000 -1.600000 -0.800000
0.000000 -2.262742 -1.600000
0.000000 -1.788854 -1.131371
0.000000 -2.400000 -1.788854
0.000000 -2.400000 -1.788854
0.000000 -2.400000 -1.788854
0.000000 -2.262742 -1.788854
0.000000 -2.262742 -1.788854
0.000000 -2.262742 -1.788854
0.000000 -1.600000 -1.131371
0.000000 -1.600000 -1.131371
0.000000 -1.600000 -1.131371
0.000000 -1.600000 -1.131371
0.000000 -1.600000 -1.131371
0.000000 -1.600000 -1.131371
0.000000 -2.884441 -2.529822
0.000000 -2.884441 -2.529822
0.000000 -2.884441 -2.529822
0.000000 -1.131371 -0.800000
0.000000 -1.131371 -0.800000
0.000000 -1.131371 -0.800000
0.000000 -1.131371 -0.800000
0.000000 -1.131371 -0.800000
0.000000 -2.529822 -2.262742
0.000000 -1.788854 -1.600000
0.000000 -1.788854 -1.600000
0.000000 -1.788854 -1.600000
0.000000 -2.400000 -2.262742
0.000000 -2.400000 -2.262742
0.000000 -2.529822 -2.400000
0.000000 -2.529822 -2.400000
0.000000 -5.122499 -5.059644
