1.000000 -5.000000 1.000000
1.000000 -2.000000 1.414214
1.000000 -1.000000 2.236068
1.000000 -1.000000 1.000000
1.000000 1.000000 3.000000
1.000000 -1.000000 1.000000
1.000000 -1.000000 1.000000
1.000000 -1.000000 1.000000
1.000000 1.000000 2.236068
1.000000 1.000000 1.414214
1.000000 1.000000 1.414214
1.000000 1.000000 1.414214
1.000000 1.000000 1.414214
1.000000 1.000000 1.414214
1.000000 2.000000 2.236068
1.000000 2.000000 2.236068
0.000000 -8.000000 inf
0.000000 -3.162278 -1.000000
0.000000 -7.071068 -5.000000
0.000000 -1.000000 1.000000
0.000000 -1.000000 1.000000
0.000000 -1.000000 1.000000
0.000000 -1.000000 1.000000
0.000000 -1.000000 1.000000
0.000000 -4.123106 -2.236068
0.000000 -3.000000 -1.414214
0.000000 -7.000000 -6.324555
0.000000 -6.708204 -6.324555
0.000000 -7.615773 -7.280110
0.000000 -6.708204 -6.403124
0.000000 -6.324555 -6.082763
0.000000 -3.000000 -2.828427
0.000000 -5.099020 -5.000000
