1.000000 -0.800000 5.768882
1.000000 1.600000 6.400000
1.000000 1.600000 4.866210
1.000000 -0.800000 2.400000
1.000000 -1.131371 1.600000
1.000000 -1.600000 0.800000
1.000000 -1.600000 0.800000
1.000000 -0.800000 1.131371
1.000000 1.600000 3.394113
1.000000 0.800000 2.529822
1.000000 -0.800000 0.800000
1.000000 -0.800000 0.800000
1.000000 1.600000 3.200000
1.000000 -0.800000 0.800000
1.000000 -0.800000 0.800000
1.000000 -0.800000 0.800000
1.000000 1.131371 2.262742
1.000000 4.800000 5.600000
1.000000 1.788854 2.400000
1.000000 5.656854 6.248200
1.000000 5.768882 6.248200
1.000000 1.788854 2.262742
1.000000 1.788854 2.262742
1.000000 1.788854 2.262742
1.000000 10.400000 10.733126
1.000000 0.800000 1.131371
1.000000 0.800000 1.131371
1.000000 0.800000 1.131371
1.000000 5.366563 5.656854
1.000000 2.262742 2.529822
1.000000 5.122499 5.366563
1.000000 10.522357 10.733126
1.000000 10.673331 10.881176
1.000000 1.600000 1.788854
1.000000 1.600000 1.788854
1.000000 1.600000 1.788854
1.000000 1.600000 1.788854
1.000000 1.600000 1.788854
1.000000 1.600000 1.788854
1.000000 2.262742 2.400000
1.000000 2.400000 2.529822
1.000000 5.656854 5.768882
1.000000 11.228535 11.313708
1.000000 4.800000 4.866210
0.000000 -5.059644 inf
0.000000 -0.800000 10.400000
0.000000 -2.529822 1.600000
0.000000 -4.664762 -1.131371
0.000000 -1.131371 1.600000
0.000000 -4.079216 -1.600000
0.000000 -0.800000 1.600000
0.000000 -1.600000 0.800000
0.000000 -0.800000 0.800000
0.000000 -0.800000 0.800000
0.000000 -2.262742 -0.800000
0.000000 -3.200000 -1.788854
0.000000 -2.529822 -1.131371
0.000000 -2.884441 -1.600000
0.000000 -3.577709 -2.400000
0.000000 -1.600000 -0.800000
0.000000 -1.600000 -0.800000
0.000000 -1.600000 -0.800000
0.000000 -2.262742 -1.600000
0.000000 -2.262742 -1.600000
0.000000 -2.262742 -1.788854
0.000000 -2.262742 -1.788854
0.000000 -1.600000 -1.131371
0.000000 -1.600000 -1.131371
0.000000 -1.600000 -1.131371
0.000000 -3.298485 -2.884441
0.000000 -1.131371 -0.800000
0.000000 -4.308132 -4.000000
0.000000 -3.394113 -3.200000
0.000000 -1.788854 -1.600000
0.000000 -1.788854 -1.600000
0.000000 -1.788854 -1.600000
0.000000 -1.788854 -1.600000
0.000000 -1.788854 -1.600000
0.000000 -2.529822 -2.400000
0.000000 -3.298485 -3.200000
0.000000 -4.079216 -4.000000
