1.000000 -1.000000 1.000000
1.000000 -0.500000 1.414214
1.000000 -1.118034 0.500000
1.000000 -1.000000 0.500000
1.000000 -0.500000 0.500000
1.000000 -0.500000 0.500000
1.000000 1.000000 1.500000
1.000000 1.000000 1.414214
1.000000 1.118034 1.414214
1.000000 1.118034 1.414214
1.000000 1.118034 1.414214
1.000000 1.118034 1.414214
1.000000 0.707107 1.000000
1.000000 0.707107 1.000000
1.000000 0.500000 0.707107
1.000000 0.500000 0.707107
1.000000 1.000000 1.118034
1.000000 1.000000 1.118034
0.000000 -5.500000 inf
0.000000 -4.031129 -1.000000
0.000000 -3.000000 -1.581139
0.000000 -1.802776 -1.500000
0.000000 -1.414214 -1.118034
0.000000 -1.414214 -1.118034
0.000000 -1.802776 -1.581139
0.000000 -1.802776 -1.581139
0.000000 -2.000000 -1.802776
0.000000 -1.581139 -1.500000
0.000000 -1.581139 -1.500000
0.000000 -2.549510 -2.500000
