1.000000 -0.500000 0.707107
1.000000 3.201562 3.535534
1.000000 3.201562 3.535534
1.000000 3.354102 3.535534
1.000000 3.500000 3.640055
0.000000 -2.828427 inf
0.000000 -2.000000 -1.000000
0.000000 -1.414214 -0.500000
0.000000 -1.000000 -0.500000
0.000000 -1.414214 -1.118034
0.000000 -1.414214 -1.118034
0.000000 -1.000000 -0.707107
0.000000 -0.707107 -0.500000
0.000000 -0.707107 -0.500000
0.000000 -0.707107 -0.500000
0.000000 -2.000000 -1.802776
0.000000 -1.581139 -1.414214
0.000000 -2.692582 -2.549510
0.000000 -1.118034 -1.000000
0.000000 -1.581139 -1.500000
