1.000000 -1.000000 2.000000
1.000000 -1.000000 1.000000
1.000000 -1.000000 1.000000
1.000000 -1.000000 1.000000
1.000000 2.000000 3.000000
1.000000 14.212670 14.866069
1.000000 1.414214 2.000000
1.000000 1.414214 2.000000
1.000000 15.297059 15.811388
1.000000 14.422205 14.866069
1.000000 14.422205 14.866069
1.000000 1.000000 1.414214
1.000000 14.764823 15.000000
1.000000 14.764823 15.000000
1.000000 15.231546 15.264338
1.000000 15.231546 15.264338
1.000000 16.000000 16.031220
0.000000 -2.236068 inf
0.000000 -1.000000 14.212670
0.000000 -1.000000 1.000000
0.000000 -2.236068 -1.000000
0.000000 -2.236068 -1.000000
0.000000 -2.236068 -1.414214
0.000000 -2.000000 -1.414214
0.000000 -2.000000 -1.414214
0.000000 -2.000000 -1.414214
0.000000 -2.000000 -1.414214
0.000000 -1.414214 -1.000000
0.000000 -1.414214 -1.000000
