1.000000 -0.707107 2.061553
1.000000 -0.707107 1.802776
1.000000 -1.000000 1.118034
1.000000 -1.581139 0.500000
1.000000 -1.118034 0.500000
1.000000 -1.118034 0.500000
1.000000 -0.500000 0.500000
1.000000 -0.500000 0.500000
1.000000 -0.500000 0.500000
1.000000 -0.500000 0.500000
1.000000 1.000000 1.802776
1.000000 1.000000 1.500000
1.000000 1.118034 1.414214
1.000000 1.118034 1.414214
1.000000 1.118034 1.414214
1.000000 0.707107 1.000000
1.000000 5.147815 5.408327
1.000000 5.147815 5.385165
1.000000 1.581139 1.802776
1.000000 1.581139 1.802776
1.000000 0.500000 0.707107
1.000000 5.500000 5.700877
1.000000 3.500000 3.640055
1.000000 1.000000 1.118034
1.000000 1.000000 1.118034
1.000000 1.000000 1.118034
1.000000 1.000000 1.118034
1.000000 1.414214 1.500000
1.000000 5.315073 5.385165
1.000000 2.000000 2.061553
1.000000 2.000000 2.061553
0.000000 -4.609772 inf
0.000000 -0.500000 3.500000
0.000000 -1.000000 2.000000
0.000000 -3.640055 -1.414214
0.000000 -1.000000 1.118034
0.000000 -1.000000 0.707107
0.000000 -1.000000 0.500000
0.000000 -3.041381 -2.000000
0.000000 -0.500000 0.500000
0.000000 -1.802776 -1.000000
0.000000 -2.549510 -1.802776
0.000000 -1.802776 -1.118034
0.000000 -1.000000 -0.500000
0.000000 -1.000000 -0.500000
0.000000 -2.236068 -1.802776
0.000000 -2.915476 -2.500000
0.000000 -1.802776 -1.500000
0.000000 -1.000000 -0.707107
0.000000 -1.802776 -1.581139
0.000000 -0.707107 -0.500000
0.000000 -2.692582 -2.500000
0.000000 -3.535534 -3.354102
0.000000 -2.549510 -2.500000
