1.000000 2.000000 6.800735
1.000000 -1.500000 0.500000
1.000000 -1.414214 0.500000
1.000000 -1.000000 0.707107
1.000000 -0.500000 1.000000
1.000000 -0.500000 1.000000
1.000000 -0.500000 0.707107
1.000000 -0.707107 0.500000
1.000000 -0.500000 0.500000
1.000000 -0.500000 0.500000
1.000000 -0.500000 0.500000
1.000000 -0.500000 0.500000
1.000000 -0.500000 0.500000
1.000000 0.500000 1.000000
1.000000 6.403124 6.708204
1.000000 1.118034 1.414214
1.000000 1.118034 1.414214
1.000000 0.707107 1.000000
1.000000 0.707107 1.000000
1.000000 2.692582 2.915476
1.000000 6.519202 6.726812
1.000000 0.500000 0.707107
1.000000 0.500000 0.707107
1.000000 2.500000 2.692582
1.000000 2.061553 2.236068
1.000000 2.061553 2.236068
1.000000 6.103278 6.264982
1.000000 6.363961 6.500000
1.000000 3.041381 3.162278
1.000000 1.000000 1.118034
1.000000 6.264982 6.363961
1.000000 2.500000 2.549510
1.000000 3.500000 3.535534
0.000000 -7.905694 inf
0.000000 -1.000000 1.118034
0.000000 -1.000000 1.000000
0.000000 -2.000000 -0.500000
0.000000 -1.000000 0.500000
0.000000 -0.707107 0.500000
0.000000 -3.640055 -2.500000
0.000000 -1.500000 -0.500000
0.000000 -0.500000 0.500000
0.000000 -1.500000 -0.707107
0.000000 -3.535534 -2.915476
0.000000 -1.000000 -0.500000
0.000000 -1.000000 -0.500000
0.000000 -1.500000 -1.000000
0.000000 -1.500000 -1.118034
0.000000 -1.414214 -1.118034
0.000000 -1.414214 -1.118034
0.000000 -1.000000 -0.707107
0.000000 -1.000000 -0.707107
0.000000 -1.000000 -0.707107
0.000000 -0.707107 -0.500000
0.000000 -0.707107 -0.500000
0.000000 -2.692582 -2.500000
0.000000 -6.519202 -6.500000
0.000000 -7.826238 -7.810250
