1.000000 -2.262742 4.525483
1.000000 -2.529822 0.800000
1.000000 -0.800000 0.800000
1.000000 1.788854 2.262742
1.000000 1.131371 1.600000
1.000000 0.800000 1.131371
1.000000 4.000000 4.308132
1.000000 4.000000 4.308132
1.000000 1.600000 1.788854
1.000000 4.664762 4.800000
1.000000 2.400000 2.529822
1.000000 3.200000 3.298485
1.000000 5.059644 5.122499
0.000000 -11.113955 inf
0.000000 -0.800000 4.079216
0.000000 -8.616264 -4.000000
0.000000 -5.122499 -2.262742
0.000000 -0.800000 0.800000
0.000000 -4.079216 -3.394113
0.000000 -2.884441 -2.400000
0.000000 -4.000000 -3.577709
0.000000 -2.884441 -2.529822
0.000000 -4.866210 -4.525483
0.000000 -4.308132 -4.079216
0.000000 -4.664762 -4.525483
0.000000 -4.664762 -4.525483
0.000000 -2.529822 -2.400000
0.000000 -4.866210 -4.800000
