1.000000 2.400000 8.039900
1.000000 -1.788854 0.800000
1.000000 -0.800000 1.788854
1.000000 -1.600000 0.800000
1.000000 -0.800000 1.131371
1.000000 -1.131371 0.800000
1.000000 -1.131371 0.800000
1.000000 -0.800000 0.800000
1.000000 -0.800000 0.800000
1.000000 -0.800000 0.800000
1.000000 -0.800000 0.800000
1.000000 5.122499 6.449806
1.000000 3.577709 4.525483
1.000000 5.366563 6.092618
1.000000 1.600000 2.262742
1.000000 1.131371 1.600000
1.000000 1.131371 1.600000
1.000000 3.200000 3.577709
1.000000 2.529822 2.884441
1.000000 0.800000 1.131371
1.000000 0.800000 1.131371
1.000000 0.800000 1.131371
1.000000 0.800000 1.131371
1.000000 0.800000 1.131371
1.000000 2.884441 3.200000
1.000000 4.000000 4.308132
1.000000 6.092618 6.400000
1.000000 5.122499 5.366563
1.000000 5.122499 5.366563
1.000000 1.600000 1.788854
1.000000 1.600000 1.788854
1.000000 1.600000 1.788854
1.000000 5.656854 5.824088
1.000000 5.656854 5.824088
1.000000 2.400000 2.529822
1.000000 2.400000 2.529822
1.000000 3.200000 3.298485
1.000000 3.200000 3.298485
1.000000 3.298485 3.394113
1.000000 4.000000 4.079216
0.000000 -4.308132 inf
0.000000 -1.600000 1.600000
0.000000 -0.800000 1.600000
0.000000 -0.800000 1.600000
0.000000 -3.577709 -1.788854
0.000000 -2.884441 -1.131371
0.000000 -4.000000 -2.262742
0.000000 -0.800000 0.800000
0.000000 -0.800000 0.800000
0.000000 -0.800000 0.800000
0.000000 -0.800000 0.800000
0.000000 -0.800000 0.800000
0.000000 -0.800000 0.800000
0.000000 -0.800000 0.800000
0.000000 -0.800000 0.800000
0.000000 -2.262742 -1.131371
0.000000 -2.262742 -1.131371
0.000000 -1.600000 -0.800000
0.000000 -3.298485 -2.529822
0.000000 -2.529822 -1.788854
0.000000 -2.262742 -1.788854
0.000000 -2.262742 -1.788854
0.000000 -2.262742 -1.788854
0.000000 -2.262742 -1.788854
0.000000 -2.262742 -1.788854
0.000000 -1.600000 -1.131371
0.000000 -1.600000 -1.131371
0.000000 -3.298485 -2.884441
0.000000 -2.884441 -2.529822
0.000000 -1.131371 -0.800000
0.000000 -1.131371 -0.800000
0.000000 -1.131371 -0.800000
0.000000 -1.131371 -0.800000
0.000000 -1.131371 -0.800000
0.000000 -1.788854 -1.600000
0.000000 -3.577709 -3.394113
0.000000 -2.400000 -2.262742
0.000000 -2.529822 -2.400000
0.000000 -2.529822 -2.400000
