1.000000 -0.500000 7.382412
1.000000 0.707107 1.000000
1.000000 5.830952 6.020797
1.000000 5.590170 5.700877
1.000000 6.576473 6.670832
1.000000 6.041523 6.103278
1.000000 7.017834 7.071068
1.000000 7.000000 7.017834
0.000000 -2.915476 inf
0.000000 -2.549510 -1.000000
0.000000 -0.707107 0.707107
0.000000 -2.000000 -1.000000
0.000000 -2.915476 -2.000000
0.000000 -2.828427 -2.121320
0.000000 -1.000000 -0.500000
0.000000 -2.000000 -1.581139
0.000000 -2.000000 -1.581139
0.000000 -1.802776 -1.581139
0.000000 -0.707107 -0.500000
0.000000 -2.549510 -2.500000
