1.000000 -1.000000 9.219544
1.000000 -2.828427 2.236068
1.000000 -1.000000 2.828427
1.000000 -2.000000 1.000000
1.000000 -1.000000 1.000000
1.000000 -1.000000 1.000000
1.000000 -1.000000 1.000000
1.000000 -1.000000 1.000000
1.000000 -1.000000 1.000000
1.000000 -1.000000 1.000000
1.000000 1.000000 1.414214
1.000000 1.000000 1.414214
1.000000 1.000000 1.414214
1.000000 6.000000 6.324555
1.000000 6.082763 6.324555
1.000000 2.000000 2.236068
1.000000 4.242641 4.472136
1.000000 6.000000 6.082763
1.000000 7.000000 7.071068
0.000000 -8.485281 inf
0.000000 -5.000000 -1.414214
0.000000 -5.099020 -2.236068
0.000000 -1.000000 1.000000
0.000000 -7.280110 -5.385165
0.000000 -4.123106 -3.000000
0.000000 -4.000000 -3.162278
0.000000 -5.000000 -4.242641
0.000000 -6.403124 -5.656854
0.000000 -2.000000 -1.414214
0.000000 -4.123106 -3.605551
0.000000 -3.605551 -3.162278
0.000000 -2.236068 -2.000000
0.000000 -2.236068 -2.000000
0.000000 -2.236068 -2.000000
0.000000 -4.472136 -4.242641
0.000000 -5.830952 -5.656854
0.000000 -4.123106 -4.000000
0.000000 -7.071068 -7.000000
