1.000000 3.041381 13.462912
1.000000 -0.707107 1.000000
1.000000 0.707107 2.236068
1.000000 1.802776 2.692582
1.000000 1.000000 1.500000
1.000000 0.500000 1.000000
1.000000 2.500000 2.828427
1.000000 1.802776 2.121320
1.000000 2.236068 2.500000
1.000000 12.747549 12.971122
1.000000 2.692582 2.915476
1.000000 0.500000 0.707107
1.000000 13.000000 13.200379
1.000000 13.238202 13.435029
1.000000 2.061553 2.236068
1.000000 1.414214 1.581139
1.000000 13.124405 13.285330
1.000000 13.124405 13.285330
1.000000 2.549510 2.692582
1.000000 2.692582 2.828427
1.000000 3.041381 3.162278
1.000000 1.000000 1.118034
1.000000 1.500000 1.581139
1.000000 1.500000 1.581139
1.000000 2.061553 2.121320
1.000000 2.061553 2.121320
1.000000 2.500000 2.549510
1.000000 6.041523 6.082763
1.000000 3.500000 3.535534
1.000000 12.529964 12.539936
0.000000 -2.500000 inf
0.000000 -0.500000 4.500000
0.000000 -1.000000 1.414214
0.000000 -1.118034 1.118034
0.000000 -1.118034 1.000000
0.000000 -0.500000 1.500000
0.000000 -0.707107 1.000000
0.000000 -1.118034 0.500000
0.000000 -0.500000 1.000000
0.000000 -1.000000 0.500000
0.000000 -2.061553 -0.707107
0.000000 -1.802776 -0.500000
0.000000 -0.500000 0.500000
0.000000 -0.500000 0.500000
0.000000 -0.500000 0.500000
0.000000 -1.414214 -0.707107
0.000000 -1.581139 -1.000000
0.000000 -1.000000 -0.500000
0.000000 -1.000000 -0.500000
0.000000 -1.000000 -0.500000
0.000000 -1.000000 -0.500000
0.000000 -1.000000 -0.500000
0.000000 -1.500000 -1.118034
0.000000 -1.414214 -1.118034
0.000000 -1.414214 -1.118034
0.000000 -1.414214 -1.118034
0.000000 -1.000000 -0.707107
0.000000 -1.000000 -0.707107
0.000000 -1.000000 -0.707107
0.000000 -1.000000 -0.707107
0.000000 -1.000000 -0.707107
0.000000 -1.000000 -0.707107
0.000000 -1.000000 -0.707107
0.000000 -1.000000 -0.707107
0.000000 -1.000000 -0.707107
0.000000 -1.000000 -0.707107
0.000000 -1.000000 -0.707107
0.000000 -0.707107 -0.500000
0.000000 -0.707107 -0.500000
0.000000 -0.707107 -0.500000
0.000000 -0.707107 -0.500000
0.000000 -0.707107 -0.500000
0.000000 -2.236068 -2.061553
0.000000 -1.581139 -1.414214
0.000000 -1.118034 -1.000000
0.000000 -1.118034 -1.000000
0.000000 -1.118034 -1.000000
