1.000000 0.500000 2.549510
1.000000 -0.500000 1.118034
1.000000 -1.000000 0.500000
1.000000 -0.500000 1.000000
1.000000 -0.500000 0.500000
1.000000 0.500000 1.000000
1.000000 0.500000 1.000000
1.000000 1.000000 1.414214
1.000000 0.707107 1.118034
1.000000 2.236068 2.500000
1.000000 2.236068 2.500000
1.000000 0.500000 0.707107
1.000000 0.500000 0.707107
1.000000 1.000000 1.118034
0.000000 -3.535534 inf
0.000000 -1.118034 0.500000
0.000000 -1.000000 0.500000
0.000000 -0.500000 1.000000
0.000000 -3.500000 -2.061553
0.000000 -1.000000 -0.500000
0.000000 -1.000000 -0.500000
0.000000 -1.000000 -0.500000
0.000000 -1.000000 -0.707107
0.000000 -1.000000 -0.707107
0.000000 -1.000000 -0.707107
0.000000 -1.000000 -0.707107
0.000000 -2.500000 -2.236068
0.000000 -2.915476 -2.692582
