1.000000 -0.992248 0.992248
1.000000 -0.992248 0.992248
1.000000 -0.992248 0.992248
1.000000 0.992248 2.806501
1.000000 1.984496 2.976744
1.000000 4.209752 5.059492
1.000000 1.403251 2.218734
1.000000 9.922481 10.686839
1.000000 1.403251 1.984496
1.000000 4.437468 4.961240
1.000000 0.992248 1.403251
1.000000 0.992248 1.403251
1.000000 0.992248 1.403251
1.000000 6.035609 6.275528
1.000000 1.984496 2.218734
1.000000 1.984496 2.218734
1.000000 1.984496 2.218734
1.000000 1.984496 2.218734
1.000000 4.209752 4.437468
1.000000 10.359374 10.547742
1.000000 2.976744 3.137764
1.000000 3.968992 4.091144
1.000000 4.961240 5.059492
1.000000 6.275528 6.353488
1.000000 6.945736 7.016253
0.000000 -6.656202 inf
0.000000 -4.091144 5.785751
0.000000 -1.403251 2.976744
0.000000 -1.984496 1.403251
0.000000 -1.984496 0.992248
0.000000 -0.992248 1.403251
0.000000 -0.992248 1.403251
0.000000 -1.403251 0.992248
0.000000 -0.992248 0.992248
0.000000 -0.992248 0.992248
0.000000 -0.992248 0.992248
0.000000 -0.992248 0.992248
0.000000 -0.992248 0.992248
0.000000 -0.992248 0.992248
0.000000 -0.992248 0.992248
0.000000 -1.984496 -0.992248
0.000000 -1.984496 -0.992248
0.000000 -1.984496 -1.403251
0.000000 -1.403251 -0.992248
0.000000 -1.403251 -0.992248
0.000000 -1.403251 -0.992248
0.000000 -1.403251 -0.992248
0.000000 -6.656202 -6.353488
