1.000000 -2.236068 1.000000
1.000000 -1.414214 1.000000
1.000000 -1.000000 1.000000
1.000000 -1.000000 1.000000
1.000000 -1.000000 1.000000
1.000000 7.211103 7.810250
1.000000 2.236068 2.828427
1.000000 6.708204 7.211103
1.000000 6.708204 7.211103
1.000000 6.708204 7.211103
1.000000 3.162278 3.605551
1.000000 7.211103 7.615773
1.000000 7.280110 7.615773
1.000000 4.000000 4.123106
1.000000 4.000000 4.123106
1.000000 7.000000 7.071068
1.000000 7.211103 7.280110
1.000000 8.000000 8.062258
0.000000 -6.403124 inf
0.000000 -1.414214 7.000000
0.000000 -1.000000 3.162278
0.000000 -5.000000 -1.000000
0.000000 -1.000000 2.236068
0.000000 -1.000000 2.236068
0.000000 -1.000000 1.000000
0.000000 -4.242641 -2.828427
0.000000 -5.000000 -4.472136
0.000000 -3.162278 -3.000000
