1.000000 1.118034 5.500000
1.000000 -1.118034 0.500000
1.000000 -1.000000 0.500000
1.000000 -0.500000 0.707107
1.000000 0.500000 1.118034
1.000000 4.242641 4.716991
1.000000 4.301163 4.609772
1.000000 4.301163 4.609772
1.000000 4.301163 4.472136
1.000000 4.472136 4.609772
1.000000 4.609772 4.716991
1.000000 4.031129 4.123106
1.000000 4.527693 4.609772
1.000000 2.000000 2.061553
1.000000 5.385165 5.408327
0.000000 -8.500000 inf
0.000000 -2.000000 -0.707107
0.000000 -0.707107 0.500000
0.000000 -1.000000 -0.500000
0.000000 -1.000000 -0.500000
0.000000 -1.414214 -1.000000
0.000000 -1.118034 -0.707107
0.000000 -1.414214 -1.118034
0.000000 -1.000000 -0.707107
0.000000 -1.000000 -0.707107
0.000000 -1.000000 -0.707107
0.000000 -1.000000 -0.707107
0.000000 -1.000000 -0.707107
0.000000 -1.000000 -0.707107
0.000000 -3.201562 -2.915476
0.000000 -2.000000 -1.802776
0.000000 -1.118034 -1.000000
0.000000 -2.915476 -2.828427
0.000000 -3.041381 -3.000000
0.000000 -4.272002 -4.242641
