1.000000 -1.000000 7.500000
1.000000 0.500000 5.000000
1.000000 -0.707107 1.500000
1.000000 -1.000000 0.500000
1.000000 1.500000 2.915476
1.000000 -0.707107 0.500000
1.000000 -0.707107 0.500000
1.000000 -0.500000 0.500000
1.000000 -0.500000 0.500000
1.000000 -0.500000 0.500000
1.000000 -0.500000 0.500000
1.000000 4.031129 4.527693
1.000000 1.000000 1.414214
1.000000 1.000000 1.414214
1.000000 0.707107 1.118034
1.000000 0.707107 1.118034
1.000000 0.707107 1.118034
1.000000 3.905125 4.301163
1.000000 3.905125 4.242641
1.000000 3.905125 4.242641
1.000000 3.201562 3.500000
1.000000 1.118034 1.414214
1.000000 1.118034 1.414214
1.000000 1.118034 1.414214
1.000000 1.118034 1.414214
1.000000 0.707107 1.000000
1.000000 0.707107 1.000000
1.000000 0.707107 1.000000
1.000000 0.707107 1.000000
1.000000 5.830952 6.103278
1.000000 4.031129 4.301163
1.000000 4.031129 4.301163
1.000000 4.031129 4.301163
1.000000 3.354102 3.605551
1.000000 4.031129 4.272002
1.000000 1.581139 1.802776
1.000000 1.581139 1.802776
1.000000 5.830952 6.041523
1.000000 0.500000 0.707107
1.000000 0.500000 0.707107
1.000000 0.500000 0.707107
1.000000 0.500000 0.707107
1.000000 4.272002 4.472136
1.000000 2.061553 2.236068
1.000000 2.061553 2.236068
1.000000 5.852350 6.020797
1.000000 3.640055 3.807887
1.000000 4.123106 4.272002
1.000000 4.123106 4.272002
1.000000 6.184658 6.324555
1.000000 6.184658 6.324555
1.000000 4.609772 4.743416
1.000000 3.905125 4.031129
1.000000 3.905125 4.031129
1.000000 1.000000 1.118034
1.000000 1.000000 1.118034
1.000000 1.000000 1.118034
1.000000 1.000000 1.118034
1.000000 1.000000 1.118034
1.000000 1.000000 1.118034
1.000000 1.000000 1.118034
1.000000 1.000000 1.118034
1.000000 4.031129 4.123106
1.000000 4.527693 4.609772
1.000000 1.500000 1.581139
1.000000 1.500000 1.581139
1.000000 1.500000 1.581139
1.000000 5.024938 5.099020
1.000000 6.519202 6.576473
1.000000 2.500000 2.549510
1.000000 4.000000 4.031129
1.000000 4.242641 4.272002
1.000000 5.500000 5.522681
1.000000 6.020797 6.041523
1.000000 7.000000 7.017834
0.000000 -3.640055 inf
0.000000 -2.500000 0.707107
0.000000 -3.500000 -1.118034
0.000000 -1.414214 0.500000
0.000000 -0.500000 1.414214
0.000000 -3.354102 -1.500000
0.000000 -2.236068 -1.118034
0.000000 -1.802776 -0.707107
0.000000 -0.500000 0.500000
0.000000 -1.500000 -0.500000
0.000000 -1.500000 -0.500000
0.000000 -2.500000 -1.581139
0.000000 -2.236068 -1.414214
0.000000 -1.500000 -0.707107
0.000000 -2.828427 -2.121320
0.000000 -1.414214 -0.707107
0.000000 -1.414214 -0.707107
0.000000 -2.500000 -1.802776
0.000000 -1.118034 -0.500000
0.000000 -1.414214 -1.000000
0.000000 -1.414214 -1.000000
0.000000 -1.500000 -1.118034
0.000000 -2.500000 -2.121320
0.000000 -1.802776 -1.500000
0.000000 -1.414214 -1.118034
0.000000 -1.414214 -1.118034
0.000000 -1.414214 -1.118034
0.000000 -1.414214 -1.118034
0.000000 -1.000000 -0.707107
0.000000 -1.000000 -0.707107
0.000000 -1.000000 -0.707107
0.000000 -2.500000 -2.236068
0.000000 -2.061553 -1.802776
0.000000 -2.236068 -2.000000
0.000000 -0.707107 -0.500000
0.000000 -0.707107 -0.500000
0.000000 -0.707107 -0.500000
0.000000 -0.707107 -0.500000
0.000000 -0.707107 -0.500000
0.000000 -0.707107 -0.500000
0.000000 -2.692582 -2.500000
0.000000 -2.692582 -2.500000
0.000000 -3.354102 -3.162278
0.000000 -3.354102 -3.162278
0.000000 -2.236068 -2.061553
0.000000 -1.118034 -1.000000
0.000000 -1.118034 -1.000000
0.000000 -1.118034 -1.000000
0.000000 -1.118034 -1.000000
0.000000 -1.118034 -1.000000
0.000000 -1.118034 -1.000000
0.000000 -2.236068 -2.121320
0.000000 -3.640055 -3.535534
0.000000 -2.061553 -2.000000
0.000000 -2.061553 -2.000000
0.000000 -3.201562 -3.162278
