1.000000 11.000000 12.206556
1.000000 11.401754 12.041595
1.000000 11.401754 12.041595
1.000000 1.414214 2.000000
1.000000 10.295630 10.816654
1.000000 11.661904 12.041595
1.000000 10.816654 11.180340
1.000000 8.602325 8.944272
1.000000 5.099020 5.385165
1.000000 5.099020 5.385165
1.000000 8.944272 9.219544
1.000000 9.219544 9.486833
1.000000 11.180340 11.401754
1.000000 10.630146 10.816654
1.000000 10.630146 10.816654
1.000000 11.000000 11.045361
1.000000 11.661904 11.704700
0.000000 -1.414214 inf
0.000000 -1.000000 8.000000
0.000000 -1.414214 5.000000
0.000000 -1.414214 5.000000
0.000000 -1.000000 2.828427
0.000000 -1.414214 2.236068
0.000000 -1.000000 1.414214
0.000000 -1.000000 1.000000
0.000000 -1.000000 1.000000
0.000000 -1.414214 -1.000000
0.000000 -1.414214 -1.000000
