1.000000 0.707107 10.000000
1.000000 1.500000 2.915476
1.000000 -0.707107 0.500000
1.000000 2.000000 3.041381
1.000000 -0.500000 0.500000
1.000000 -0.500000 0.500000
1.000000 1.000000 1.802776
1.000000 0.707107 1.414214
1.000000 2.500000 3.000000
1.000000 0.500000 1.000000
1.000000 0.500000 1.000000
1.000000 0.707107 1.118034
1.000000 0.707107 1.118034
1.000000 0.707107 1.118034
1.000000 1.118034 1.414214
1.000000 0.707107 1.000000
1.000000 2.692582 2.915476
1.000000 1.581139 1.802776
1.000000 1.581139 1.802776
1.000000 4.716991 4.924429
1.000000 0.500000 0.707107
1.000000 0.500000 0.707107
1.000000 0.500000 0.707107
1.000000 0.500000 0.707107
1.000000 0.500000 0.707107
1.000000 0.500000 0.707107
1.000000 0.500000 0.707107
1.000000 0.500000 0.707107
1.000000 0.500000 0.707107
1.000000 8.544004 8.732125
1.000000 8.321658 8.500000
1.000000 3.640055 3.807887
1.000000 9.708244 9.861541
1.000000 3.041381 3.162278
1.000000 1.000000 1.118034
1.000000 1.000000 1.118034
1.000000 1.000000 1.118034
1.000000 1.000000 1.118034
1.000000 1.000000 1.118034
1.000000 1.000000 1.118034
1.000000 1.000000 1.118034
1.000000 2.828427 2.915476
1.000000 8.860023 8.944272
1.000000 1.500000 1.581139
1.000000 1.500000 1.581139
1.000000 1.500000 1.581139
1.000000 1.500000 1.581139
1.000000 8.200610 8.276473
1.000000 4.924429 5.000000
1.000000 9.552487 9.617692
1.000000 9.861541 9.924717
1.000000 2.000000 2.061553
1.000000 2.000000 2.061553
1.000000 2.000000 2.061553
1.000000 2.500000 2.549510
0.000000 -4.743416 inf
0.000000 -4.031129 0.500000
0.000000 -3.201562 0.500000
0.000000 -2.121320 0.500000
0.000000 -1.500000 1.000000
0.000000 -0.500000 1.802776
0.000000 -1.000000 0.707107
0.000000 -1.118034 0.500000
0.000000 -1.000000 0.500000
0.000000 -0.500000 1.000000
0.000000 -1.000000 0.500000
0.000000 -1.000000 0.500000
0.000000 -1.000000 0.500000
0.000000 -0.707107 0.707107
0.000000 -0.707107 0.500000
0.000000 -0.707107 0.500000
0.000000 -0.707107 0.500000
0.000000 -0.707107 0.500000
0.000000 -0.500000 0.707107
0.000000 -1.581139 -0.500000
0.000000 -0.500000 0.500000
0.000000 -0.500000 0.500000
0.000000 -1.500000 -0.500000
0.000000 -1.581139 -0.707107
0.000000 -1.802776 -1.000000
0.000000 -1.500000 -0.707107
0.000000 -1.802776 -1.118034
0.000000 -1.000000 -0.500000
0.000000 -1.500000 -1.000000
0.000000 -1.000000 -0.500000
0.000000 -1.414214 -1.000000
0.000000 -1.802776 -1.414214
0.000000 -4.000000 -3.640055
0.000000 -1.802776 -1.500000
0.000000 -1.414214 -1.118034
0.000000 -1.414214 -1.118034
0.000000 -1.414214 -1.118034
0.000000 -1.414214 -1.118034
0.000000 -1.000000 -0.707107
0.000000 -1.000000 -0.707107
0.000000 -1.000000 -0.707107
0.000000 -2.061553 -1.802776
0.000000 -0.707107 -0.500000
0.000000 -0.707107 -0.500000
0.000000 -1.118034 -1.000000
0.000000 -1.500000 -1.414214
0.000000 -1.500000 -1.414214
0.000000 -1.581139 -1.500000
0.000000 -1.581139 -1.500000
0.000000 -1.581139 -1.500000
0.000000 -3.041381 -3.000000
0.000000 -3.041381 -3.000000
