1.000000 9.055385 12.165525
1.000000 5.000000 7.071068
1.000000 -1.000000 1.000000
1.000000 -1.000000 1.000000
1.000000 -1.000000 1.000000
1.000000 -1.000000 1.000000
1.000000 9.055385 9.486833
1.000000 1.000000 1.414214
1.000000 1.000000 1.414214
1.000000 6.324555 6.708204
1.000000 4.123106 4.472136
1.000000 6.403124 6.708204
1.000000 6.403124 6.708204
0.000000 -3.605551 inf
0.000000 -3.000000 5.000000
0.000000 -1.000000 4.123106
0.000000 -1.000000 4.000000
0.000000 -3.605551 -1.000000
0.000000 -1.414214 -1.000000
0.000000 -1.414214 -1.000000
