1.000000 0.500000 7.106335
1.000000 0.707107 3.905125
1.000000 1.118034 3.500000
1.000000 2.121320 2.915476
1.000000 0.500000 1.000000
1.000000 1.118034 1.414214
1.000000 1.118034 1.414214
1.000000 1.118034 1.414214
1.000000 5.852350 6.103278
1.000000 1.581139 1.802776
1.000000 0.500000 0.707107
1.000000 0.500000 0.707107
1.000000 0.500000 0.707107
1.000000 3.605551 3.807887
1.000000 3.605551 3.807887
1.000000 5.852350 6.041523
1.000000 6.041523 6.184658
1.000000 2.549510 2.692582
1.000000 6.184658 6.324555
1.000000 3.041381 3.162278
1.000000 1.000000 1.118034
1.000000 1.000000 1.118034
1.000000 1.000000 1.118034
1.000000 1.000000 1.118034
1.000000 2.121320 2.236068
1.000000 2.121320 2.236068
1.000000 5.590170 5.700877
1.000000 3.535534 3.640055
1.000000 2.915476 3.000000
1.000000 1.500000 1.581139
1.000000 1.500000 1.581139
1.000000 3.535534 3.605551
1.000000 6.519202 6.576473
1.000000 6.946222 7.000000
1.000000 6.000000 6.020797
0.000000 -3.535534 inf
0.000000 -0.707107 1.000000
0.000000 -2.061553 -0.500000
0.000000 -0.500000 0.707107
0.000000 -2.061553 -1.000000
0.000000 -1.500000 -0.500000
0.000000 -1.500000 -0.500000
0.000000 -1.000000 -0.500000
0.000000 -1.000000 -0.500000
0.000000 -1.500000 -1.000000
0.000000 -1.581139 -1.118034
0.000000 -1.414214 -1.000000
0.000000 -1.414214 -1.000000
0.000000 -1.414214 -1.000000
0.000000 -1.118034 -0.707107
0.000000 -1.414214 -1.118034
0.000000 -1.414214 -1.118034
0.000000 -1.414214 -1.118034
0.000000 -1.414214 -1.118034
0.000000 -1.000000 -0.707107
0.000000 -0.707107 -0.500000
0.000000 -0.707107 -0.500000
0.000000 -1.581139 -1.414214
0.000000 -1.118034 -1.000000
0.000000 -1.118034 -1.000000
0.000000 -1.118034 -1.000000
0.000000 -1.118034 -1.000000
0.000000 -1.118034 -1.000000
0.000000 -1.118034 -1.000000
0.000000 -1.118034 -1.000000
