1.000000 -1.000000 1.000000
1.000000 -1.000000 1.000000
1.000000 1.000000 3.000000
1.000000 9.486833 10.630146
1.000000 3.162278 3.605551
1.000000 1.000000 1.414214
1.000000 1.000000 1.414214
1.000000 9.899495 10.295630
1.000000 9.219544 9.486833
1.000000 9.219544 9.486833
1.000000 10.000000 10.198039
1.000000 10.000000 10.198039
1.000000 10.440307 10.630146
1.000000 3.000000 3.162278
1.000000 10.000000 10.049876
1.000000 10.000000 10.049876
0.000000 -2.236068 inf
0.000000 -2.000000 8.944272
0.000000 -1.414214 3.000000
0.000000 -1.000000 3.000000
0.000000 -1.000000 1.414214
0.000000 -1.000000 1.000000
0.000000 -1.000000 1.000000
0.000000 -1.000000 1.000000
