1.000000 1.000000 4.472136
1.000000 3.605551 7.000000
1.000000 -1.000000 2.000000
1.000000 1.000000 3.605551
1.000000 -1.000000 1.414214
1.000000 -1.000000 1.000000
1.000000 -1.000000 1.000000
1.000000 -1.000000 1.000000
1.000000 -1.000000 1.000000
1.000000 -1.000000 1.000000
1.000000 -1.000000 1.000000
1.000000 -1.000000 1.000000
1.000000 -1.000000 1.000000
1.000000 -1.000000 1.000000
1.000000 -1.000000 1.000000
1.000000 3.605551 4.472136
1.000000 3.605551 4.242641
1.000000 3.000000 3.605551
1.000000 1.414214 2.000000
1.000000 8.485281 8.944272
1.000000 1.000000 1.414214
1.000000 1.000000 1.414214
1.000000 1.000000 1.414214
1.000000 1.000000 1.414214
1.000000 1.000000 1.414214
1.000000 1.000000 1.414214
1.000000 1.000000 1.414214
1.000000 8.544004 8.944272
1.000000 4.123106 4.472136
1.000000 6.403124 6.708204
1.000000 2.000000 2.236068
1.000000 2.000000 2.236068
1.000000 2.000000 2.236068
1.000000 3.000000 3.162278
1.000000 3.000000 3.162278
1.000000 4.000000 4.123106
1.000000 4.000000 4.123106
1.000000 4.000000 4.123106
1.000000 8.485281 8.602325
1.000000 14.142136 14.212670
1.000000 10.000000 10.049876
1.000000 15.000000 15.033296
0.000000 -7.810250 inf
0.000000 -6.708204 -1.000000
0.000000 -2.828427 1.000000
0.000000 -4.123106 -1.414214
0.000000 -1.000000 1.414214
0.000000 -4.123106 -2.000000
0.000000 -1.000000 1.000000
0.000000 -1.000000 1.000000
0.000000 -3.162278 -1.414214
0.000000 -2.000000 -1.000000
0.000000 -3.162278 -2.236068
0.000000 -3.605551 -2.828427
0.000000 -6.403124 -5.656854
0.000000 -6.082763 -5.385165
0.000000 -5.656854 -5.000000
0.000000 -4.123106 -3.605551
0.000000 -1.414214 -1.000000
0.000000 -1.414214 -1.000000
0.000000 -1.414214 -1.000000
0.000000 -2.236068 -2.000000
0.000000 -5.830952 -5.656854
0.000000 -4.123106 -4.000000
0.000000 -4.242641 -4.123106
