1.000000 -1.000000 8.246211
1.000000 -1.000000 7.615773
1.000000 -2.000000 1.000000
1.000000 -1.000000 1.414214
1.000000 -1.000000 1.000000
1.000000 -1.000000 1.000000
1.000000 -1.000000 1.000000
1.000000 -1.000000 1.000000
1.000000 -1.000000 1.000000
1.000000 -1.000000 1.000000
1.000000 -1.000000 1.000000
1.000000 -1.000000 1.000000
1.000000 -1.000000 1.000000
1.000000 -1.000000 1.000000
1.000000 -1.000000 1.000000
1.000000 -1.000000 1.000000
1.000000 -1.000000 1.000000
1.000000 1.000000 2.000000
1.000000 4.123106 5.000000
1.000000 4.123106 5.000000
1.000000 2.000000 2.828427
1.000000 3.605551 4.242641
1.000000 3.605551 4.242641
1.000000 1.414214 2.000000
1.000000 1.414214 2.000000
1.000000 1.000000 1.414214
1.000000 1.000000 1.414214
1.000000 1.000000 1.414214
1.000000 1.000000 1.414214
1.000000 1.000000 1.414214
1.000000 1.000000 1.414214
1.000000 1.000000 1.414214
1.000000 1.000000 1.414214
1.000000 1.000000 1.414214
1.000000 1.000000 1.414214
1.000000 1.000000 1.414214
1.000000 1.000000 1.414214
1.000000 4.123106 4.472136
1.000000 4.123106 4.472136
1.000000 2.000000 2.236068
1.000000 2.000000 2.236068
1.000000 2.000000 2.236068
1.000000 4.242641 4.472136
1.000000 4.242641 4.472136
1.000000 4.123106 4.242641
1.000000 7.000000 7.071068
1.000000 7.000000 7.071068
0.000000 -4.472136 inf
0.000000 -2.000000 1.000000
0.000000 -3.605551 -1.000000
0.000000 -1.000000 1.414214
0.000000 -3.162278 -1.000000
0.000000 -3.162278 -1.000000
0.000000 -1.000000 1.000000
0.000000 -1.000000 1.000000
0.000000 -3.162278 -1.414214
0.000000 -3.000000 -1.414214
0.000000 -3.000000 -1.414214
0.000000 -3.000000 -1.414214
0.000000 -2.236068 -1.000000
0.000000 -2.236068 -1.000000
0.000000 -2.000000 -1.000000
0.000000 -2.000000 -1.000000
0.000000 -3.000000 -2.000000
0.000000 -3.162278 -2.236068
0.000000 -2.828427 -2.000000
0.000000 -2.236068 -1.414214
0.000000 -3.605551 -2.828427
0.000000 -2.828427 -2.236068
0.000000 -2.000000 -1.414214
0.000000 -2.000000 -1.414214
0.000000 -2.000000 -1.414214
0.000000 -2.000000 -1.414214
0.000000 -1.414214 -1.000000
0.000000 -1.414214 -1.000000
0.000000 -1.414214 -1.000000
0.000000 -1.414214 -1.000000
0.000000 -1.414214 -1.000000
0.000000 -1.414214 -1.000000
0.000000 -4.472136 -4.123106
0.000000 -3.162278 -2.828427
0.000000 -2.236068 -2.000000
0.000000 -2.236068 -2.000000
0.000000 -2.236068 -2.000000
0.000000 -3.000000 -2.828427
0.000000 -3.000000 -2.828427
