1.000000 -1.885618 1.333333
1.000000 -2.000000 0.666667
1.000000 -2.000000 0.666667
1.000000 -1.333333 1.333333
1.000000 -1.333333 1.333333
1.000000 -1.333333 1.333333
1.000000 -0.666667 1.885618
1.000000 -1.333333 0.666667
1.000000 -0.666667 0.942809
1.000000 -0.666667 0.942809
1.000000 0.942809 2.403701
1.000000 -0.666667 0.666667
1.000000 -0.666667 0.666667
1.000000 -0.666667 0.666667
1.000000 -0.666667 0.666667
1.000000 -0.666667 0.666667
1.000000 -0.666667 0.666667
1.000000 -0.666667 0.666667
1.000000 0.942809 1.885618
1.000000 0.942809 1.885618
1.000000 0.666667 1.490712
1.000000 1.333333 1.885618
1.000000 1.333333 1.885618
1.000000 0.942809 1.490712
1.000000 0.942809 1.333333
1.000000 0.942809 1.333333
1.000000 0.666667 0.942809
1.000000 0.666667 0.942809
1.000000 0.666667 0.942809
1.000000 0.666667 0.942809
1.000000 0.666667 0.942809
1.000000 0.666667 0.942809
1.000000 0.666667 0.942809
1.000000 0.666667 0.942809
1.000000 0.666667 0.942809
1.000000 0.666667 0.942809
1.000000 0.666667 0.942809
1.000000 0.666667 0.942809
1.000000 0.666667 0.942809
1.000000 1.333333 1.490712
1.000000 1.333333 1.490712
1.000000 1.333333 1.490712
1.000000 1.333333 1.490712
1.000000 1.333333 1.490712
1.000000 1.333333 1.490712
1.000000 1.333333 1.490712
1.000000 2.000000 2.108185
1.000000 2.666667 2.748737
0.000000 -4.714045 inf
0.000000 -4.666667 -1.490712
0.000000 -4.714045 -1.885618
0.000000 -3.333333 -1.885618
0.000000 -0.666667 0.666667
0.000000 -0.666667 0.666667
0.000000 -0.666667 0.666667
0.000000 -2.000000 -0.666667
0.000000 -3.399346 -2.108185
0.000000 -4.216370 -2.981424
0.000000 -3.771236 -2.666667
0.000000 -1.490712 -0.666667
0.000000 -2.666667 -1.885618
0.000000 -4.472136 -3.771236
0.000000 -1.333333 -0.666667
0.000000 -2.666667 -2.108185
0.000000 -1.885618 -1.333333
0.000000 -3.333333 -2.828427
0.000000 -1.885618 -1.490712
0.000000 -1.333333 -0.942809
0.000000 -3.333333 -2.981424
0.000000 -3.333333 -2.981424
0.000000 -4.216370 -3.887301
0.000000 -0.942809 -0.666667
0.000000 -2.666667 -2.403701
0.000000 -4.714045 -4.472136
0.000000 -2.981424 -2.748737
0.000000 -2.108185 -1.885618
0.000000 -3.590110 -3.399346
0.000000 -2.108185 -2.000000
0.000000 -2.108185 -2.000000
0.000000 -2.108185 -2.000000
0.000000 -2.748737 -2.666667
0.000000 -2.748737 -2.666667
0.000000 -4.714045 -4.666667
