1.000000 -0.707107 7.566373
1.000000 -0.500000 4.031129
1.000000 -0.500000 2.500000
1.000000 2.828427 5.408327
1.000000 -1.000000 1.414214
1.000000 1.802776 3.640055
1.000000 -1.000000 0.707107
1.000000 -1.118034 0.500000
1.000000 0.707107 2.236068
1.000000 -1.000000 0.500000
1.000000 1.581139 2.915476
1.000000 -0.500000 0.707107
1.000000 -0.707107 0.500000
1.000000 -0.707107 0.500000
1.000000 -0.707107 0.500000
1.000000 0.500000 1.500000
1.000000 0.500000 1.500000
1.000000 -0.500000 0.500000
1.000000 6.500000 7.071068
1.000000 1.000000 1.414214
1.000000 1.000000 1.414214
1.000000 3.905125 4.301163
1.000000 3.905125 4.242641
1.000000 1.500000 1.802776
1.000000 1.118034 1.414214
1.000000 1.118034 1.414214
1.000000 1.118034 1.414214
1.000000 0.707107 1.000000
1.000000 0.707107 1.000000
1.000000 0.707107 1.000000
1.000000 2.915476 3.201562
1.000000 2.915476 3.201562
1.000000 4.031129 4.301163
1.000000 5.147815 5.385165
1.000000 6.041523 6.264982
1.000000 1.581139 1.802776
1.000000 1.581139 1.802776
1.000000 1.581139 1.802776
1.000000 6.500000 6.708204
1.000000 6.500000 6.708204
1.000000 0.500000 0.707107
1.000000 0.500000 0.707107
1.000000 0.500000 0.707107
1.000000 0.500000 0.707107
1.000000 4.272002 4.472136
1.000000 3.162278 3.354102
1.000000 4.123106 4.272002
1.000000 5.000000 5.147815
1.000000 6.041523 6.184658
1.000000 2.549510 2.692582
1.000000 6.184658 6.324555
1.000000 4.609772 4.743416
1.000000 4.609772 4.743416
1.000000 6.670832 6.800735
1.000000 3.905125 4.031129
1.000000 7.158911 7.280110
1.000000 1.000000 1.118034
1.000000 1.000000 1.118034
1.000000 1.000000 1.118034
1.000000 1.000000 1.118034
1.000000 1.000000 1.118034
1.000000 2.121320 2.236068
1.000000 2.121320 2.236068
1.000000 4.609772 4.716991
1.000000 3.535534 3.640055
1.000000 3.807887 3.905125
1.000000 4.031129 4.123106
1.000000 1.414214 1.500000
1.000000 1.500000 1.581139
1.000000 1.500000 1.581139
1.000000 6.726812 6.800735
1.000000 3.535534 3.605551
1.000000 2.061553 2.121320
1.000000 2.061553 2.121320
1.000000 6.519202 6.576473
1.000000 7.017834 7.071068
1.000000 4.949747 5.000000
1.000000 4.949747 5.000000
1.000000 2.500000 2.549510
1.000000 3.162278 3.201562
1.000000 6.964194 7.000000
1.000000 4.000000 4.031129
1.000000 4.000000 4.031129
1.000000 5.000000 5.024938
0.000000 -4.242641 inf
0.000000 -1.581139 1.500000
0.000000 -4.000000 -1.000000
0.000000 -1.500000 1.000000
0.000000 -3.605551 -1.118034
0.000000 -3.162278 -1.000000
0.000000 -2.549510 -0.707107
0.000000 -0.707107 0.500000
0.000000 -0.500000 0.707107
0.000000 -2.500000 -1.414214
0.000000 -2.121320 -1.118034
0.000000 -0.500000 0.500000
0.000000 -0.500000 0.500000
0.000000 -2.500000 -1.500000
0.000000 -0.500000 0.500000
0.000000 -1.802776 -1.000000
0.000000 -2.549510 -1.802776
0.000000 -1.414214 -0.707107
0.000000 -1.802776 -1.118034
0.000000 -2.121320 -1.500000
0.000000 -1.581139 -1.000000
0.000000 -1.000000 -0.500000
0.000000 -2.000000 -1.500000
0.000000 -2.500000 -2.061553
0.000000 -2.121320 -1.802776
0.000000 -1.414214 -1.118034
0.000000 -1.414214 -1.118034
0.000000 -1.414214 -1.118034
0.000000 -1.000000 -0.707107
0.000000 -1.000000 -0.707107
0.000000 -2.500000 -2.236068
0.000000 -2.061553 -1.802776
0.000000 -2.061553 -1.802776
0.000000 -2.236068 -2.000000
0.000000 -1.802776 -1.581139
0.000000 -1.802776 -1.581139
0.000000 -1.802776 -1.581139
0.000000 -1.802776 -1.581139
0.000000 -1.802776 -1.581139
0.000000 -0.707107 -0.500000
0.000000 -0.707107 -0.500000
0.000000 -0.707107 -0.500000
0.000000 -2.692582 -2.500000
0.000000 -2.236068 -2.061553
0.000000 -1.581139 -1.414214
0.000000 -1.581139 -1.414214
0.000000 -1.581139 -1.414214
0.000000 -1.581139 -1.414214
0.000000 -1.581139 -1.414214
0.000000 -3.162278 -3.000000
0.000000 -1.118034 -1.000000
0.000000 -1.118034 -1.000000
0.000000 -1.118034 -1.000000
0.000000 -1.118034 -1.000000
0.000000 -3.640055 -3.535534
0.000000 -1.581139 -1.500000
0.000000 -1.581139 -1.500000
0.000000 -1.581139 -1.500000
0.000000 -2.061553 -2.000000
0.000000 -2.061553 -2.000000
0.000000 -2.061553 -2.000000
0.000000 -2.121320 -2.061553
0.000000 -2.549510 -2.500000
0.000000 -2.549510 -2.500000
