1.000000 8.246211 11.500000
1.000000 3.000000 5.700877
1.000000 -1.000000 1.500000
1.000000 -0.500000 0.707107
1.000000 -0.500000 0.707107
1.000000 -0.500000 0.500000
1.000000 -0.500000 0.500000
1.000000 2.236068 3.162278
1.000000 6.800735 7.433034
1.000000 0.500000 1.000000
1.000000 1.500000 2.000000
1.000000 1.118034 1.581139
1.000000 3.905125 4.242641
1.000000 6.800735 7.106335
1.000000 1.500000 1.802776
1.000000 1.118034 1.414214
1.000000 1.118034 1.414214
1.000000 1.118034 1.414214
1.000000 1.118034 1.414214
1.000000 1.118034 1.414214
1.000000 0.707107 1.000000
1.000000 2.236068 2.500000
1.000000 3.807887 4.031129
1.000000 0.500000 0.707107
1.000000 0.500000 0.707107
1.000000 0.500000 0.707107
1.000000 5.385165 5.590170
1.000000 10.307764 10.511898
1.000000 9.192388 9.394147
1.000000 10.124228 10.295630
1.000000 1.414214 1.581139
1.000000 5.700877 5.852350
1.000000 5.000000 5.147815
1.000000 10.594810 10.735455
1.000000 8.246211 8.381527
1.000000 3.905125 4.031129
1.000000 3.905125 4.031129
1.000000 6.946222 7.071068
1.000000 6.946222 7.071068
1.000000 10.000000 10.124228
1.000000 4.123106 4.242641
1.000000 1.000000 1.118034
1.000000 1.000000 1.118034
1.000000 1.000000 1.118034
1.000000 1.000000 1.118034
1.000000 1.000000 1.118034
1.000000 1.000000 1.118034
1.000000 9.708244 9.823441
1.000000 7.648529 7.762087
1.000000 5.315073 5.408327
1.000000 4.031129 4.123106
1.000000 4.031129 4.123106
1.000000 1.500000 1.581139
1.000000 1.500000 1.581139
1.000000 9.924717 10.000000
1.000000 9.486833 9.552487
1.000000 7.106335 7.158911
1.000000 12.041595 12.093387
1.000000 7.382412 7.433034
1.000000 2.500000 2.549510
1.000000 2.500000 2.549510
1.000000 2.500000 2.549510
1.000000 10.920165 10.965856
1.000000 8.514693 8.558621
1.000000 8.514693 8.558621
1.000000 6.000000 6.041523
1.000000 10.511898 10.547512
1.000000 3.500000 3.535534
1.000000 4.500000 4.527693
1.000000 9.899495 9.924717
1.000000 5.000000 5.024938
1.000000 8.062258 8.077747
1.000000 10.111874 10.124228
1.000000 11.000000 11.011358
0.000000 -4.031129 inf
0.000000 -1.000000 7.000000
0.000000 -3.354102 3.041381
0.000000 -1.500000 2.500000
0.000000 -2.828427 0.500000
0.000000 -1.000000 2.236068
0.000000 -1.802776 1.414214
0.000000 -1.802776 0.707107
0.000000 -1.000000 0.707107
0.000000 -0.500000 1.000000
0.000000 -1.500000 -0.500000
0.000000 -0.500000 0.500000
0.000000 -0.500000 0.500000
0.000000 -1.500000 -0.707107
0.000000 -1.414214 -0.707107
0.000000 -2.500000 -1.802776
0.000000 -1.118034 -0.500000
0.000000 -2.061553 -1.500000
0.000000 -1.000000 -0.500000
0.000000 -1.000000 -0.500000
0.000000 -1.500000 -1.000000
0.000000 -2.236068 -1.802776
0.000000 -1.414214 -1.000000
0.000000 -1.414214 -1.000000
0.000000 -1.500000 -1.118034
0.000000 -1.500000 -1.118034
0.000000 -1.000000 -0.707107
0.000000 -1.000000 -0.707107
0.000000 -1.000000 -0.707107
0.000000 -1.000000 -0.707107
0.000000 -1.000000 -0.707107
0.000000 -1.000000 -0.707107
0.000000 -1.000000 -0.707107
0.000000 -2.236068 -2.000000
0.000000 -0.707107 -0.500000
0.000000 -0.707107 -0.500000
0.000000 -0.707107 -0.500000
0.000000 -0.707107 -0.500000
0.000000 -1.118034 -1.000000
0.000000 -1.118034 -1.000000
0.000000 -1.118034 -1.000000
0.000000 -1.118034 -1.000000
0.000000 -1.118034 -1.000000
0.000000 -2.236068 -2.121320
0.000000 -1.500000 -1.414214
0.000000 -1.581139 -1.500000
0.000000 -2.061553 -2.000000
0.000000 -2.061553 -2.000000
0.000000 -2.549510 -2.500000
