1.000000 4.800000 9.895454
1.000000 -1.600000 0.800000
1.000000 -0.800000 1.600000
1.000000 -0.800000 1.131371
1.000000 2.262742 4.000000
1.000000 -0.800000 0.800000
1.000000 -0.800000 0.800000
1.000000 -0.800000 0.800000
1.000000 -0.800000 0.800000
1.000000 -0.800000 0.800000
1.000000 6.788225 8.236504
1.000000 1.788854 2.884441
1.000000 0.800000 1.788854
1.000000 4.800000 5.768882
1.000000 0.800000 1.600000
1.000000 1.131371 1.788854
1.000000 2.262742 2.884441
1.000000 5.122499 5.656854
1.000000 3.577709 4.079216
1.000000 1.788854 2.262742
1.000000 1.131371 1.600000
1.000000 1.131371 1.600000
1.000000 5.656854 6.092618
1.000000 3.200000 3.577709
1.000000 4.308132 4.664762
1.000000 2.529822 2.884441
1.000000 2.529822 2.884441
1.000000 2.529822 2.884441
1.000000 2.529822 2.884441
1.000000 2.529822 2.884441
1.000000 0.800000 1.131371
1.000000 0.800000 1.131371
1.000000 0.800000 1.131371
1.000000 0.800000 1.131371
1.000000 0.800000 1.131371
1.000000 6.835203 7.155418
1.000000 6.835203 7.155418
1.000000 4.000000 4.308132
1.000000 5.366563 5.656854
1.000000 5.366563 5.656854
1.000000 8.836289 9.121403
1.000000 3.298485 3.577709
1.000000 3.298485 3.577709
1.000000 6.881860 7.155418
1.000000 4.866210 5.122499
1.000000 4.308132 4.525483
1.000000 1.600000 1.788854
1.000000 1.600000 1.788854
1.000000 1.600000 1.788854
1.000000 3.394113 3.577709
1.000000 3.394113 3.577709
1.000000 2.262742 2.400000
1.000000 9.633276 9.765244
1.000000 7.244308 7.375636
1.000000 2.400000 2.529822
1.000000 8.039900 8.158431
1.000000 5.656854 5.768882
1.000000 3.200000 3.298485
1.000000 3.200000 3.298485
1.000000 6.788225 6.881860
1.000000 6.788225 6.881860
1.000000 4.000000 4.079216
1.000000 4.800000 4.866210
1.000000 4.800000 4.866210
1.000000 4.800000 4.866210
1.000000 9.666437 9.732420
1.000000 7.547185 7.589466
0.000000 -3.577709 inf
0.000000 -0.800000 4.000000
0.000000 -1.788854 2.529822
0.000000 -1.788854 2.529822
0.000000 -3.200000 0.800000
0.000000 -1.788854 0.800000
0.000000 -1.788854 0.800000
0.000000 -3.577709 -1.131371
0.000000 -0.800000 1.600000
0.000000 -1.131371 1.131371
0.000000 -2.884441 -0.800000
0.000000 -1.131371 0.800000
0.000000 -2.884441 -1.131371
0.000000 -0.800000 0.800000
0.000000 -0.800000 0.800000
0.000000 -0.800000 0.800000
0.000000 -2.262742 -1.131371
0.000000 -3.298485 -2.262742
0.000000 -1.788854 -0.800000
0.000000 -1.788854 -0.800000
0.000000 -1.788854 -0.800000
0.000000 -3.298485 -2.400000
0.000000 -1.600000 -0.800000
0.000000 -1.600000 -0.800000
0.000000 -2.529822 -1.788854
0.000000 -2.262742 -1.600000
0.000000 -1.788854 -1.131371
0.000000 -1.788854 -1.131371
0.000000 -1.788854 -1.131371
0.000000 -1.600000 -1.131371
0.000000 -1.600000 -1.131371
0.000000 -1.600000 -1.131371
0.000000 -2.884441 -2.529822
0.000000 -2.884441 -2.529822
0.000000 -1.131371 -0.800000
0.000000 -1.131371 -0.800000
0.000000 -1.131371 -0.800000
0.000000 -1.131371 -0.800000
0.000000 -1.131371 -0.800000
0.000000 -1.131371 -0.800000
0.000000 -1.131371 -0.800000
0.000000 -1.131371 -0.800000
0.000000 -2.529822 -2.262742
0.000000 -1.788854 -1.600000
0.000000 -1.788854 -1.600000
0.000000 -1.788854 -1.600000
0.000000 -3.577709 -3.394113
0.000000 -2.529822 -2.400000
0.000000 -2.529822 -2.400000
0.000000 -2.529822 -2.400000
0.000000 -2.529822 -2.400000
0.000000 -3.298485 -3.200000
0.000000 -3.394113 -3.298485
