1.000000 -1.118034 1.000000
1.000000 1.118034 2.692582
1.000000 -0.707107 0.500000
1.000000 0.707107 1.118034
1.000000 3.535534 3.905125
1.000000 3.605551 3.905125
1.000000 2.915476 3.201562
1.000000 2.915476 3.201562
1.000000 3.807887 4.031129
1.000000 4.031129 4.242641
1.000000 4.924429 5.099020
1.000000 1.000000 1.118034
1.000000 5.220153 5.315073
1.000000 3.162278 3.201562
1.000000 3.162278 3.201562
1.000000 3.500000 3.535534
1.000000 3.500000 3.535534
1.000000 4.716991 4.743416
1.000000 6.000000 6.020797
0.000000 -3.354102 inf
0.000000 -2.915476 1.000000
0.000000 -0.500000 2.828427
0.000000 -1.581139 1.500000
0.000000 -1.500000 0.500000
0.000000 -2.692582 -1.500000
0.000000 -0.500000 0.500000
0.000000 -1.000000 -0.500000
0.000000 -1.414214 -1.000000
0.000000 -2.500000 -2.121320
0.000000 -3.162278 -3.041381
