1.000000 -0.942809 5.656854
1.000000 -1.885618 3.590110
1.000000 -1.333333 1.490712
1.000000 -1.333333 1.333333
1.000000 -0.666667 1.885618
1.000000 -1.333333 0.942809
1.000000 -0.942809 1.333333
1.000000 0.666667 2.828427
1.000000 -1.490712 0.666667
1.000000 0.666667 2.666667
1.000000 -0.666667 1.333333
1.000000 -0.666667 1.333333
1.000000 -1.333333 0.666667
1.000000 -1.333333 0.666667
1.000000 -1.333333 0.666667
1.000000 -0.942809 0.666667
1.000000 -0.942809 0.666667
1.000000 -0.666667 0.666667
1.000000 -0.666667 0.666667
1.000000 0.666667 2.000000
1.000000 0.942809 2.108185
1.000000 0.666667 1.333333
1.000000 1.490712 1.885618
1.000000 0.942809 1.333333
1.000000 0.942809 1.333333
1.000000 0.942809 1.333333
1.000000 0.942809 1.333333
1.000000 2.981424 3.333333
1.000000 0.666667 0.942809
1.000000 0.666667 0.942809
1.000000 0.666667 0.942809
1.000000 0.666667 0.942809
1.000000 4.853407 5.077182
1.000000 5.206833 5.374838
1.000000 1.333333 1.490712
1.000000 1.333333 1.490712
1.000000 1.333333 1.490712
1.000000 2.000000 2.108185
1.000000 2.666667 2.748737
1.000000 4.000000 4.055175
1.000000 4.666667 4.714045
0.000000 -6.699917 inf
0.000000 -6.666667 -2.108185
0.000000 -3.333333 0.666667
0.000000 -4.666667 -2.748737
0.000000 -3.590110 -2.000000
0.000000 -3.590110 -2.000000
0.000000 -3.333333 -1.885618
0.000000 -0.666667 0.666667
0.000000 -3.333333 -2.108185
0.000000 -2.403701 -1.333333
0.000000 -2.748737 -2.000000
0.000000 -4.268749 -3.590110
0.000000 -1.333333 -0.666667
0.000000 -4.714045 -4.055175
0.000000 -1.885618 -1.333333
0.000000 -2.403701 -2.000000
0.000000 -1.885618 -1.490712
0.000000 -1.333333 -0.942809
0.000000 -3.333333 -2.981424
0.000000 -4.216370 -3.887301
0.000000 -2.981424 -2.666667
0.000000 -2.981424 -2.666667
0.000000 -3.887301 -3.590110
0.000000 -0.942809 -0.666667
0.000000 -0.942809 -0.666667
0.000000 -0.942809 -0.666667
0.000000 -0.942809 -0.666667
0.000000 -0.942809 -0.666667
0.000000 -2.666667 -2.403701
0.000000 -2.108185 -1.885618
0.000000 -4.472136 -4.268749
0.000000 -4.216370 -4.055175
0.000000 -1.490712 -1.333333
0.000000 -2.981424 -2.828427
0.000000 -2.981424 -2.828427
0.000000 -2.981424 -2.828427
0.000000 -2.981424 -2.828427
0.000000 -2.000000 -1.885618
0.000000 -2.108185 -2.000000
0.000000 -2.108185 -2.000000
0.000000 -2.108185 -2.000000
0.000000 -2.108185 -2.000000
0.000000 -2.108185 -2.000000
0.000000 -2.748737 -2.666667
0.000000 -2.748737 -2.666667
0.000000 -3.399346 -3.333333
