1.000000 2.828427 12.083046
1.000000 -1.000000 1.414214
1.000000 -1.000000 1.000000
1.000000 2.000000 2.828427
1.000000 2.236068 2.828427
1.000000 1.414214 2.000000
1.000000 1.000000 1.414214
1.000000 1.000000 1.414214
1.000000 6.403124 6.708204
1.000000 8.246211 8.544004
1.000000 9.219544 9.486833
1.000000 2.000000 2.236068
1.000000 2.000000 2.236068
1.000000 2.000000 2.236068
1.000000 2.000000 2.236068
1.000000 2.000000 2.236068
1.000000 2.000000 2.236068
1.000000 2.000000 2.236068
1.000000 4.242641 4.472136
1.000000 7.071068 7.211103
1.000000 9.000000 9.055385
0.000000 -3.162278 inf
0.000000 -1.414214 4.000000
0.000000 -2.828427 1.000000
0.000000 -1.414214 2.000000
0.000000 -1.414214 1.414214
0.000000 -1.000000 1.414214
0.000000 -1.000000 1.414214
0.000000 -1.000000 1.414214
0.000000 -1.000000 1.000000
0.000000 -1.000000 1.000000
0.000000 -1.000000 1.000000
0.000000 -1.000000 1.000000
0.000000 -1.000000 1.000000
0.000000 -2.236068 -1.000000
0.000000 -2.000000 -1.000000
0.000000 -3.000000 -2.236068
0.000000 -2.828427 -2.236068
0.000000 -1.414214 -1.000000
0.000000 -1.414214 -1.000000
0.000000 -1.414214 -1.000000
0.000000 -1.414214 -1.000000
0.000000 -1.414214 -1.000000
0.000000 -3.162278 -2.828427
0.000000 -3.000000 -2.828427
