1.000000 -2.000000 7.615773
1.000000 -1.000000 1.000000
1.000000 2.000000 3.162278
1.000000 2.000000 2.828427
1.000000 2.828427 3.162278
1.000000 6.000000 6.324555
1.000000 5.099020 5.385165
1.000000 2.000000 2.236068
1.000000 7.071068 7.280110
1.000000 5.656854 5.830952
1.000000 7.071068 7.211103
1.000000 7.071068 7.211103
0.000000 -5.099020 inf
0.000000 -1.000000 1.000000
0.000000 -4.123106 -2.236068
0.000000 -4.123106 -2.236068
0.000000 -4.000000 -3.000000
0.000000 -3.605551 -2.828427
0.000000 -2.828427 -2.236068
0.000000 -4.472136 -4.000000
0.000000 -3.605551 -3.162278
0.000000 -3.162278 -2.828427
0.000000 -3.000000 -2.828427
0.000000 -3.162278 -3.000000
0.000000 -3.162278 -3.000000
0.000000 -3.162278 -3.000000
0.000000 -3.162278 -3.000000
0.000000 -3.162278 -3.000000
0.000000 -3.162278 -3.000000
