1.000000 1.131371 11.648176
1.000000 -0.800000 0.800000
1.000000 0.800000 1.131371
1.000000 0.800000 1.131371
1.000000 1.600000 1.788854
1.000000 1.600000 1.788854
1.000000 1.600000 1.788854
1.000000 6.400000 6.449806
0.000000 -3.200000 inf
0.000000 -2.884441 0.800000
0.000000 -0.800000 1.131371
0.000000 -1.788854 -0.800000
0.000000 -1.788854 -0.800000
0.000000 -2.529822 -1.788854
0.000000 -2.262742 -1.600000
0.000000 -2.262742 -1.600000
0.000000 -2.262742 -1.600000
0.000000 -1.788854 -1.131371
0.000000 -1.788854 -1.131371
0.000000 -2.400000 -1.788854
0.000000 -1.600000 -1.131371
0.000000 -1.600000 -1.131371
0.000000 -2.884441 -2.529822
0.000000 -1.788854 -1.600000
0.000000 -1.788854 -1.600000
0.000000 -2.400000 -2.262742
0.000000 -2.529822 -2.400000
