1.000000 3.162278 15.033296
1.000000 -1.000000 1.000000
1.000000 -1.000000 1.000000
1.000000 10.816654 11.401754
1.000000 11.180340 11.661904
1.000000 8.485281 8.944272
1.000000 10.630146 11.045361
1.000000 1.000000 1.414214
1.000000 1.000000 1.414214
1.000000 8.544004 8.944272
1.000000 11.704700 12.083046
1.000000 12.369317 12.649111
1.000000 10.000000 10.198039
1.000000 13.152946 13.341664
1.000000 3.000000 3.162278
1.000000 8.485281 8.602325
1.000000 8.485281 8.602325
1.000000 14.035669 14.142136
1.000000 9.000000 9.055385
1.000000 15.000000 15.033296
0.000000 -2.236068 inf
0.000000 -1.000000 3.000000
0.000000 -1.414214 1.000000
0.000000 -1.000000 1.000000
0.000000 -1.000000 1.000000
0.000000 -1.000000 1.000000
0.000000 -2.000000 -1.000000
0.000000 -2.000000 -1.000000
0.000000 -2.000000 -1.000000
0.000000 -2.000000 -1.000000
0.000000 -2.236068 -1.414214
0.000000 -2.000000 -1.414214
0.000000 -2.000000 -1.414214
0.000000 -2.000000 -1.414214
0.000000 -2.000000 -1.414214
0.000000 -2.000000 -1.414214
0.000000 -2.000000 -1.414214
0.000000 -1.414214 -1.000000
