1.000000 -3.162278 2.000000
1.000000 -1.000000 4.000000
1.000000 -3.000000 2.000000
1.000000 -3.162278 1.000000
1.000000 -2.236068 1.000000
1.000000 -2.000000 1.000000
1.000000 -1.000000 1.414214
1.000000 -1.000000 1.000000
1.000000 -1.000000 1.000000
1.000000 1.000000 2.000000
1.000000 1.414214 2.000000
1.000000 1.000000 1.414214
1.000000 1.000000 1.414214
1.000000 1.000000 1.414214
1.000000 1.000000 1.414214
1.000000 1.000000 1.414214
1.000000 1.000000 1.414214
1.000000 2.000000 2.236068
1.000000 2.000000 2.236068
0.000000 -7.615773 inf
0.000000 -4.123106 1.000000
0.000000 -1.000000 1.000000
0.000000 -1.000000 1.000000
0.000000 -5.000000 -3.162278
0.000000 -5.385165 -3.605551
0.000000 -5.000000 -3.605551
0.000000 -6.708204 -5.385165
0.000000 -2.236068 -1.414214
0.000000 -4.123106 -3.605551
0.000000 -4.472136 -4.000000
0.000000 -1.414214 -1.000000
0.000000 -1.414214 -1.000000
0.000000 -1.414214 -1.000000
0.000000 -1.414214 -1.000000
0.000000 -4.472136 -4.123106
0.000000 -2.236068 -2.000000
0.000000 -5.830952 -5.656854
0.000000 -3.162278 -3.000000
0.000000 -4.123106 -4.000000
0.000000 -4.123106 -4.000000
0.000000 -4.123106 -4.000000
