1.000000 -1.414214 2.236068
1.000000 -1.000000 1.000000
1.000000 -1.000000 1.000000
1.000000 -1.000000 1.000000
1.000000 -1.000000 1.000000
1.000000 2.000000 3.162278
1.000000 1.414214 2.236068
1.000000 1.414214 2.000000
1.000000 1.000000 1.414214
1.000000 1.000000 1.414214
1.000000 1.000000 1.414214
1.000000 1.000000 1.414214
1.000000 1.000000 1.414214
1.000000 1.000000 1.414214
1.000000 6.324555 6.708204
1.000000 2.000000 2.236068
1.000000 2.000000 2.236068
1.000000 2.000000 2.236068
1.000000 2.000000 2.236068
1.000000 7.071068 7.211103
0.000000 -5.000000 inf
0.000000 -4.000000 -2.000000
0.000000 -4.000000 -2.000000
0.000000 -1.000000 1.000000
0.000000 -1.000000 1.000000
0.000000 -3.605551 -2.000000
0.000000 -2.000000 -1.000000
0.000000 -2.828427 -2.000000
0.000000 -2.236068 -1.414214
0.000000 -2.828427 -2.236068
0.000000 -1.414214 -1.000000
0.000000 -1.414214 -1.000000
0.000000 -1.414214 -1.000000
0.000000 -2.236068 -2.000000
0.000000 -2.236068 -2.000000
0.000000 -2.236068 -2.000000
0.000000 -2.236068 -2.000000
