1.000000 21.920310 22.203603
1.000000 21.931712 22.203603
1.000000 22.051077 22.276669
1.000000 22.051077 22.276669
1.000000 22.594247 22.803509
1.000000 22.610838 22.808989
1.000000 22.410935 22.588714
1.000000 22.847319 23.021729
1.000000 21.931712 22.102036
1.000000 3.640055 3.807887
1.000000 3.640055 3.807887
1.000000 23.563743 23.717082
1.000000 21.965883 22.102036
1.000000 24.253866 24.377243
1.000000 23.926972 24.041631
1.000000 24.909837 25.005000
1.000000 22.209232 22.299103
1.000000 22.500000 22.588714
1.000000 23.323808 23.409400
1.000000 3.535534 3.605551
1.000000 22.209232 22.276669
1.000000 26.172505 26.234519
1.000000 21.965883 22.022716
1.000000 22.847319 22.901965
1.000000 22.343903 22.388613
1.000000 23.119256 23.162470
1.000000 23.900837 23.942640
1.000000 25.773048 25.811819
1.000000 26.580068 26.617663
1.000000 25.317978 25.347584
1.000000 27.041635 27.060118
1.000000 23.706539 23.717082
1.000000 28.500000 28.504386
0.000000 -1.000000 inf
0.000000 -0.707107 21.920310
0.000000 -0.500000 3.535534
0.000000 -0.500000 0.500000
0.000000 -1.000000 -0.500000
0.000000 -1.000000 -0.707107
0.000000 -0.707107 -0.500000
