1.000000 0.500000 5.385165
1.000000 1.581139 4.272002
1.000000 2.000000 4.031129
1.000000 -0.500000 1.000000
1.000000 -0.500000 0.500000
1.000000 2.000000 2.692582
1.000000 1.414214 2.000000
1.000000 3.041381 3.500000
1.000000 1.414214 1.802776
1.000000 1.118034 1.414214
1.000000 0.707107 1.000000
1.000000 0.707107 1.000000
1.000000 0.707107 1.000000
1.000000 3.354102 3.640055
1.000000 4.031129 4.301163
1.000000 1.581139 1.802776
1.000000 0.500000 0.707107
1.000000 0.500000 0.707107
1.000000 0.500000 0.707107
1.000000 4.949747 5.147815
1.000000 4.743416 4.924429
1.000000 2.061553 2.236068
1.000000 5.147815 5.315073
1.000000 6.800735 6.964194
1.000000 4.123106 4.272002
1.000000 2.549510 2.692582
1.000000 3.905125 4.031129
1.000000 3.041381 3.162278
1.000000 1.000000 1.118034
1.000000 1.000000 1.118034
1.000000 3.535534 3.640055
1.000000 3.807887 3.905125
1.000000 3.905125 4.000000
1.000000 7.071068 7.158911
1.000000 1.500000 1.581139
1.000000 1.500000 1.581139
1.000000 4.500000 4.527693
0.000000 -3.162278 inf
0.000000 -1.000000 6.082763
0.000000 -2.500000 -0.500000
0.000000 -0.500000 1.118034
0.000000 -2.121320 -0.707107
0.000000 -2.121320 -1.000000
0.000000 -2.000000 -1.118034
0.000000 -2.000000 -1.118034
0.000000 -2.121320 -1.414214
0.000000 -1.000000 -0.500000
0.000000 -1.000000 -0.500000
0.000000 -2.000000 -1.500000
0.000000 -2.061553 -1.581139
0.000000 -1.414214 -1.000000
0.000000 -1.414214 -1.000000
0.000000 -1.118034 -0.707107
0.000000 -1.118034 -0.707107
0.000000 -1.802776 -1.414214
0.000000 -1.500000 -1.118034
0.000000 -1.802776 -1.500000
0.000000 -1.414214 -1.118034
0.000000 -1.000000 -0.707107
0.000000 -1.000000 -0.707107
0.000000 -1.000000 -0.707107
0.000000 -1.000000 -0.707107
0.000000 -2.061553 -1.802776
0.000000 -1.802776 -1.581139
0.000000 -1.802776 -1.581139
0.000000 -1.802776 -1.581139
0.000000 -0.707107 -0.500000
0.000000 -3.162278 -3.041381
0.000000 -1.118034 -1.000000
0.000000 -1.118034 -1.000000
0.000000 -1.118034 -1.000000
0.000000 -1.500000 -1.414214
