1.000000 -1.802776 0.500000
1.000000 -0.707107 0.707107
1.000000 -0.707107 0.500000
1.000000 0.500000 0.707107
1.000000 0.500000 0.707107
1.000000 0.500000 0.707107
1.000000 0.500000 0.707107
1.000000 5.700877 5.852350
1.000000 2.549510 2.692582
1.000000 1.500000 1.581139
1.000000 6.020797 6.082763
0.000000 -7.280110 inf
0.000000 -1.000000 1.500000
0.000000 -0.707107 1.118034
0.000000 -2.236068 -1.000000
0.000000 -2.236068 -1.802776
0.000000 -1.414214 -1.118034
0.000000 -1.000000 -0.707107
0.000000 -1.000000 -0.707107
0.000000 -1.000000 -0.707107
0.000000 -3.605551 -3.354102
0.000000 -7.158911 -6.946222
0.000000 -1.118034 -1.000000
0.000000 -2.236068 -2.121320
0.000000 -2.236068 -2.121320
0.000000 -6.670832 -6.576473
0.000000 -3.605551 -3.535534
0.000000 -3.041381 -3.000000
0.000000 -6.403124 -6.363961
0.000000 -7.106335 -7.071068
0.000000 -7.106335 -7.071068
