1.000000 1.802776 6.708204
1.000000 8.845903 13.124405
1.000000 -1.000000 0.707107
1.000000 -0.500000 1.000000
1.000000 -0.500000 0.707107
1.000000 -0.500000 0.500000
1.000000 4.242641 4.924429
1.000000 1.000000 1.414214
1.000000 0.707107 1.118034
1.000000 1.414214 1.802776
1.000000 1.414214 1.802776
1.000000 2.500000 2.828427
1.000000 5.700877 6.020797
1.000000 4.301163 4.609772
1.000000 4.301163 4.609772
1.000000 6.103278 6.403124
1.000000 1.118034 1.414214
1.000000 0.707107 1.000000
1.000000 3.354102 3.605551
1.000000 4.472136 4.716991
1.000000 6.041523 6.264982
1.000000 1.581139 1.802776
1.000000 1.581139 1.802776
1.000000 5.830952 6.020797
1.000000 3.640055 3.807887
1.000000 3.640055 3.807887
1.000000 6.363961 6.519202
1.000000 6.264982 6.403124
1.000000 4.472136 4.609772
1.000000 2.692582 2.828427
1.000000 2.692582 2.828427
1.000000 2.915476 3.041381
1.000000 3.041381 3.162278
1.000000 1.000000 1.118034
1.000000 1.000000 1.118034
1.000000 1.000000 1.118034
1.000000 1.000000 1.118034
1.000000 1.000000 1.118034
1.000000 1.000000 1.118034
1.000000 9.848858 9.962429
1.000000 10.198039 10.307764
1.000000 4.031129 4.123106
1.000000 2.828427 2.915476
1.000000 6.020797 6.103278
1.000000 1.500000 1.581139
1.000000 1.500000 1.581139
1.000000 1.500000 1.581139
1.000000 2.061553 2.121320
1.000000 2.061553 2.121320
1.000000 3.162278 3.201562
1.000000 6.363961 6.403124
1.000000 9.617692 9.656604
1.000000 11.067972 11.101802
1.000000 11.510864 11.543396
1.000000 6.000000 6.020797
0.000000 -3.807887 inf
0.000000 -1.581139 4.000000
0.000000 -3.000000 2.500000
0.000000 -3.162278 0.500000
0.000000 -1.500000 1.581139
0.000000 -2.828427 -1.000000
0.000000 -1.118034 0.707107
0.000000 -1.000000 0.707107
0.000000 -0.500000 1.118034
0.000000 -1.000000 0.500000
0.000000 -0.500000 1.000000
0.000000 -0.500000 0.500000
0.000000 -0.500000 0.500000
0.000000 -1.414214 -0.500000
0.000000 -2.692582 -1.802776
0.000000 -2.236068 -1.581139
0.000000 -2.000000 -1.414214
0.000000 -1.000000 -0.500000
0.000000 -1.000000 -0.500000
0.000000 -1.500000 -1.000000
0.000000 -1.581139 -1.118034
0.000000 -1.581139 -1.118034
0.000000 -2.000000 -1.581139
0.000000 -1.414214 -1.118034
0.000000 -1.414214 -1.118034
0.000000 -1.414214 -1.118034
0.000000 -1.414214 -1.118034
0.000000 -1.414214 -1.118034
0.000000 -1.414214 -1.118034
0.000000 -1.000000 -0.707107
0.000000 -1.000000 -0.707107
0.000000 -1.000000 -0.707107
0.000000 -1.000000 -0.707107
0.000000 -2.500000 -2.236068
0.000000 -2.061553 -1.802776
0.000000 -2.061553 -1.802776
0.000000 -2.915476 -2.692582
0.000000 -2.000000 -1.802776
0.000000 -2.236068 -2.061553
0.000000 -1.581139 -1.414214
0.000000 -2.692582 -2.549510
0.000000 -1.118034 -1.000000
0.000000 -2.236068 -2.121320
0.000000 -1.581139 -1.500000
0.000000 -1.581139 -1.500000
0.000000 -1.581139 -1.500000
0.000000 -1.581139 -1.500000
0.000000 -2.061553 -2.000000
