1.000000 0.500000 8.500000
1.000000 -0.707107 0.500000
1.000000 2.000000 2.236068
1.000000 2.061553 2.236068
1.000000 8.015610 8.077747
0.000000 -3.640055 inf
0.000000 -2.500000 -1.118034
0.000000 -2.500000 -1.500000
0.000000 -2.236068 -1.500000
0.000000 -2.236068 -1.500000
0.000000 -2.500000 -2.000000
0.000000 -1.581139 -1.118034
0.000000 -2.000000 -1.581139
0.000000 -2.000000 -1.581139
0.000000 -1.000000 -0.707107
0.000000 -2.500000 -2.236068
0.000000 -2.000000 -1.802776
0.000000 -2.000000 -1.802776
0.000000 -3.500000 -3.354102
0.000000 -2.121320 -2.000000
0.000000 -1.118034 -1.000000
0.000000 -2.236068 -2.121320
0.000000 -1.500000 -1.414214
0.000000 -1.581139 -1.500000
0.000000 -2.061553 -2.000000
0.000000 -2.061553 -2.000000
