1.000000 -1.000000 1.000000
1.000000 -1.000000 1.000000
1.000000 -1.000000 1.000000
1.000000 -1.000000 1.000000
1.000000 -1.000000 1.000000
1.000000 -1.000000 1.000000
1.000000 -1.000000 1.000000
1.000000 1.414214 2.828427
1.000000 1.000000 2.236068
1.000000 4.000000 5.000000
1.000000 14.212670 14.866069
1.000000 14.212670 14.866069
1.000000 2.236068 2.828427
1.000000 1.414214 2.000000
1.000000 14.422205 14.866069
1.000000 1.000000 1.414214
1.000000 1.000000 1.414214
1.000000 1.000000 1.414214
1.000000 10.816654 11.180340
1.000000 4.123106 4.472136
1.000000 11.313708 11.661904
1.000000 11.704700 12.041595
1.000000 2.000000 2.236068
1.000000 11.180340 11.401754
1.000000 3.000000 3.162278
1.000000 3.000000 3.162278
1.000000 4.000000 4.123106
1.000000 4.000000 4.123106
1.000000 4.000000 4.123106
1.000000 13.038405 13.152946
1.000000 14.764823 14.866069
1.000000 11.313708 11.401754
0.000000 -2.236068 inf
0.000000 -2.000000 10.770330
0.000000 -1.000000 4.000000
0.000000 -1.000000 3.605551
0.000000 -1.414214 2.236068
0.000000 -1.414214 1.000000
0.000000 -1.000000 1.000000
0.000000 -1.000000 1.000000
0.000000 -1.000000 1.000000
0.000000 -1.000000 1.000000
0.000000 -1.414214 -1.000000
0.000000 -1.414214 -1.000000
0.000000 -1.414214 -1.000000
0.000000 -1.414214 -1.000000
0.000000 -1.414214 -1.000000
