1.000000 1.000000 9.013878
1.000000 0.500000 2.692582
1.000000 1.414214 3.500000
1.000000 0.707107 2.500000
1.000000 -1.000000 0.500000
1.000000 -0.707107 0.500000
1.000000 -0.707107 0.500000
1.000000 -0.707107 0.500000
1.000000 5.000000 6.000000
1.000000 1.000000 2.000000
1.000000 -0.500000 0.500000
1.000000 1.000000 1.802776
1.000000 1.000000 1.802776
1.000000 0.500000 1.118034
1.000000 1.000000 1.581139
1.000000 0.500000 1.000000
1.000000 0.500000 1.000000
1.000000 3.605551 4.031129
1.000000 0.707107 1.118034
1.000000 0.707107 1.118034
1.000000 1.118034 1.500000
1.000000 1.118034 1.500000
1.000000 2.121320 2.500000
1.000000 1.500000 1.802776
1.000000 1.118034 1.414214
1.000000 1.118034 1.414214
1.000000 1.118034 1.414214
1.000000 1.118034 1.414214
1.000000 1.118034 1.414214
1.000000 0.707107 1.000000
1.000000 0.707107 1.000000
1.000000 0.707107 1.000000
1.000000 2.236068 2.500000
1.000000 2.236068 2.500000
1.000000 1.802776 2.061553
1.000000 1.581139 1.802776
1.000000 0.500000 0.707107
1.000000 0.500000 0.707107
1.000000 0.500000 0.707107
1.000000 0.500000 0.707107
1.000000 0.500000 0.707107
1.000000 0.500000 0.707107
1.000000 0.500000 0.707107
1.000000 0.500000 0.707107
1.000000 0.500000 0.707107
1.000000 0.500000 0.707107
1.000000 0.500000 0.707107
1.000000 3.605551 3.807887
1.000000 1.802776 2.000000
1.000000 3.640055 3.807887
1.000000 1.414214 1.581139
1.000000 5.220153 5.385165
1.000000 2.549510 2.692582
1.000000 2.549510 2.692582
1.000000 2.549510 2.692582
1.000000 1.000000 1.118034
1.000000 1.000000 1.118034
1.000000 1.000000 1.118034
1.000000 1.000000 1.118034
1.000000 1.000000 1.118034
1.000000 1.000000 1.118034
1.000000 1.000000 1.118034
1.000000 1.000000 1.118034
1.000000 1.000000 1.118034
1.000000 1.000000 1.118034
1.000000 1.000000 1.118034
1.000000 1.000000 1.118034
1.000000 2.121320 2.236068
1.000000 2.121320 2.236068
1.000000 5.000000 5.099020
1.000000 3.807887 3.905125
1.000000 1.500000 1.581139
1.000000 1.500000 1.581139
1.000000 1.500000 1.581139
1.000000 1.500000 1.581139
1.000000 1.500000 1.581139
1.000000 1.500000 1.581139
1.000000 1.500000 1.581139
1.000000 1.500000 1.581139
1.000000 1.500000 1.581139
1.000000 5.522681 5.590170
1.000000 2.000000 2.061553
1.000000 2.000000 2.061553
1.000000 2.000000 2.061553
1.000000 3.000000 3.041381
1.000000 3.000000 3.041381
0.000000 -4.924429 inf
0.000000 -4.743416 -1.581139
0.000000 -2.236068 0.707107
0.000000 -4.500000 -2.000000
0.000000 -1.581139 0.707107
0.000000 -1.118034 1.000000
0.000000 -1.500000 0.500000
0.000000 -2.500000 -0.707107
0.000000 -1.000000 0.707107
0.000000 -1.000000 0.500000
0.000000 -1.000000 0.500000
0.000000 -2.500000 -1.000000
0.000000 -2.549510 -1.118034
0.000000 -0.707107 0.707107
0.000000 -0.707107 0.500000
0.000000 -0.707107 0.500000
0.000000 -0.500000 0.500000
0.000000 -0.500000 0.500000
0.000000 -0.500000 0.500000
0.000000 -0.500000 0.500000
0.000000 -2.000000 -1.118034
0.000000 -2.000000 -1.118034
0.000000 -1.414214 -0.707107
0.000000 -1.802776 -1.118034
0.000000 -1.118034 -0.500000
0.000000 -1.581139 -1.000000
0.000000 -1.000000 -0.500000
0.000000 -1.000000 -0.500000
0.000000 -1.000000 -0.500000
0.000000 -1.000000 -0.500000
0.000000 -1.000000 -0.500000
0.000000 -2.500000 -2.000000
0.000000 -2.061553 -1.581139
0.000000 -1.414214 -1.000000
0.000000 -1.414214 -1.000000
0.000000 -1.802776 -1.414214
0.000000 -1.500000 -1.118034
0.000000 -1.802776 -1.500000
0.000000 -1.802776 -1.500000
0.000000 -1.414214 -1.118034
0.000000 -1.414214 -1.118034
0.000000 -1.000000 -0.707107
0.000000 -1.000000 -0.707107
0.000000 -1.000000 -0.707107
0.000000 -2.500000 -2.236068
0.000000 -0.707107 -0.500000
0.000000 -0.707107 -0.500000
0.000000 -2.000000 -1.802776
0.000000 -1.581139 -1.414214
0.000000 -2.121320 -2.000000
0.000000 -1.118034 -1.000000
0.000000 -2.236068 -2.121320
0.000000 -1.500000 -1.414214
0.000000 -2.061553 -2.000000
0.000000 -2.061553 -2.000000
0.000000 -2.061553 -2.000000
0.000000 -4.527693 -4.500000
