1.000000 1.000000 5.590170
1.000000 1.581139 3.905125
1.000000 3.201562 5.099020
1.000000 2.236068 4.031129
1.000000 -1.000000 0.500000
1.000000 -0.500000 1.000000
1.000000 1.581139 3.041381
1.000000 1.802776 3.162278
1.000000 1.414214 2.692582
1.000000 -0.707107 0.500000
1.000000 -0.500000 0.707107
1.000000 1.118034 2.236068
1.000000 1.581139 2.692582
1.000000 3.640055 4.743416
1.000000 1.414214 2.500000
1.000000 1.000000 2.000000
1.000000 -0.500000 0.500000
1.000000 -0.500000 0.500000
1.000000 -0.500000 0.500000
1.000000 -0.500000 0.500000
1.000000 0.707107 1.414214
1.000000 0.500000 1.118034
1.000000 0.500000 1.118034
1.000000 1.414214 2.000000
1.000000 1.000000 1.581139
1.000000 2.000000 2.549510
1.000000 4.500000 5.024938
1.000000 0.500000 1.000000
1.000000 0.500000 1.000000
1.000000 2.000000 2.500000
1.000000 3.535534 4.000000
1.000000 2.061553 2.500000
1.000000 1.802776 2.236068
1.000000 1.581139 2.000000
1.000000 0.707107 1.118034
1.000000 0.707107 1.118034
1.000000 0.707107 1.118034
1.000000 3.640055 4.031129
1.000000 1.414214 1.802776
1.000000 1.118034 1.500000
1.000000 1.118034 1.500000
1.000000 4.609772 4.949747
1.000000 3.905125 4.242641
1.000000 3.905125 4.242641
1.000000 3.201562 3.535534
1.000000 2.500000 2.828427
1.000000 2.500000 2.828427
1.000000 4.301163 4.609772
1.000000 1.500000 1.802776
1.000000 1.500000 1.802776
1.000000 3.605551 3.905125
1.000000 1.118034 1.414214
1.000000 1.118034 1.414214
1.000000 1.118034 1.414214
1.000000 1.118034 1.414214
1.000000 1.118034 1.414214
1.000000 1.118034 1.414214
1.000000 0.707107 1.000000
1.000000 0.707107 1.000000
1.000000 0.707107 1.000000
1.000000 0.707107 1.000000
1.000000 0.707107 1.000000
1.000000 0.707107 1.000000
1.000000 0.707107 1.000000
1.000000 4.031129 4.301163
1.000000 2.236068 2.500000
1.000000 2.236068 2.500000
1.000000 2.236068 2.500000
1.000000 2.236068 2.500000
1.000000 3.354102 3.605551
1.000000 3.354102 3.605551
1.000000 4.031129 4.272002
1.000000 2.000000 2.236068
1.000000 4.716991 4.949747
1.000000 4.716991 4.949747
1.000000 2.692582 2.915476
1.000000 2.692582 2.915476
1.000000 1.581139 1.802776
1.000000 1.581139 1.802776
1.000000 1.581139 1.802776
1.000000 1.581139 1.802776
1.000000 1.581139 1.802776
1.000000 1.581139 1.802776
1.000000 1.581139 1.802776
1.000000 1.581139 1.802776
1.000000 4.031129 4.242641
1.000000 4.031129 4.242641
1.000000 0.500000 0.707107
1.000000 0.500000 0.707107
1.000000 0.500000 0.707107
1.000000 0.500000 0.707107
1.000000 3.605551 3.807887
1.000000 2.500000 2.692582
1.000000 2.500000 2.692582
1.000000 3.354102 3.535534
1.000000 4.743416 4.924429
1.000000 2.061553 2.236068
1.000000 2.061553 2.236068
1.000000 2.828427 3.000000
1.000000 3.640055 3.807887
1.000000 3.640055 3.807887
1.000000 3.640055 3.807887
1.000000 3.640055 3.807887
1.000000 1.414214 1.581139
1.000000 3.201562 3.354102
1.000000 3.201562 3.354102
1.000000 3.354102 3.500000
1.000000 2.549510 2.692582
1.000000 4.472136 4.609772
1.000000 2.692582 2.828427
1.000000 2.692582 2.828427
1.000000 2.692582 2.828427
1.000000 2.915476 3.041381
1.000000 3.041381 3.162278
1.000000 1.000000 1.118034
1.000000 1.000000 1.118034
1.000000 1.000000 1.118034
1.000000 1.000000 1.118034
1.000000 1.000000 1.118034
1.000000 1.000000 1.118034
1.000000 1.000000 1.118034
1.000000 1.000000 1.118034
1.000000 1.000000 1.118034
1.000000 1.000000 1.118034
1.000000 1.000000 1.118034
1.000000 1.000000 1.118034
1.000000 1.000000 1.118034
1.000000 1.000000 1.118034
1.000000 1.000000 1.118034
1.000000 1.000000 1.118034
1.000000 1.000000 1.118034
1.000000 1.000000 1.118034
1.000000 1.000000 1.118034
1.000000 2.121320 2.236068
1.000000 2.121320 2.236068
1.000000 2.121320 2.236068
1.000000 4.500000 4.609772
1.000000 4.609772 4.716991
1.000000 3.807887 3.905125
1.000000 3.807887 3.905125
1.000000 4.031129 4.123106
1.000000 4.031129 4.123106
1.000000 2.828427 2.915476
1.000000 2.828427 2.915476
1.000000 2.828427 2.915476
1.000000 1.414214 1.500000
1.000000 4.527693 4.609772
1.000000 4.527693 4.609772
1.000000 1.500000 1.581139
1.000000 1.500000 1.581139
1.000000 1.500000 1.581139
1.000000 1.500000 1.581139
1.000000 1.500000 1.581139
1.000000 1.500000 1.581139
1.000000 1.500000 1.581139
1.000000 1.500000 1.581139
1.000000 1.500000 1.581139
1.000000 1.500000 1.581139
1.000000 4.924429 5.000000
1.000000 3.535534 3.605551
1.000000 2.000000 2.061553
1.000000 2.061553 2.121320
1.000000 2.061553 2.121320
1.000000 2.061553 2.121320
1.000000 2.061553 2.121320
1.000000 2.061553 2.121320
1.000000 2.061553 2.121320
1.000000 2.500000 2.549510
1.000000 2.500000 2.549510
1.000000 2.500000 2.549510
1.000000 2.500000 2.549510
1.000000 3.000000 3.041381
1.000000 3.000000 3.041381
1.000000 3.000000 3.041381
1.000000 4.000000 4.031129
1.000000 4.500000 4.527693
1.000000 4.500000 4.527693
0.000000 -2.236068 inf
0.000000 -1.802776 1.000000
0.000000 -1.802776 1.000000
0.000000 -1.414214 1.118034
0.000000 -1.000000 1.500000
0.000000 -1.802776 0.500000
0.000000 -0.500000 1.802776
0.000000 -1.500000 0.707107
0.000000 -1.000000 1.000000
0.000000 -0.500000 1.500000
0.000000 -0.500000 1.500000
0.000000 -1.500000 0.500000
0.000000 -1.414214 0.500000
0.000000 -1.414214 0.500000
0.000000 -1.000000 0.707107
0.000000 -1.118034 0.500000
0.000000 -1.118034 0.500000
0.000000 -1.118034 0.500000
0.000000 -0.500000 1.118034
0.000000 -1.118034 0.500000
0.000000 -0.500000 1.118034
0.000000 -1.000000 0.500000
0.000000 -1.000000 0.500000
0.000000 -1.000000 0.500000
0.000000 -0.500000 1.000000
0.000000 -0.500000 1.000000
0.000000 -0.500000 1.000000
0.000000 -1.000000 0.500000
0.000000 -0.707107 0.707107
0.000000 -0.707107 0.500000
0.000000 -0.500000 0.707107
0.000000 -0.707107 0.500000
0.000000 -0.707107 0.500000
0.000000 -0.707107 0.500000
0.000000 -1.581139 -0.500000
0.000000 -0.500000 0.500000
0.000000 -0.500000 0.500000
0.000000 -0.500000 0.500000
0.000000 -0.500000 0.500000
0.000000 -0.500000 0.500000
0.000000 -0.500000 0.500000
0.000000 -1.414214 -0.500000
0.000000 -1.802776 -1.000000
0.000000 -1.118034 -0.500000
0.000000 -1.118034 -0.500000
0.000000 -1.118034 -0.500000
0.000000 -1.118034 -0.500000
0.000000 -1.118034 -0.500000
0.000000 -1.118034 -0.500000
0.000000 -1.118034 -0.500000
0.000000 -1.000000 -0.500000
0.000000 -1.000000 -0.500000
0.000000 -1.000000 -0.500000
0.000000 -1.000000 -0.500000
0.000000 -1.000000 -0.500000
0.000000 -1.000000 -0.500000
0.000000 -1.000000 -0.500000
0.000000 -1.000000 -0.500000
0.000000 -1.000000 -0.500000
0.000000 -1.000000 -0.500000
0.000000 -1.500000 -1.000000
0.000000 -1.000000 -0.500000
0.000000 -1.000000 -0.500000
0.000000 -1.000000 -0.500000
0.000000 -1.118034 -0.707107
0.000000 -1.500000 -1.118034
0.000000 -1.500000 -1.118034
0.000000 -1.802776 -1.500000
0.000000 -1.414214 -1.118034
0.000000 -1.000000 -0.707107
0.000000 -1.000000 -0.707107
0.000000 -1.000000 -0.707107
0.000000 -1.000000 -0.707107
0.000000 -1.000000 -0.707107
0.000000 -1.000000 -0.707107
0.000000 -1.000000 -0.707107
0.000000 -1.000000 -0.707107
0.000000 -1.000000 -0.707107
0.000000 -1.000000 -0.707107
0.000000 -1.000000 -0.707107
0.000000 -1.000000 -0.707107
0.000000 -1.000000 -0.707107
0.000000 -1.000000 -0.707107
0.000000 -1.000000 -0.707107
0.000000 -1.000000 -0.707107
0.000000 -1.000000 -0.707107
0.000000 -1.000000 -0.707107
0.000000 -1.000000 -0.707107
0.000000 -1.000000 -0.707107
0.000000 -1.000000 -0.707107
0.000000 -1.000000 -0.707107
0.000000 -1.802776 -1.581139
0.000000 -0.707107 -0.500000
0.000000 -0.707107 -0.500000
0.000000 -0.707107 -0.500000
0.000000 -0.707107 -0.500000
0.000000 -0.707107 -0.500000
0.000000 -0.707107 -0.500000
0.000000 -0.707107 -0.500000
0.000000 -0.707107 -0.500000
0.000000 -0.707107 -0.500000
0.000000 -0.707107 -0.500000
0.000000 -0.707107 -0.500000
0.000000 -0.707107 -0.500000
0.000000 -0.707107 -0.500000
0.000000 -0.707107 -0.500000
0.000000 -1.118034 -1.000000
0.000000 -1.118034 -1.000000
0.000000 -1.118034 -1.000000
0.000000 -1.118034 -1.000000
0.000000 -1.118034 -1.000000
0.000000 -1.118034 -1.000000
0.000000 -1.118034 -1.000000
0.000000 -1.118034 -1.000000
