1.000000 -1.000000 10.793517
1.000000 -0.707107 0.707107
1.000000 0.500000 1.000000
1.000000 1.802776 2.121320
1.000000 1.118034 1.414214
1.000000 10.062306 10.295630
1.000000 9.617692 9.848858
1.000000 1.581139 1.802776
1.000000 1.581139 1.802776
1.000000 0.500000 0.707107
1.000000 0.500000 0.707107
1.000000 0.500000 0.707107
1.000000 10.124228 10.295630
1.000000 10.440307 10.594810
1.000000 9.848858 10.000000
1.000000 10.000000 10.124228
1.000000 7.648529 7.762087
1.000000 10.000000 10.111874
1.000000 10.307764 10.404326
1.000000 1.500000 1.581139
1.000000 8.062258 8.139410
1.000000 2.000000 2.061553
1.000000 10.688779 10.735455
1.000000 8.500000 8.514693
0.000000 -4.000000 inf
0.000000 -0.707107 1.500000
0.000000 -3.807887 -2.000000
0.000000 -0.707107 1.000000
0.000000 -2.061553 -1.000000
0.000000 -2.061553 -1.000000
0.000000 -2.000000 -1.000000
0.000000 -3.201562 -2.236068
0.000000 -2.121320 -1.414214
0.000000 -3.201562 -2.500000
0.000000 -2.000000 -1.414214
0.000000 -1.500000 -1.000000
0.000000 -1.000000 -0.500000
0.000000 -2.500000 -2.121320
0.000000 -1.802776 -1.500000
0.000000 -1.414214 -1.118034
0.000000 -1.414214 -1.118034
0.000000 -1.414214 -1.118034
0.000000 -1.802776 -1.581139
0.000000 -1.802776 -1.581139
0.000000 -2.692582 -2.500000
0.000000 -2.236068 -2.061553
0.000000 -1.581139 -1.414214
0.000000 -2.692582 -2.549510
0.000000 -2.692582 -2.549510
0.000000 -1.118034 -1.000000
0.000000 -2.236068 -2.121320
0.000000 -2.236068 -2.121320
0.000000 -2.915476 -2.828427
0.000000 -1.500000 -1.414214
0.000000 -1.500000 -1.414214
0.000000 -1.581139 -1.500000
0.000000 -1.581139 -1.500000
0.000000 -1.581139 -1.500000
0.000000 -1.581139 -1.500000
0.000000 -1.581139 -1.500000
0.000000 -1.581139 -1.500000
0.000000 -2.549510 -2.500000
