1.000000 -1.000000 3.162278
1.000000 -2.828427 1.000000
1.000000 -1.000000 1.000000
1.000000 1.414214 2.000000
1.000000 17.204651 17.691806
1.000000 17.029386 17.492856
1.000000 18.973666 19.313208
1.000000 17.204651 17.492856
1.000000 2.000000 2.236068
1.000000 17.464249 17.691806
1.000000 17.804494 18.027756
1.000000 17.492856 17.691806
1.000000 18.601075 18.788294
1.000000 18.439089 18.601075
1.000000 19.646883 19.723083
1.000000 20.024984 20.099751
1.000000 22.022716 22.090722
1.000000 26.019224 26.076810
1.000000 26.019224 26.076810
1.000000 18.357560 18.384776
1.000000 21.189620 21.213203
0.000000 -6.324555 inf
0.000000 -3.605551 17.029386
0.000000 -5.385165 -3.162278
0.000000 -1.000000 1.000000
0.000000 -5.656854 -5.000000
0.000000 -2.000000 -1.414214
0.000000 -4.000000 -3.605551
0.000000 -5.385165 -5.000000
