1.000000 4.123106 11.045361
1.000000 4.242641 7.615773
1.000000 8.062258 10.630146
1.000000 2.000000 4.123106
1.000000 5.000000 5.656854
1.000000 10.000000 10.630146
1.000000 4.472136 5.000000
1.000000 4.472136 5.000000
1.000000 1.000000 1.414214
1.000000 1.000000 1.414214
1.000000 3.605551 4.000000
1.000000 4.123106 4.472136
1.000000 10.295630 10.630146
1.000000 5.385165 5.656854
1.000000 2.000000 2.236068
1.000000 5.000000 5.099020
1.000000 7.000000 7.071068
0.000000 -4.123106 inf
0.000000 -2.236068 3.000000
0.000000 -1.000000 2.828427
0.000000 -2.000000 1.000000
0.000000 -1.414214 1.000000
0.000000 -1.000000 1.000000
0.000000 -1.000000 1.000000
0.000000 -1.000000 1.000000
0.000000 -1.000000 1.000000
0.000000 -3.605551 -2.000000
0.000000 -2.000000 -1.000000
0.000000 -2.000000 -1.000000
0.000000 -3.000000 -2.000000
0.000000 -2.000000 -1.000000
0.000000 -2.828427 -2.000000
0.000000 -2.828427 -2.236068
0.000000 -2.000000 -1.414214
0.000000 -2.000000 -1.414214
0.000000 -2.000000 -1.414214
0.000000 -1.414214 -1.000000
0.000000 -1.414214 -1.000000
0.000000 -1.414214 -1.000000
0.000000 -1.414214 -1.000000
0.000000 -1.414214 -1.000000
0.000000 -1.414214 -1.000000
0.000000 -4.000000 -3.605551
0.000000 -2.236068 -2.000000
