1.000000 0.500000 7.211103
1.000000 0.500000 3.535534
1.000000 -0.500000 0.500000
1.000000 2.000000 2.915476
1.000000 1.414214 1.802776
1.000000 2.692582 3.041381
1.000000 1.802776 2.121320
1.000000 1.118034 1.414214
1.000000 0.707107 1.000000
1.000000 2.915476 3.162278
1.000000 6.576473 6.800735
1.000000 2.692582 2.915476
1.000000 2.692582 2.915476
1.000000 1.581139 1.802776
1.000000 1.581139 1.802776
1.000000 1.581139 1.802776
1.000000 0.500000 0.707107
1.000000 0.500000 0.707107
1.000000 0.500000 0.707107
1.000000 0.500000 0.707107
1.000000 0.500000 0.707107
1.000000 0.500000 0.707107
1.000000 2.500000 2.692582
1.000000 2.500000 2.692582
1.000000 3.162278 3.354102
1.000000 3.162278 3.354102
1.000000 3.354102 3.535534
1.000000 2.061553 2.236068
1.000000 6.800735 6.964194
1.000000 2.121320 2.236068
1.000000 2.121320 2.236068
1.000000 1.414214 1.500000
1.000000 1.500000 1.581139
1.000000 3.535534 3.605551
1.000000 2.000000 2.061553
1.000000 2.000000 2.061553
1.000000 2.500000 2.549510
1.000000 3.500000 3.535534
1.000000 4.500000 4.527693
0.000000 -4.272002 inf
0.000000 -2.500000 1.118034
0.000000 -2.000000 1.500000
0.000000 -1.000000 1.802776
0.000000 -3.354102 -1.500000
0.000000 -0.707107 1.000000
0.000000 -1.000000 0.500000
0.000000 -2.000000 -0.500000
0.000000 -3.162278 -2.000000
0.000000 -3.500000 -2.500000
0.000000 -2.236068 -1.414214
0.000000 -3.500000 -2.828427
0.000000 -2.061553 -1.414214
0.000000 -3.041381 -2.500000
0.000000 -2.000000 -1.500000
0.000000 -2.061553 -1.581139
0.000000 -2.500000 -2.061553
0.000000 -2.236068 -1.802776
0.000000 -1.118034 -0.707107
0.000000 -1.000000 -0.707107
0.000000 -2.500000 -2.236068
0.000000 -1.802776 -1.581139
0.000000 -1.802776 -1.581139
0.000000 -2.000000 -1.802776
0.000000 -2.236068 -2.061553
0.000000 -1.581139 -1.414214
0.000000 -2.236068 -2.121320
0.000000 -2.915476 -2.828427
0.000000 -1.581139 -1.500000
0.000000 -2.061553 -2.000000
0.000000 -2.061553 -2.000000
