1.000000 -0.707107 7.000000
1.000000 -3.500000 0.500000
1.000000 -1.118034 1.414214
1.000000 -0.500000 1.581139
1.000000 -1.000000 1.000000
1.000000 -0.500000 0.707107
1.000000 -0.500000 0.500000
1.000000 0.707107 1.500000
1.000000 1.414214 2.061553
1.000000 6.082763 6.500000
1.000000 1.414214 1.802776
1.000000 1.500000 1.802776
1.000000 5.147815 5.385165
1.000000 1.581139 1.802776
1.000000 1.581139 1.802776
1.000000 4.924429 5.099020
1.000000 1.414214 1.581139
1.000000 5.220153 5.385165
1.000000 1.000000 1.118034
1.000000 5.315073 5.408327
1.000000 5.590170 5.656854
1.000000 4.716991 4.743416
0.000000 -8.139410 inf
0.000000 -5.385165 -1.000000
0.000000 -2.549510 -1.000000
0.000000 -2.500000 -1.414214
0.000000 -0.500000 0.500000
0.000000 -2.000000 -1.000000
0.000000 -4.472136 -3.500000
0.000000 -5.220153 -4.472136
0.000000 -2.000000 -1.414214
0.000000 -2.000000 -1.581139
0.000000 -2.121320 -1.802776
0.000000 -1.414214 -1.118034
0.000000 -1.000000 -0.707107
0.000000 -1.000000 -0.707107
0.000000 -1.000000 -0.707107
0.000000 -1.000000 -0.707107
0.000000 -1.000000 -0.707107
0.000000 -2.061553 -1.802776
0.000000 -4.527693 -4.272002
0.000000 -5.385165 -5.147815
0.000000 -4.472136 -4.301163
0.000000 -1.581139 -1.414214
0.000000 -1.118034 -1.000000
0.000000 -1.118034 -1.000000
0.000000 -1.118034 -1.000000
0.000000 -4.716991 -4.609772
0.000000 -5.099020 -5.024938
0.000000 -2.061553 -2.000000
0.000000 -5.000000 -4.949747
0.000000 -4.031129 -4.000000
0.000000 -4.527693 -4.500000
0.000000 -4.527693 -4.500000
0.000000 -5.522681 -5.500000
