1.000000 1.581139 2.061553
1.000000 1.802776 2.061553
1.000000 1.581139 1.802776
1.000000 1.581139 1.802776
1.000000 1.802776 2.000000
1.000000 1.000000 1.118034
1.000000 1.000000 1.118034
1.000000 1.414214 1.500000
1.000000 2.000000 2.061553
0.000000 -6.264982 inf
0.000000 -5.590170 -2.236068
0.000000 -0.500000 0.500000
0.000000 -6.264982 -5.385165
0.000000 -6.264982 -6.041523
0.000000 -5.590170 -5.385165
0.000000 -4.609772 -4.500000
0.000000 -5.590170 -5.500000
0.000000 -6.264982 -6.184658
0.000000 -4.527693 -4.500000
