1.000000 0.800000 11.142711
1.000000 -1.131371 0.800000
1.000000 -0.800000 0.800000
1.000000 -0.800000 0.800000
1.000000 -0.800000 0.800000
1.000000 0.800000 1.600000
1.000000 1.600000 2.262742
1.000000 1.788854 2.262742
1.000000 1.131371 1.600000
1.000000 1.131371 1.600000
1.000000 0.800000 1.131371
1.000000 0.800000 1.131371
1.000000 0.800000 1.131371
1.000000 2.884441 3.200000
1.000000 7.879086 8.158431
1.000000 3.298485 3.577709
1.000000 9.050967 9.329523
1.000000 8.158431 8.352245
1.000000 1.600000 1.788854
1.000000 1.600000 1.788854
1.000000 10.400000 10.522357
1.000000 3.298485 3.394113
1.000000 9.050967 9.121403
1.000000 9.050967 9.121403
1.000000 6.400000 6.449806
1.000000 8.800000 8.836289
0.000000 -4.664762 inf
0.000000 -1.131371 1.600000
0.000000 -2.884441 -0.800000
0.000000 -0.800000 0.800000
0.000000 -0.800000 0.800000
0.000000 -0.800000 0.800000
0.000000 -2.400000 -0.800000
0.000000 -2.400000 -1.131371
0.000000 -2.262742 -1.131371
0.000000 -1.788854 -0.800000
0.000000 -1.600000 -0.800000
0.000000 -1.600000 -0.800000
0.000000 -1.600000 -0.800000
0.000000 -1.600000 -0.800000
0.000000 -2.262742 -1.600000
0.000000 -2.262742 -1.600000
0.000000 -2.262742 -1.788854
0.000000 -2.262742 -1.788854
0.000000 -1.600000 -1.131371
0.000000 -1.600000 -1.131371
0.000000 -3.298485 -2.884441
0.000000 -1.131371 -0.800000
0.000000 -4.308132 -4.000000
0.000000 -4.308132 -4.000000
0.000000 -2.529822 -2.262742
0.000000 -1.788854 -1.600000
0.000000 -2.400000 -2.262742
0.000000 -2.529822 -2.400000
0.000000 -2.529822 -2.400000
0.000000 -3.298485 -3.200000
