1.000000 -1.414214 10.816654
1.000000 -1.000000 1.000000
1.000000 4.123106 5.000000
1.000000 2.828427 3.605551
1.000000 2.236068 2.828427
1.000000 3.162278 3.605551
1.000000 2.000000 2.236068
1.000000 3.000000 3.162278
1.000000 4.000000 4.123106
0.000000 -5.385165 inf
0.000000 -4.242641 -1.414214
0.000000 -4.000000 -2.000000
0.000000 -3.000000 -1.414214
0.000000 -3.000000 -2.000000
0.000000 -2.000000 -1.414214
0.000000 -3.605551 -3.162278
0.000000 -3.605551 -3.162278
0.000000 -1.414214 -1.000000
0.000000 -1.414214 -1.000000
0.000000 -1.414214 -1.000000
0.000000 -3.162278 -2.828427
0.000000 -2.236068 -2.000000
0.000000 -2.236068 -2.000000
0.000000 -2.236068 -2.000000
0.000000 -2.236068 -2.000000
