1.000000 2.262742 8.504117
1.000000 -1.788854 0.800000
1.000000 -1.600000 0.800000
1.000000 -1.600000 0.800000
1.000000 -1.600000 0.800000
1.000000 3.394113 5.366563
1.000000 -0.800000 1.131371
1.000000 -0.800000 1.131371
1.000000 -1.131371 0.800000
1.000000 -0.800000 0.800000
1.000000 -0.800000 0.800000
1.000000 -0.800000 0.800000
1.000000 -0.800000 0.800000
1.000000 -0.800000 0.800000
1.000000 -0.800000 0.800000
1.000000 -0.800000 0.800000
1.000000 -0.800000 0.800000
1.000000 -0.800000 0.800000
1.000000 -0.800000 0.800000
1.000000 -0.800000 0.800000
1.000000 -0.800000 0.800000
1.000000 -0.800000 0.800000
1.000000 -0.800000 0.800000
1.000000 -0.800000 0.800000
1.000000 -0.800000 0.800000
1.000000 -0.800000 0.800000
1.000000 -0.800000 0.800000
1.000000 0.800000 1.788854
1.000000 2.400000 2.884441
1.000000 1.788854 2.262742
1.000000 1.788854 2.262742
1.000000 1.131371 1.600000
1.000000 0.800000 1.131371
1.000000 0.800000 1.131371
1.000000 4.000000 4.308132
1.000000 8.000000 8.236504
1.000000 4.079216 4.308132
1.000000 1.600000 1.788854
1.000000 3.394113 3.577709
1.000000 2.400000 2.529822
1.000000 2.400000 2.529822
1.000000 2.400000 2.529822
1.000000 7.919596 8.000000
1.000000 4.800000 4.866210
0.000000 -3.577709 inf
0.000000 -0.800000 1.788854
0.000000 -0.800000 1.600000
0.000000 -2.884441 -0.800000
0.000000 -1.131371 0.800000
0.000000 -3.394113 -1.788854
0.000000 -3.200000 -1.600000
0.000000 -0.800000 0.800000
0.000000 -0.800000 0.800000
0.000000 -0.800000 0.800000
0.000000 -0.800000 0.800000
0.000000 -2.884441 -1.600000
0.000000 -1.600000 -0.800000
0.000000 -2.400000 -1.600000
0.000000 -3.298485 -2.529822
0.000000 -2.529822 -1.788854
0.000000 -2.400000 -1.788854
0.000000 -2.884441 -2.400000
0.000000 -2.262742 -1.788854
0.000000 -1.600000 -1.131371
0.000000 -1.600000 -1.131371
0.000000 -1.600000 -1.131371
0.000000 -1.600000 -1.131371
0.000000 -1.600000 -1.131371
0.000000 -1.600000 -1.131371
0.000000 -1.600000 -1.131371
0.000000 -1.600000 -1.131371
0.000000 -2.884441 -2.529822
0.000000 -2.529822 -2.262742
0.000000 -1.788854 -1.600000
0.000000 -1.788854 -1.600000
0.000000 -1.788854 -1.600000
0.000000 -1.788854 -1.600000
0.000000 -1.788854 -1.600000
0.000000 -1.788854 -1.600000
