1.000000 -1.000000 7.615773
1.000000 -1.000000 3.000000
1.000000 -1.000000 1.000000
1.000000 -1.000000 1.000000
1.000000 -1.000000 1.000000
1.000000 -1.000000 1.000000
1.000000 2.236068 2.828427
1.000000 6.403124 6.708204
1.000000 5.099020 5.385165
1.000000 5.830952 6.082763
1.000000 2.000000 2.236068
1.000000 2.000000 2.236068
1.000000 6.324555 6.403124
0.000000 -6.082763 inf
0.000000 -1.000000 2.000000
0.000000 -4.242641 -2.236068
0.000000 -1.000000 1.000000
0.000000 -1.000000 1.000000
0.000000 -2.000000 -1.000000
0.000000 -2.828427 -2.000000
0.000000 -3.605551 -3.000000
0.000000 -2.828427 -2.236068
0.000000 -2.000000 -1.414214
0.000000 -2.000000 -1.414214
0.000000 -3.605551 -3.162278
0.000000 -1.414214 -1.000000
0.000000 -1.414214 -1.000000
0.000000 -1.414214 -1.000000
0.000000 -2.236068 -2.000000
0.000000 -2.236068 -2.000000
0.000000 -2.236068 -2.000000
0.000000 -2.236068 -2.000000
0.000000 -5.830952 -5.656854
0.000000 -3.162278 -3.000000
