1.000000 -1.118034 9.340771
1.000000 5.000000 7.000000
1.000000 -0.707107 1.118034
1.000000 -1.000000 0.707107
1.000000 -1.118034 0.500000
1.000000 -1.000000 0.500000
1.000000 -1.000000 0.500000
1.000000 -0.707107 0.707107
1.000000 -0.707107 0.500000
1.000000 -0.707107 0.500000
1.000000 -0.500000 0.500000
1.000000 0.500000 1.118034
1.000000 0.500000 1.000000
1.000000 0.707107 1.118034
1.000000 1.118034 1.414214
1.000000 0.707107 1.000000
1.000000 0.707107 1.000000
1.000000 0.500000 0.707107
1.000000 0.500000 0.707107
1.000000 0.500000 0.707107
1.000000 0.500000 0.707107
1.000000 0.500000 0.707107
1.000000 0.500000 0.707107
1.000000 5.000000 5.147815
1.000000 6.363961 6.500000
1.000000 1.000000 1.118034
1.000000 1.000000 1.118034
1.000000 6.082763 6.184658
1.000000 5.220153 5.315073
1.000000 5.220153 5.315073
1.000000 5.522681 5.590170
1.000000 5.522681 5.590170
1.000000 2.000000 2.061553
1.000000 2.000000 2.061553
1.000000 6.670832 6.726812
1.000000 5.830952 5.852350
1.000000 6.000000 6.020797
1.000000 12.000000 12.010412
0.000000 -5.147815 inf
0.000000 -0.707107 12.000000
0.000000 -1.802776 2.000000
0.000000 -4.609772 -2.236068
0.000000 -0.500000 0.500000
0.000000 -0.500000 0.500000
0.000000 -2.000000 -1.000000
0.000000 -2.500000 -1.500000
0.000000 -2.500000 -1.581139
0.000000 -3.354102 -2.500000
0.000000 -2.500000 -1.802776
0.000000 -1.118034 -0.500000
0.000000 -2.549510 -2.000000
0.000000 -2.500000 -2.000000
0.000000 -2.236068 -1.802776
0.000000 -1.414214 -1.000000
0.000000 -1.414214 -1.000000
0.000000 -1.118034 -0.707107
0.000000 -1.500000 -1.118034
0.000000 -1.000000 -0.707107
0.000000 -1.000000 -0.707107
0.000000 -2.500000 -2.236068
0.000000 -2.236068 -2.000000
0.000000 -0.707107 -0.500000
0.000000 -2.692582 -2.500000
0.000000 -2.236068 -2.061553
0.000000 -2.692582 -2.549510
0.000000 -2.692582 -2.549510
0.000000 -2.692582 -2.549510
0.000000 -1.118034 -1.000000
0.000000 -2.236068 -2.121320
0.000000 -2.236068 -2.121320
0.000000 -3.640055 -3.535534
0.000000 -2.915476 -2.828427
0.000000 -1.581139 -1.500000
0.000000 -5.000000 -4.924429
0.000000 -3.605551 -3.535534
0.000000 -2.061553 -2.000000
0.000000 -2.061553 -2.000000
0.000000 -2.121320 -2.061553
