1.000000 7.615773 9.000000
1.000000 2.828427 3.605551
1.000000 7.615773 8.246211
1.000000 7.615773 8.062258
1.000000 1.000000 1.414214
1.000000 7.810250 8.062258
1.000000 8.246211 8.485281
1.000000 8.062258 8.246211
1.000000 8.062258 8.246211
1.000000 3.000000 3.162278
1.000000 3.000000 3.162278
1.000000 4.000000 4.123106
1.000000 7.000000 7.071068
0.000000 -5.000000 inf
0.000000 -1.000000 7.000000
0.000000 -2.828427 3.000000
0.000000 -1.414214 4.000000
0.000000 -2.000000 2.236068
0.000000 -2.000000 2.000000
0.000000 -2.000000 1.414214
0.000000 -1.414214 1.000000
0.000000 -1.000000 1.000000
0.000000 -2.000000 -1.000000
0.000000 -2.000000 -1.414214
0.000000 -1.414214 -1.000000
0.000000 -1.414214 -1.000000
0.000000 -1.414214 -1.000000
0.000000 -1.414214 -1.000000
