1.000000 6.800735 7.071068
1.000000 6.800735 7.071068
1.000000 6.946222 7.106335
1.000000 6.946222 7.106335
1.000000 7.158911 7.211103
1.000000 7.158911 7.211103
1.000000 5.000000 5.024938
0.000000 -1.802776 inf
0.000000 -1.000000 6.726812
0.000000 -0.707107 5.000000
0.000000 -1.000000 0.707107
0.000000 -0.707107 0.707107
0.000000 -0.707107 0.500000
0.000000 -0.500000 0.707107
0.000000 -0.500000 0.500000
0.000000 -0.707107 -0.500000
0.000000 -0.707107 -0.500000
0.000000 -0.707107 -0.500000
0.000000 -0.707107 -0.500000
