1.000000 -1.000000 7.280110
1.000000 -2.828427 1.000000
1.000000 -1.000000 1.000000
1.000000 1.000000 3.000000
1.000000 -1.000000 1.000000
1.000000 6.403124 7.071068
1.000000 2.236068 2.828427
1.000000 2.236068 2.828427
1.000000 1.000000 1.414214
1.000000 1.000000 1.414214
1.000000 1.000000 1.414214
1.000000 1.000000 1.414214
1.000000 6.708204 7.071068
1.000000 6.708204 7.071068
1.000000 6.082763 6.324555
1.000000 6.324555 6.403124
1.000000 7.000000 7.071068
0.000000 -7.000000 inf
0.000000 -2.000000 1.000000
0.000000 -3.605551 -1.414214
0.000000 -1.000000 1.000000
0.000000 -3.162278 -1.414214
0.000000 -3.000000 -1.414214
0.000000 -3.162278 -2.236068
0.000000 -3.162278 -2.236068
0.000000 -4.000000 -3.162278
0.000000 -4.000000 -3.162278
0.000000 -5.830952 -5.099020
0.000000 -3.605551 -3.000000
0.000000 -2.000000 -1.414214
0.000000 -2.000000 -1.414214
0.000000 -2.000000 -1.414214
0.000000 -5.385165 -5.099020
0.000000 -2.236068 -2.000000
0.000000 -4.472136 -4.242641
0.000000 -6.403124 -6.324555
