1.000000 -3.000000 1.000000
1.000000 5.385165 8.602325
1.000000 6.403124 8.544004
1.000000 -1.000000 1.000000
1.000000 -1.000000 1.000000
1.000000 7.000000 8.000000
1.000000 6.403124 7.211103
1.000000 5.656854 6.403124
1.000000 6.403124 7.071068
1.000000 5.830952 6.403124
1.000000 6.708204 7.211103
1.000000 1.000000 1.414214
1.000000 1.000000 1.414214
1.000000 1.000000 1.414214
1.000000 1.000000 1.414214
1.000000 1.000000 1.414214
1.000000 1.000000 1.414214
1.000000 1.000000 1.414214
1.000000 1.000000 1.414214
1.000000 4.123106 4.472136
1.000000 7.280110 7.615773
1.000000 6.403124 6.708204
1.000000 7.810250 8.062258
1.000000 7.071068 7.280110
1.000000 8.062258 8.246211
1.000000 2.828427 3.000000
1.000000 3.000000 3.162278
1.000000 4.000000 4.123106
1.000000 4.123106 4.242641
1.000000 4.123106 4.242641
1.000000 6.000000 6.082763
1.000000 6.000000 6.082763
1.000000 6.324555 6.403124
1.000000 7.211103 7.280110
1.000000 8.485281 8.544004
1.000000 9.000000 9.055385
0.000000 -5.385165 inf
0.000000 -3.605551 5.099020
0.000000 -2.000000 3.605551
0.000000 -2.236068 3.000000
0.000000 -2.000000 2.236068
0.000000 -2.000000 2.236068
0.000000 -1.000000 2.236068
0.000000 -2.000000 1.000000
0.000000 -1.000000 1.000000
0.000000 -1.000000 1.000000
0.000000 -1.000000 1.000000
0.000000 -1.000000 1.000000
0.000000 -2.828427 -1.000000
0.000000 -4.472136 -3.162278
0.000000 -2.828427 -2.000000
0.000000 -5.000000 -4.242641
0.000000 -2.828427 -2.236068
0.000000 -2.000000 -1.414214
0.000000 -2.000000 -1.414214
0.000000 -2.000000 -1.414214
0.000000 -3.605551 -3.162278
0.000000 -1.414214 -1.000000
0.000000 -1.414214 -1.000000
0.000000 -2.236068 -2.000000
0.000000 -4.472136 -4.242641
0.000000 -3.162278 -3.000000
