1.000000 6.000000 10.547512
1.000000 -1.581139 0.500000
1.000000 -1.000000 0.707107
1.000000 -0.707107 0.707107
1.000000 0.707107 1.581139
1.000000 0.500000 1.118034
1.000000 0.500000 1.000000
1.000000 1.414214 1.802776
1.000000 1.118034 1.414214
1.000000 2.915476 3.162278
1.000000 1.581139 1.802776
1.000000 0.500000 0.707107
1.000000 0.500000 0.707107
1.000000 0.500000 0.707107
1.000000 0.500000 0.707107
1.000000 0.500000 0.707107
1.000000 0.500000 0.707107
1.000000 5.385165 5.590170
1.000000 10.124228 10.307764
1.000000 3.640055 3.807887
1.000000 7.158911 7.280110
1.000000 1.000000 1.118034
1.000000 1.000000 1.118034
1.000000 4.031129 4.123106
1.000000 2.828427 2.915476
1.000000 6.020797 6.082763
1.000000 2.000000 2.061553
1.000000 2.000000 2.061553
1.000000 2.000000 2.061553
1.000000 2.061553 2.121320
1.000000 7.566373 7.615773
1.000000 9.513149 9.552487
1.000000 3.162278 3.201562
1.000000 4.000000 4.031129
1.000000 4.000000 4.031129
1.000000 4.000000 4.031129
1.000000 5.500000 5.522681
1.000000 6.708204 6.726812
1.000000 6.946222 6.964194
1.000000 9.000000 9.013878
1.000000 10.500000 10.511898
0.000000 -6.082763 inf
0.000000 -2.061553 4.500000
0.000000 -0.500000 4.031129
0.000000 -0.500000 3.807887
0.000000 -1.000000 1.802776
0.000000 -5.315073 -2.549510
0.000000 -1.581139 0.707107
0.000000 -0.500000 1.581139
0.000000 -0.500000 1.000000
0.000000 -0.500000 0.500000
0.000000 -1.118034 -0.500000
0.000000 -2.000000 -1.581139
0.000000 -1.118034 -0.707107
0.000000 -1.500000 -1.118034
0.000000 -1.414214 -1.118034
0.000000 -1.000000 -0.707107
0.000000 -1.000000 -0.707107
0.000000 -1.000000 -0.707107
0.000000 -0.707107 -0.500000
0.000000 -0.707107 -0.500000
0.000000 -0.707107 -0.500000
0.000000 -0.707107 -0.500000
0.000000 -2.692582 -2.549510
0.000000 -2.692582 -2.549510
0.000000 -1.118034 -1.000000
0.000000 -1.118034 -1.000000
0.000000 -1.500000 -1.414214
0.000000 -1.500000 -1.414214
0.000000 -2.061553 -2.000000
0.000000 -4.031129 -4.000000
