1.000000 1.118034 13.536986
1.000000 -0.707107 1.802776
1.000000 -0.707107 1.414214
1.000000 -1.118034 0.500000
1.000000 -1.118034 0.500000
1.000000 -0.500000 1.000000
1.000000 -1.000000 0.500000
1.000000 -0.707107 0.500000
1.000000 1.000000 2.000000
1.000000 1.500000 2.000000
1.000000 1.000000 1.414214
1.000000 1.414214 1.802776
1.000000 1.118034 1.500000
1.000000 1.118034 1.500000
1.000000 1.500000 1.802776
1.000000 1.118034 1.414214
1.000000 1.118034 1.414214
1.000000 1.802776 2.061553
1.000000 2.000000 2.236068
1.000000 1.581139 1.802776
1.000000 1.581139 1.802776
1.000000 0.500000 0.707107
1.000000 0.500000 0.707107
1.000000 0.500000 0.707107
1.000000 0.500000 0.707107
1.000000 3.354102 3.535534
1.000000 2.061553 2.236068
1.000000 1.414214 1.581139
1.000000 1.414214 1.581139
1.000000 1.000000 1.118034
1.000000 1.000000 1.118034
1.000000 1.000000 1.118034
1.000000 1.000000 1.118034
1.000000 1.414214 1.500000
1.000000 1.414214 1.500000
1.000000 1.500000 1.581139
1.000000 1.500000 1.581139
1.000000 1.500000 1.581139
1.000000 1.500000 1.581139
1.000000 2.000000 2.061553
1.000000 2.000000 2.061553
1.000000 9.500000 9.552487
0.000000 -5.500000 inf
0.000000 -4.031129 -0.500000
0.000000 -2.692582 0.707107
0.000000 -2.061553 -0.500000
0.000000 -0.500000 1.000000
0.000000 -1.000000 0.500000
0.000000 -1.000000 0.500000
0.000000 -0.500000 0.707107
0.000000 -0.707107 0.500000
0.000000 -2.236068 -1.118034
0.000000 -2.236068 -1.118034
0.000000 -0.500000 0.500000
0.000000 -1.500000 -0.500000
0.000000 -2.000000 -1.000000
0.000000 -1.802776 -1.000000
0.000000 -1.500000 -0.707107
0.000000 -1.118034 -0.500000
0.000000 -3.000000 -2.500000
0.000000 -1.500000 -1.000000
0.000000 -1.802776 -1.500000
0.000000 -1.414214 -1.118034
0.000000 -1.414214 -1.118034
0.000000 -1.414214 -1.118034
0.000000 -1.000000 -0.707107
0.000000 -1.000000 -0.707107
0.000000 -1.802776 -1.581139
0.000000 -0.707107 -0.500000
0.000000 -0.707107 -0.500000
0.000000 -0.707107 -0.500000
0.000000 -1.118034 -1.000000
0.000000 -1.118034 -1.000000
0.000000 -5.099020 -5.000000
0.000000 -1.581139 -1.500000
0.000000 -2.061553 -2.000000
0.000000 -3.041381 -3.000000
0.000000 -3.041381 -3.000000
