1.000000 -1.000000 9.617692
1.000000 -1.000000 0.500000
1.000000 -0.500000 0.500000
1.000000 -0.500000 0.500000
1.000000 0.500000 1.414214
1.000000 0.500000 1.000000
1.000000 3.905125 4.272002
1.000000 3.905125 4.242641
1.000000 1.500000 1.802776
1.000000 1.118034 1.414214
1.000000 0.707107 1.000000
1.000000 0.707107 1.000000
1.000000 2.236068 2.500000
1.000000 1.581139 1.802776
1.000000 4.031129 4.242641
1.000000 4.031129 4.242641
1.000000 0.500000 0.707107
1.000000 3.162278 3.354102
1.000000 4.123106 4.272002
1.000000 10.295630 10.440307
1.000000 1.000000 1.118034
1.000000 1.000000 1.118034
1.000000 1.000000 1.118034
1.000000 1.000000 1.118034
1.000000 1.500000 1.581139
1.000000 2.000000 2.061553
1.000000 10.547512 10.606602
1.000000 9.552487 9.604686
1.000000 3.162278 3.201562
1.000000 3.500000 3.535534
1.000000 4.272002 4.301163
1.000000 8.500000 8.514693
1.000000 11.000000 11.011358
0.000000 -4.301163 inf
0.000000 -0.707107 9.500000
0.000000 -0.500000 2.000000
0.000000 -0.500000 1.500000
0.000000 -0.707107 1.000000
0.000000 -0.500000 1.118034
0.000000 -2.828427 -1.414214
0.000000 -1.802776 -0.500000
0.000000 -2.915476 -2.061553
0.000000 -2.236068 -1.500000
0.000000 -1.581139 -1.118034
0.000000 -2.000000 -1.581139
0.000000 -1.500000 -1.118034
0.000000 -1.500000 -1.118034
0.000000 -1.500000 -1.118034
0.000000 -1.500000 -1.118034
0.000000 -2.500000 -2.121320
0.000000 -2.121320 -1.802776
0.000000 -1.414214 -1.118034
0.000000 -2.500000 -2.236068
0.000000 -2.236068 -2.000000
0.000000 -1.802776 -1.581139
0.000000 -0.707107 -0.500000
0.000000 -2.000000 -1.802776
0.000000 -2.692582 -2.500000
0.000000 -1.581139 -1.414214
0.000000 -2.692582 -2.549510
0.000000 -2.236068 -2.121320
0.000000 -1.581139 -1.500000
0.000000 -1.581139 -1.500000
0.000000 -3.605551 -3.535534
0.000000 -2.061553 -2.000000
0.000000 -2.061553 -2.000000
