1.000000 -1.500000 0.707107
1.000000 -0.707107 1.414214
1.000000 -1.000000 0.707107
1.000000 -1.118034 0.500000
1.000000 -0.500000 0.707107
1.000000 -0.500000 0.707107
1.000000 -0.500000 0.500000
1.000000 0.500000 1.000000
1.000000 0.500000 0.707107
1.000000 0.500000 0.707107
1.000000 0.500000 0.707107
1.000000 0.500000 0.707107
1.000000 0.500000 0.707107
1.000000 0.500000 0.707107
1.000000 0.500000 0.707107
1.000000 4.123106 4.272002
1.000000 2.549510 2.692582
1.000000 3.905125 4.031129
1.000000 1.000000 1.118034
1.000000 1.000000 1.118034
0.000000 -4.609772 inf
0.000000 -0.500000 2.500000
0.000000 -2.236068 -1.118034
0.000000 -0.500000 0.500000
0.000000 -0.500000 0.500000
0.000000 -0.500000 0.500000
0.000000 -4.031129 -3.201562
0.000000 -3.000000 -2.236068
0.000000 -2.061553 -1.500000
0.000000 -1.000000 -0.500000
0.000000 -1.802776 -1.414214
0.000000 -1.000000 -0.707107
0.000000 -2.500000 -2.236068
0.000000 -2.236068 -2.000000
0.000000 -4.500000 -4.272002
0.000000 -0.707107 -0.500000
0.000000 -0.707107 -0.500000
0.000000 -3.807887 -3.605551
0.000000 -3.535534 -3.354102
0.000000 -1.581139 -1.414214
0.000000 -3.354102 -3.201562
0.000000 -2.692582 -2.549510
0.000000 -1.118034 -1.000000
0.000000 -1.581139 -1.500000
0.000000 -1.581139 -1.500000
0.000000 -2.549510 -2.500000
