1.000000 5.408327 9.192388
1.000000 1.118034 3.162278
1.000000 -1.118034 0.500000
1.000000 5.500000 6.264982
1.000000 1.118034 1.414214
1.000000 1.581139 1.802776
1.000000 1.581139 1.802776
1.000000 0.500000 0.707107
1.000000 0.500000 0.707107
1.000000 0.500000 0.707107
1.000000 0.500000 0.707107
1.000000 5.408327 5.590170
1.000000 5.700877 5.852350
1.000000 3.041381 3.162278
1.000000 4.123106 4.242641
1.000000 5.590170 5.700877
1.000000 2.828427 2.915476
1.000000 1.414214 1.500000
1.000000 1.500000 1.581139
1.000000 5.656854 5.700877
1.000000 3.500000 3.535534
1.000000 4.500000 4.527693
1.000000 4.500000 4.527693
1.000000 6.082763 6.103278
1.000000 9.000000 9.013878
0.000000 -3.041381 inf
0.000000 -2.061553 3.535534
0.000000 -0.500000 3.500000
0.000000 -1.581139 1.802776
0.000000 -0.500000 1.581139
0.000000 -1.000000 0.500000
0.000000 -1.802776 -0.500000
0.000000 -2.236068 -1.500000
0.000000 -1.802776 -1.118034
0.000000 -1.802776 -1.118034
0.000000 -1.000000 -0.500000
0.000000 -1.000000 -0.500000
0.000000 -1.500000 -1.000000
0.000000 -1.500000 -1.000000
0.000000 -2.500000 -2.061553
0.000000 -1.414214 -1.118034
0.000000 -1.414214 -1.118034
0.000000 -1.414214 -1.118034
0.000000 -1.414214 -1.118034
0.000000 -1.414214 -1.118034
0.000000 -1.802776 -1.581139
0.000000 -0.707107 -0.500000
0.000000 -0.707107 -0.500000
0.000000 -2.000000 -1.802776
0.000000 -2.000000 -1.802776
0.000000 -1.118034 -1.000000
0.000000 -2.236068 -2.121320
