1.000000 4.000000 11.704700
1.000000 -1.000000 1.000000
1.000000 -1.000000 1.000000
1.000000 -1.000000 1.000000
1.000000 -1.000000 1.000000
1.000000 -1.000000 1.000000
1.000000 2.000000 3.162278
1.000000 9.899495 10.630146
1.000000 5.000000 5.656854
1.000000 5.000000 5.656854
1.000000 1.414214 2.000000
1.000000 11.180340 11.704700
1.000000 1.000000 1.414214
1.000000 1.000000 1.414214
1.000000 9.899495 10.295630
1.000000 6.403124 6.708204
1.000000 10.000000 10.295630
1.000000 5.385165 5.656854
1.000000 10.198039 10.440307
1.000000 2.000000 2.236068
1.000000 2.000000 2.236068
1.000000 2.000000 2.236068
1.000000 2.000000 2.236068
1.000000 10.440307 10.630146
1.000000 10.440307 10.630146
1.000000 11.045361 11.180340
0.000000 -5.099020 inf
0.000000 -3.605551 -1.000000
0.000000 -2.828427 -1.000000
0.000000 -3.000000 -1.414214
0.000000 -2.236068 -1.000000
0.000000 -2.236068 -1.000000
0.000000 -2.236068 -1.000000
0.000000 -3.162278 -2.000000
0.000000 -2.000000 -1.000000
0.000000 -2.000000 -1.000000
0.000000 -2.000000 -1.000000
0.000000 -2.000000 -1.000000
0.000000 -2.828427 -2.000000
0.000000 -2.000000 -1.414214
0.000000 -1.414214 -1.000000
0.000000 -1.414214 -1.000000
0.000000 -1.414214 -1.000000
0.000000 -1.414214 -1.000000
0.000000 -1.414214 -1.000000
0.000000 -1.414214 -1.000000
0.000000 -1.414214 -1.000000
0.000000 -1.414214 -1.000000
0.000000 -3.162278 -2.828427
0.000000 -3.162278 -3.000000
