1.000000 1.987616 7.111111
1.000000 -2.666667 0.888889
1.000000 1.257079 2.514157
1.000000 1.987616 2.810913
1.000000 2.666667 3.204934
1.000000 3.204934 3.555556
1.000000 1.777778 1.987616
1.000000 1.777778 1.987616
1.000000 1.777778 1.987616
1.000000 1.777778 1.987616
1.000000 6.942444 7.111111
1.000000 2.514157 2.666667
1.000000 2.514157 2.666667
1.000000 2.666667 2.810913
1.000000 2.666667 2.810913
1.000000 3.664983 3.771236
0.000000 -6.285394 inf
0.000000 -1.987616 1.257079
0.000000 -5.962848 -3.975232
0.000000 -2.810913 -1.257079
0.000000 -1.987616 -0.888889
0.000000 -1.987616 -1.257079
0.000000 -2.666667 -1.987616
0.000000 -5.028315 -4.444444
0.000000 -2.514157 -1.987616
0.000000 -1.257079 -0.888889
0.000000 -1.257079 -0.888889
0.000000 -6.285394 -5.962848
0.000000 -4.786813 -4.532462
0.000000 -1.987616 -1.777778
