1.000000 -1.414214 8.746428
1.000000 5.830952 7.158911
1.000000 -0.500000 0.707107
1.000000 -0.707107 0.500000
1.000000 0.500000 1.000000
1.000000 1.000000 1.500000
1.000000 5.830952 6.041523
1.000000 4.716991 4.924429
1.000000 0.500000 0.707107
1.000000 0.500000 0.707107
1.000000 5.852350 6.041523
1.000000 5.147815 5.315073
1.000000 5.000000 5.147815
1.000000 6.184658 6.324555
1.000000 8.200610 8.321658
1.000000 1.000000 1.118034
1.000000 1.000000 1.118034
1.000000 6.082763 6.184658
1.000000 6.020797 6.103278
1.000000 1.500000 1.581139
1.000000 4.924429 5.000000
1.000000 6.020797 6.082763
1.000000 6.519202 6.576473
1.000000 4.949747 5.000000
1.000000 8.514693 8.558621
1.000000 5.830952 5.852350
1.000000 6.500000 6.519202
1.000000 8.062258 8.077747
0.000000 -5.315073 inf
0.000000 -0.707107 7.000000
0.000000 -4.272002 -2.000000
0.000000 -2.500000 -0.707107
0.000000 -0.707107 0.500000
0.000000 -3.201562 -2.061553
0.000000 -2.500000 -1.581139
0.000000 -3.354102 -2.500000
0.000000 -2.500000 -1.802776
0.000000 -3.162278 -2.500000
0.000000 -1.581139 -1.000000
0.000000 -4.924429 -4.472136
0.000000 -3.000000 -2.549510
0.000000 -2.500000 -2.061553
0.000000 -3.162278 -2.828427
0.000000 -1.000000 -0.707107
0.000000 -2.500000 -2.236068
0.000000 -2.061553 -1.802776
0.000000 -2.061553 -1.802776
0.000000 -0.707107 -0.500000
0.000000 -0.707107 -0.500000
0.000000 -0.707107 -0.500000
0.000000 -0.707107 -0.500000
0.000000 -2.000000 -1.802776
0.000000 -2.236068 -2.061553
0.000000 -3.807887 -3.640055
0.000000 -3.807887 -3.640055
0.000000 -2.692582 -2.549510
0.000000 -2.692582 -2.549510
0.000000 -1.118034 -1.000000
0.000000 -1.118034 -1.000000
0.000000 -3.905125 -3.807887
0.000000 -4.123106 -4.031129
0.000000 -4.301163 -4.272002
0.000000 -4.743416 -4.716991
