1.000000 -0.707107 6.519202
1.000000 0.500000 2.000000
1.000000 1.500000 2.061553
1.000000 2.692582 3.201562
1.000000 0.707107 1.118034
1.000000 0.707107 1.118034
1.000000 1.414214 1.802776
1.000000 6.020797 6.363961
1.000000 6.020797 6.363961
1.000000 1.118034 1.414214
1.000000 6.103278 6.363961
1.000000 2.915476 3.162278
1.000000 1.581139 1.802776
1.000000 1.581139 1.802776
1.000000 0.500000 0.707107
1.000000 5.700877 5.852350
1.000000 6.264982 6.403124
1.000000 3.041381 3.162278
1.000000 1.000000 1.118034
1.000000 2.121320 2.236068
1.000000 6.403124 6.500000
1.000000 2.828427 2.915476
1.000000 2.828427 2.915476
1.000000 1.500000 1.581139
1.000000 6.020797 6.082763
1.000000 3.000000 3.041381
1.000000 3.000000 3.041381
1.000000 3.162278 3.201562
0.000000 -3.535534 inf
0.000000 -1.500000 1.118034
0.000000 -3.354102 -1.118034
0.000000 -0.707107 1.118034
0.000000 -0.707107 0.500000
0.000000 -2.236068 -1.414214
0.000000 -1.802776 -1.118034
0.000000 -2.061553 -1.414214
0.000000 -2.000000 -1.500000
0.000000 -2.500000 -2.236068
0.000000 -1.802776 -1.581139
0.000000 -1.802776 -1.581139
0.000000 -1.802776 -1.581139
0.000000 -1.802776 -1.581139
0.000000 -2.000000 -1.802776
0.000000 -1.581139 -1.414214
0.000000 -1.118034 -1.000000
0.000000 -1.500000 -1.414214
0.000000 -1.500000 -1.414214
0.000000 -1.581139 -1.500000
0.000000 -1.581139 -1.500000
0.000000 -1.581139 -1.500000
0.000000 -2.121320 -2.061553
