1.000000 -0.707107 8.015610
1.000000 -0.707107 1.000000
1.000000 -0.500000 0.500000
1.000000 -0.500000 0.500000
1.000000 -0.500000 0.500000
1.000000 -0.500000 0.500000
1.000000 6.800735 7.615773
1.000000 1.802776 2.121320
1.000000 0.707107 1.000000
1.000000 0.707107 1.000000
1.000000 1.802776 2.061553
1.000000 0.500000 0.707107
1.000000 0.500000 0.707107
1.000000 0.500000 0.707107
1.000000 0.500000 0.707107
1.000000 6.946222 7.106335
1.000000 6.946222 7.106335
1.000000 7.280110 7.433034
1.000000 7.280110 7.433034
1.000000 7.280110 7.433034
1.000000 1.000000 1.118034
1.000000 1.000000 1.118034
1.000000 1.000000 1.118034
1.000000 1.000000 1.118034
1.000000 1.000000 1.118034
1.000000 7.516648 7.632169
1.000000 7.071068 7.158911
1.000000 7.566373 7.648529
1.000000 2.061553 2.121320
1.000000 7.106335 7.158911
1.000000 6.000000 6.041523
0.000000 -4.242641 inf
0.000000 -2.692582 -0.707107
0.000000 -2.692582 -1.118034
0.000000 -2.828427 -1.414214
0.000000 -2.236068 -1.000000
0.000000 -2.061553 -1.000000
0.000000 -2.121320 -1.118034
0.000000 -0.500000 0.500000
0.000000 -1.414214 -0.707107
0.000000 -2.000000 -1.414214
0.000000 -1.000000 -0.500000
0.000000 -1.414214 -1.118034
0.000000 -1.414214 -1.118034
0.000000 -1.000000 -0.707107
0.000000 -1.802776 -1.581139
0.000000 -1.802776 -1.581139
0.000000 -1.802776 -1.581139
0.000000 -0.707107 -0.500000
0.000000 -2.692582 -2.500000
0.000000 -3.354102 -3.162278
0.000000 -1.118034 -1.000000
0.000000 -1.118034 -1.000000
0.000000 -2.236068 -2.121320
0.000000 -2.236068 -2.121320
0.000000 -4.123106 -4.031129
0.000000 -1.500000 -1.414214
0.000000 -3.605551 -3.535534
0.000000 -2.549510 -2.500000
