1.000000 0.500000 8.062258
1.000000 -0.707107 1.000000
1.000000 1.414214 2.915476
1.000000 -0.707107 0.707107
1.000000 -0.500000 0.707107
1.000000 -0.500000 0.707107
1.000000 -0.707107 0.500000
1.000000 -0.500000 0.500000
1.000000 -0.500000 0.500000
1.000000 -0.500000 0.500000
1.000000 1.581139 2.500000
1.000000 0.500000 1.414214
1.000000 0.707107 1.500000
1.000000 0.500000 1.000000
1.000000 0.500000 1.000000
1.000000 0.500000 1.000000
1.000000 0.500000 1.000000
1.000000 7.071068 7.500000
1.000000 1.000000 1.414214
1.000000 1.414214 1.802776
1.000000 1.118034 1.500000
1.000000 1.118034 1.414214
1.000000 0.707107 1.000000
1.000000 0.707107 1.000000
1.000000 2.915476 3.201562
1.000000 7.158911 7.382412
1.000000 7.158911 7.382412
1.000000 1.581139 1.802776
1.000000 0.500000 0.707107
1.000000 0.500000 0.707107
1.000000 0.500000 0.707107
1.000000 0.500000 0.707107
1.000000 0.500000 0.707107
1.000000 0.500000 0.707107
1.000000 0.500000 0.707107
1.000000 7.433034 7.632169
1.000000 1.802776 2.000000
1.000000 2.061553 2.236068
1.000000 7.615773 7.778175
1.000000 7.071068 7.211103
1.000000 7.778175 7.905694
1.000000 1.000000 1.118034
1.000000 1.000000 1.118034
1.000000 2.121320 2.236068
1.000000 7.106335 7.211103
1.000000 1.500000 1.581139
1.000000 1.500000 1.581139
1.000000 1.500000 1.581139
1.000000 1.500000 1.581139
1.000000 1.500000 1.581139
1.000000 1.500000 1.581139
1.000000 5.522681 5.590170
1.000000 7.433034 7.500000
1.000000 2.000000 2.061553
1.000000 10.547512 10.606602
1.000000 2.500000 2.549510
1.000000 3.162278 3.201562
1.000000 3.605551 3.640055
1.000000 4.000000 4.031129
0.000000 -2.915476 inf
0.000000 -1.118034 5.000000
0.000000 -0.500000 2.061553
0.000000 -1.000000 1.000000
0.000000 -1.000000 1.000000
0.000000 -1.118034 0.707107
0.000000 -2.500000 -0.707107
0.000000 -1.000000 0.500000
0.000000 -2.500000 -1.000000
0.000000 -2.000000 -0.500000
0.000000 -0.500000 0.707107
0.000000 -0.500000 0.500000
0.000000 -0.500000 0.500000
0.000000 -2.000000 -1.000000
0.000000 -0.500000 0.500000
0.000000 -0.500000 0.500000
0.000000 -1.500000 -0.707107
0.000000 -1.414214 -0.707107
0.000000 -2.000000 -1.414214
0.000000 -1.500000 -1.000000
0.000000 -2.000000 -1.500000
0.000000 -1.414214 -1.000000
0.000000 -1.414214 -1.000000
0.000000 -1.414214 -1.000000
0.000000 -1.414214 -1.000000
0.000000 -1.802776 -1.414214
0.000000 -1.414214 -1.118034
0.000000 -1.414214 -1.118034
0.000000 -1.414214 -1.118034
0.000000 -1.414214 -1.118034
0.000000 -1.000000 -0.707107
0.000000 -1.000000 -0.707107
0.000000 -1.000000 -0.707107
0.000000 -1.000000 -0.707107
0.000000 -1.802776 -1.581139
0.000000 -0.707107 -0.500000
0.000000 -2.236068 -2.061553
0.000000 -1.118034 -1.000000
0.000000 -1.118034 -1.000000
0.000000 -1.118034 -1.000000
0.000000 -1.118034 -1.000000
0.000000 -1.118034 -1.000000
0.000000 -1.118034 -1.000000
0.000000 -1.118034 -1.000000
0.000000 -1.118034 -1.000000
0.000000 -1.118034 -1.000000
