1.000000 2.000000 12.000000
1.000000 -1.000000 1.000000
1.000000 5.000000 6.324555
1.000000 1.414214 2.236068
1.000000 5.385165 6.082763
1.000000 1.414214 2.000000
1.000000 4.472136 5.000000
1.000000 16.552945 17.000000
1.000000 1.000000 1.414214
1.000000 1.000000 1.414214
1.000000 1.000000 1.414214
1.000000 1.000000 1.414214
1.000000 1.000000 1.414214
1.000000 1.000000 1.414214
1.000000 1.000000 1.414214
1.000000 8.246211 8.544004
1.000000 5.099020 5.385165
1.000000 5.099020 5.385165
1.000000 5.099020 5.385165
1.000000 15.556349 15.811388
1.000000 2.000000 2.236068
1.000000 17.000000 17.204651
1.000000 3.000000 3.162278
1.000000 5.000000 5.099020
1.000000 6.000000 6.082763
1.000000 6.000000 6.082763
1.000000 8.000000 8.062258
1.000000 9.000000 9.055385
1.000000 9.000000 9.055385
1.000000 17.464249 17.492856
0.000000 -3.000000 inf
0.000000 -1.414214 5.000000
0.000000 -2.828427 1.000000
0.000000 -1.414214 2.000000
0.000000 -2.236068 1.000000
0.000000 -2.000000 1.000000
0.000000 -2.000000 1.000000
0.000000 -1.414214 1.000000
0.000000 -1.414214 1.000000
0.000000 -1.000000 1.414214
0.000000 -1.000000 1.000000
0.000000 -1.000000 1.000000
0.000000 -1.000000 1.000000
0.000000 -1.000000 1.000000
0.000000 -2.000000 -1.000000
0.000000 -2.000000 -1.000000
0.000000 -2.000000 -1.000000
0.000000 -2.000000 -1.000000
0.000000 -2.000000 -1.000000
0.000000 -3.000000 -2.000000
0.000000 -2.828427 -2.236068
0.000000 -2.000000 -1.414214
0.000000 -1.414214 -1.000000
0.000000 -1.414214 -1.000000
0.000000 -1.414214 -1.000000
0.000000 -2.236068 -2.000000
0.000000 -2.236068 -2.000000
