1.000000 1.000000 3.162278
1.000000 -1.000000 1.000000
1.000000 -1.000000 1.000000
1.000000 1.000000 2.000000
1.000000 1.414214 2.236068
1.000000 1.000000 1.414214
1.000000 1.000000 1.414214
1.000000 1.000000 1.414214
1.000000 5.830952 6.082763
1.000000 4.000000 4.242641
1.000000 2.000000 2.236068
1.000000 2.000000 2.236068
1.000000 4.123106 4.242641
1.000000 6.324555 6.403124
0.000000 -4.123106 inf
0.000000 -1.000000 3.605551
0.000000 -1.000000 2.000000
0.000000 -1.414214 1.000000
0.000000 -3.605551 -1.414214
0.000000 -1.000000 1.000000
0.000000 -1.000000 1.000000
0.000000 -1.000000 1.000000
0.000000 -2.000000 -1.000000
0.000000 -1.414214 -1.000000
0.000000 -1.414214 -1.000000
0.000000 -3.162278 -3.000000
