1.000000 -1.414214 3.000000
1.000000 -1.000000 2.236068
1.000000 1.000000 3.605551
1.000000 -1.000000 1.414214
1.000000 -1.000000 1.000000
1.000000 -1.000000 1.000000
1.000000 2.236068 3.000000
1.000000 1.414214 2.000000
1.000000 1.414214 2.000000
1.000000 1.000000 1.414214
1.000000 1.000000 1.414214
1.000000 1.000000 1.414214
1.000000 1.000000 1.414214
1.000000 1.000000 1.414214
1.000000 1.000000 1.414214
0.000000 -8.944272 inf
0.000000 -1.000000 2.000000
0.000000 -2.000000 1.000000
0.000000 -1.000000 1.414214
0.000000 -7.071068 -5.000000
0.000000 -1.000000 1.000000
0.000000 -1.000000 1.000000
0.000000 -1.000000 1.000000
0.000000 -3.000000 -1.414214
0.000000 -3.605551 -2.236068
0.000000 -5.099020 -4.000000
0.000000 -2.236068 -1.414214
0.000000 -6.000000 -5.385165
0.000000 -2.000000 -1.414214
0.000000 -2.000000 -1.414214
0.000000 -4.472136 -4.000000
0.000000 -4.472136 -4.123106
0.000000 -4.472136 -4.123106
0.000000 -5.656854 -5.385165
0.000000 -4.123106 -4.000000
0.000000 -5.099020 -5.000000
0.000000 -7.071068 -7.000000
