1.000000 -3.605551 2.828427
1.000000 -3.000000 2.000000
1.000000 -3.000000 1.000000
1.000000 -3.000000 1.000000
1.000000 -1.000000 2.000000
1.000000 -1.000000 1.000000
1.000000 4.242641 5.000000
1.000000 1.414214 2.000000
1.000000 1.414214 2.000000
1.000000 4.472136 5.000000
1.000000 4.472136 5.000000
1.000000 1.000000 1.414214
1.000000 1.000000 1.414214
1.000000 5.099020 5.385165
1.000000 5.099020 5.385165
1.000000 2.000000 2.236068
1.000000 6.000000 6.082763
0.000000 -8.944272 inf
0.000000 -1.414214 4.242641
0.000000 -8.246211 -5.000000
0.000000 -1.000000 1.000000
0.000000 -7.810250 -5.830952
0.000000 -4.472136 -3.162278
0.000000 -3.605551 -3.162278
0.000000 -3.605551 -3.162278
0.000000 -7.071068 -6.708204
0.000000 -4.472136 -4.123106
0.000000 -5.385165 -5.099020
0.000000 -8.062258 -7.810250
0.000000 -3.162278 -3.000000
0.000000 -4.123106 -4.000000
0.000000 -5.099020 -5.000000
