1.000000 0.500000 2.236068
1.000000 -1.000000 0.500000
1.000000 -0.707107 0.500000
1.000000 -0.500000 0.500000
1.000000 0.707107 1.414214
1.000000 1.118034 1.500000
1.000000 0.707107 1.000000
1.000000 0.707107 1.000000
1.000000 0.707107 1.000000
1.000000 1.000000 1.118034
1.000000 1.000000 1.118034
1.000000 1.000000 1.118034
0.000000 -5.700877 inf
0.000000 -4.609772 -0.500000
0.000000 -0.500000 0.707107
0.000000 -1.000000 -0.500000
0.000000 -5.000000 -4.609772
0.000000 -0.707107 -0.500000
0.000000 -1.581139 -1.500000
0.000000 -5.522681 -5.500000
