1.000000 -1.000000 9.848858
1.000000 -0.500000 0.707107
1.000000 -0.500000 0.500000
1.000000 -0.500000 0.500000
1.000000 0.500000 1.000000
1.000000 0.500000 1.000000
1.000000 1.000000 1.414214
1.000000 0.707107 1.000000
1.000000 2.236068 2.500000
1.000000 0.500000 0.707107
1.000000 0.500000 0.707107
1.000000 0.500000 0.707107
1.000000 4.000000 4.123106
1.000000 1.000000 1.118034
1.000000 1.000000 1.118034
1.000000 2.121320 2.236068
1.000000 9.486833 9.513149
0.000000 -2.236068 inf
0.000000 -1.500000 1.000000
0.000000 -1.581139 0.500000
0.000000 -2.000000 -1.118034
0.000000 -1.802776 -1.000000
0.000000 -1.802776 -1.118034
0.000000 -1.414214 -1.000000
0.000000 -1.802776 -1.414214
0.000000 -1.802776 -1.414214
0.000000 -1.802776 -1.414214
0.000000 -1.500000 -1.118034
0.000000 -1.414214 -1.118034
0.000000 -1.414214 -1.118034
0.000000 -1.414214 -1.118034
0.000000 -1.000000 -0.707107
0.000000 -1.000000 -0.707107
0.000000 -1.802776 -1.581139
0.000000 -0.707107 -0.500000
0.000000 -0.707107 -0.500000
0.000000 -0.707107 -0.500000
0.000000 -1.581139 -1.414214
0.000000 -1.581139 -1.414214
0.000000 -1.118034 -1.000000
0.000000 -1.118034 -1.000000
0.000000 -1.118034 -1.000000
0.000000 -1.118034 -1.000000
0.000000 -1.500000 -1.414214
0.000000 -1.500000 -1.414214
0.000000 -1.500000 -1.414214
0.000000 -1.581139 -1.500000
0.000000 -1.581139 -1.500000
0.000000 -2.061553 -2.000000
