1.000000 -0.800000 0.800000
1.000000 1.788854 3.200000
1.000000 0.800000 1.600000
1.000000 2.529822 3.298485
1.000000 2.262742 2.884441
1.000000 1.788854 2.400000
1.000000 1.788854 2.262742
1.000000 2.529822 2.884441
1.000000 2.529822 2.884441
1.000000 2.529822 2.884441
1.000000 0.800000 1.131371
1.000000 4.079216 4.308132
1.000000 2.400000 2.529822
1.000000 2.400000 2.529822
1.000000 3.200000 3.298485
0.000000 -2.884441 inf
0.000000 -2.400000 0.800000
0.000000 -1.600000 1.600000
0.000000 -0.800000 1.788854
0.000000 -1.131371 0.800000
0.000000 -0.800000 1.131371
0.000000 -0.800000 0.800000
0.000000 -0.800000 0.800000
0.000000 -1.600000 -0.800000
0.000000 -1.600000 -0.800000
0.000000 -2.884441 -2.529822
0.000000 -1.131371 -0.800000
