1.000000 4.123106 7.615773
1.000000 -1.000000 1.000000
1.000000 5.000000 6.403124
1.000000 5.385165 6.082763
1.000000 2.236068 2.828427
1.000000 5.000000 5.385165
1.000000 6.000000 6.324555
1.000000 5.099020 5.385165
1.000000 5.385165 5.656854
1.000000 7.071068 7.280110
1.000000 3.000000 3.162278
1.000000 3.000000 3.162278
1.000000 6.000000 6.082763
1.000000 6.000000 6.082763
1.000000 6.000000 6.082763
0.000000 -2.828427 inf
0.000000 -1.414214 4.000000
0.000000 -1.000000 3.000000
0.000000 -1.000000 2.236068
0.000000 -1.000000 1.000000
0.000000 -1.000000 1.000000
0.000000 -2.000000 -1.000000
0.000000 -2.000000 -1.414214
0.000000 -1.414214 -1.000000
0.000000 -1.414214 -1.000000
0.000000 -1.414214 -1.000000
