1.000000 5.147815 7.905694
1.000000 0.500000 2.000000
1.000000 0.500000 1.414214
1.000000 5.385165 6.082763
1.000000 0.707107 1.118034
1.000000 0.707107 1.118034
1.000000 5.830952 6.041523
1.000000 0.500000 0.707107
1.000000 0.500000 0.707107
1.000000 0.500000 0.707107
1.000000 0.500000 0.707107
1.000000 7.433034 7.615773
1.000000 2.061553 2.236068
1.000000 7.211103 7.382412
1.000000 5.220153 5.385165
1.000000 6.800735 6.964194
1.000000 7.280110 7.433034
1.000000 6.184658 6.324555
1.000000 6.670832 6.800735
1.000000 1.000000 1.118034
1.000000 1.000000 1.118034
1.000000 1.000000 1.118034
1.000000 1.000000 1.118034
1.000000 1.000000 1.118034
1.000000 1.000000 1.118034
1.000000 5.590170 5.700877
1.000000 5.315073 5.408327
1.000000 6.708204 6.800735
1.000000 7.071068 7.158911
1.000000 7.566373 7.648529
1.000000 1.500000 1.581139
1.000000 5.522681 5.590170
1.000000 5.590170 5.656854
1.000000 7.762087 7.826238
1.000000 2.061553 2.121320
1.000000 2.061553 2.121320
1.000000 6.519202 6.576473
1.000000 7.106335 7.158911
1.000000 5.500000 5.522681
1.000000 6.000000 6.020797
1.000000 6.000000 6.020797
1.000000 6.020797 6.041523
1.000000 6.500000 6.519202
0.000000 -7.905694 inf
0.000000 -3.605551 2.061553
0.000000 -3.807887 1.802776
0.000000 -2.915476 0.500000
0.000000 -2.061553 0.500000
0.000000 -1.581139 0.707107
0.000000 -2.692582 -1.000000
0.000000 -1.500000 -1.000000
0.000000 -2.121320 -1.802776
0.000000 -1.414214 -1.118034
0.000000 -1.414214 -1.118034
0.000000 -1.000000 -0.707107
0.000000 -2.061553 -1.802776
0.000000 -1.581139 -1.414214
0.000000 -1.118034 -1.000000
0.000000 -1.118034 -1.000000
0.000000 -1.118034 -1.000000
0.000000 -1.500000 -1.414214
0.000000 -7.810250 -7.778175
0.000000 -7.648529 -7.632169
