1.000000 3.000000 9.219544
1.000000 1.414214 7.615773
1.000000 1.414214 2.236068
1.000000 4.472136 5.000000
1.000000 6.324555 6.708204
1.000000 6.324555 6.708204
1.000000 6.403124 6.708204
1.000000 2.000000 2.236068
1.000000 2.000000 2.236068
1.000000 2.000000 2.236068
1.000000 2.000000 2.236068
1.000000 4.242641 4.472136
1.000000 5.000000 5.099020
0.000000 -2.828427 inf
0.000000 -2.000000 1.414214
0.000000 -2.000000 1.000000
0.000000 -1.000000 2.000000
0.000000 -1.000000 1.000000
0.000000 -1.000000 1.000000
0.000000 -2.236068 -1.000000
0.000000 -2.236068 -1.000000
0.000000 -2.000000 -1.000000
0.000000 -2.000000 -1.000000
0.000000 -2.000000 -1.000000
0.000000 -2.000000 -1.414214
0.000000 -1.414214 -1.000000
0.000000 -1.414214 -1.000000
0.000000 -1.414214 -1.000000
0.000000 -1.414214 -1.000000
0.000000 -1.414214 -1.000000
0.000000 -1.414214 -1.000000
0.000000 -1.414214 -1.000000
