1.000000 3.162278 10.295630
1.000000 -1.000000 1.000000
1.000000 4.123106 5.099020
1.000000 2.236068 2.828427
1.000000 4.472136 5.000000
1.000000 3.162278 3.605551
1.000000 3.162278 3.605551
1.000000 1.000000 1.414214
1.000000 1.000000 1.414214
1.000000 9.899495 10.295630
1.000000 4.123106 4.472136
1.000000 2.000000 2.236068
1.000000 2.000000 2.236068
1.000000 2.000000 2.236068
1.000000 5.000000 5.099020
1.000000 6.000000 6.082763
1.000000 7.000000 7.071068
0.000000 -2.236068 inf
0.000000 -2.000000 4.000000
0.000000 -2.000000 1.414214
0.000000 -1.000000 2.000000
0.000000 -2.000000 1.000000
0.000000 -2.000000 1.000000
0.000000 -1.414214 1.000000
0.000000 -1.414214 1.000000
0.000000 -1.000000 1.000000
0.000000 -1.000000 1.000000
0.000000 -1.000000 1.000000
0.000000 -2.000000 -1.000000
0.000000 -2.000000 -1.414214
0.000000 -2.000000 -1.414214
0.000000 -2.000000 -1.414214
0.000000 -1.414214 -1.000000
0.000000 -1.414214 -1.000000
0.000000 -1.414214 -1.000000
0.000000 -1.414214 -1.000000
