1.000000 -0.500000 5.024938
1.000000 3.041381 4.609772
1.000000 0.707107 2.236068
1.000000 -0.707107 0.707107
1.000000 0.707107 2.121320
1.000000 3.201562 4.301163
1.000000 3.535534 4.609772
1.000000 -0.500000 0.500000
1.000000 1.118034 1.802776
1.000000 0.500000 1.118034
1.000000 3.354102 3.905125
1.000000 3.500000 4.031129
1.000000 1.118034 1.500000
1.000000 3.905125 4.242641
1.000000 1.118034 1.414214
1.000000 1.118034 1.414214
1.000000 0.707107 1.000000
1.000000 2.236068 2.500000
1.000000 1.581139 1.802776
1.000000 1.581139 1.802776
1.000000 3.905125 4.123106
1.000000 4.031129 4.242641
1.000000 0.500000 0.707107
1.000000 3.605551 3.807887
1.000000 3.605551 3.807887
1.000000 4.272002 4.472136
1.000000 4.301163 4.472136
1.000000 6.020797 6.184658
1.000000 3.201562 3.354102
1.000000 3.201562 3.354102
1.000000 2.549510 2.692582
1.000000 3.500000 3.640055
1.000000 4.472136 4.609772
1.000000 3.905125 4.031129
1.000000 4.123106 4.242641
1.000000 1.000000 1.118034
1.000000 1.000000 1.118034
1.000000 1.000000 1.118034
1.000000 1.000000 1.118034
1.000000 1.000000 1.118034
1.000000 1.000000 1.118034
1.000000 3.535534 3.640055
1.000000 3.535534 3.640055
1.000000 1.500000 1.581139
1.000000 3.535534 3.605551
1.000000 3.535534 3.605551
1.000000 3.535534 3.605551
1.000000 2.000000 2.061553
1.000000 2.000000 2.061553
1.000000 4.242641 4.301163
1.000000 3.500000 3.535534
1.000000 4.272002 4.301163
1.000000 6.020797 6.041523
0.000000 -3.201562 inf
0.000000 -1.000000 5.522681
0.000000 -1.581139 1.802776
0.000000 -1.000000 1.500000
0.000000 -0.707107 1.118034
0.000000 -0.500000 1.000000
0.000000 -0.500000 1.000000
0.000000 -0.500000 1.000000
0.000000 -2.061553 -0.707107
0.000000 -0.707107 0.500000
0.000000 -2.061553 -1.000000
0.000000 -0.500000 0.500000
0.000000 -2.000000 -1.000000
0.000000 -2.000000 -1.118034
0.000000 -1.802776 -1.000000
0.000000 -1.414214 -0.707107
0.000000 -1.118034 -0.500000
0.000000 -1.581139 -1.000000
0.000000 -1.000000 -0.500000
0.000000 -1.000000 -0.500000
0.000000 -1.000000 -0.500000
0.000000 -1.581139 -1.118034
0.000000 -1.414214 -1.000000
0.000000 -1.414214 -1.000000
0.000000 -1.118034 -0.707107
0.000000 -1.414214 -1.118034
0.000000 -1.414214 -1.118034
0.000000 -1.000000 -0.707107
0.000000 -1.802776 -1.581139
0.000000 -0.707107 -0.500000
0.000000 -0.707107 -0.500000
0.000000 -2.692582 -2.500000
0.000000 -2.236068 -2.061553
0.000000 -1.118034 -1.000000
0.000000 -1.118034 -1.000000
0.000000 -1.118034 -1.000000
0.000000 -1.118034 -1.000000
0.000000 -2.549510 -2.500000
