1.000000 -0.500000 3.905125
1.000000 0.707107 4.609772
1.000000 -0.500000 0.500000
1.000000 2.236068 2.915476
1.000000 0.500000 1.000000
1.000000 1.118034 1.414214
1.000000 1.118034 1.414214
1.000000 1.118034 1.414214
1.000000 3.535534 3.807887
1.000000 2.236068 2.500000
1.000000 1.581139 1.802776
1.000000 0.500000 0.707107
1.000000 0.500000 0.707107
1.000000 1.414214 1.581139
1.000000 4.000000 4.123106
1.000000 4.500000 4.609772
1.000000 3.535534 3.640055
1.000000 4.527693 4.609772
1.000000 4.242641 4.301163
1.000000 2.500000 2.549510
0.000000 -3.041381 inf
0.000000 -1.802776 0.500000
0.000000 -1.000000 1.000000
0.000000 -2.549510 -1.118034
0.000000 -2.500000 -1.500000
0.000000 -2.500000 -2.000000
0.000000 -2.500000 -2.061553
0.000000 -2.000000 -1.581139
0.000000 -1.118034 -0.707107
0.000000 -1.802776 -1.414214
0.000000 -1.414214 -1.118034
0.000000 -1.000000 -0.707107
0.000000 -1.118034 -1.000000
0.000000 -1.118034 -1.000000
0.000000 -1.118034 -1.000000
0.000000 -2.236068 -2.121320
0.000000 -1.581139 -1.500000
0.000000 -1.581139 -1.500000
0.000000 -1.581139 -1.500000
0.000000 -1.581139 -1.500000
0.000000 -2.061553 -2.000000
0.000000 -2.061553 -2.000000
0.000000 -2.121320 -2.061553
