1.000000 -0.800000 4.664762
1.000000 -2.884441 1.600000
1.000000 -1.131371 2.262742
1.000000 -1.131371 1.600000
1.000000 -0.800000 1.131371
1.000000 1.131371 2.884441
1.000000 -0.800000 0.800000
1.000000 -0.800000 0.800000
1.000000 -0.800000 0.800000
1.000000 -0.800000 0.800000
1.000000 1.131371 1.600000
1.000000 2.529822 2.884441
1.000000 0.800000 1.131371
1.000000 0.800000 1.131371
1.000000 0.800000 1.131371
1.000000 3.298485 3.577709
1.000000 1.600000 1.788854
1.000000 1.600000 1.788854
1.000000 2.262742 2.400000
1.000000 2.400000 2.529822
0.000000 -5.824088 inf
0.000000 -5.600000 -1.788854
0.000000 -4.525483 -2.262742
0.000000 -5.059644 -3.200000
0.000000 -4.079216 -2.400000
0.000000 -0.800000 0.800000
0.000000 -3.200000 -1.600000
0.000000 -0.800000 0.800000
0.000000 -2.262742 -0.800000
0.000000 -1.600000 -0.800000
0.000000 -2.400000 -1.788854
0.000000 -1.600000 -1.131371
0.000000 -1.600000 -1.131371
0.000000 -1.600000 -1.131371
0.000000 -4.664762 -4.308132
0.000000 -4.308132 -4.079216
0.000000 -2.529822 -2.400000
0.000000 -2.529822 -2.400000
0.000000 -4.866210 -4.800000
