1.000000 1.000000 10.630146
1.000000 -1.000000 2.236068
1.000000 9.219544 9.899495
1.000000 9.219544 9.848858
1.000000 9.433981 10.000000
1.000000 8.000000 8.544004
1.000000 8.062258 8.544004
1.000000 9.848858 10.295630
1.000000 9.219544 9.433981
1.000000 10.440307 10.630146
1.000000 8.062258 8.246211
1.000000 6.324555 6.403124
0.000000 -5.385165 inf
0.000000 -3.605551 -1.414214
0.000000 -5.000000 -2.828427
0.000000 -2.828427 -1.000000
0.000000 -3.162278 -1.414214
0.000000 -2.828427 -1.414214
0.000000 -2.828427 -2.236068
0.000000 -2.828427 -2.236068
0.000000 -2.000000 -1.414214
0.000000 -2.000000 -1.414214
0.000000 -2.236068 -2.000000
0.000000 -2.236068 -2.000000
0.000000 -3.162278 -3.000000
