1.000000 10.000000 11.313708
1.000000 5.000000 5.656854
1.000000 5.385165 5.830952
1.000000 9.433981 9.848858
1.000000 1.000000 1.414214
1.000000 1.000000 1.414214
1.000000 1.000000 1.414214
1.000000 5.000000 5.385165
1.000000 10.198039 10.440307
1.000000 6.082763 6.324555
1.000000 10.630146 10.816654
1.000000 6.000000 6.082763
1.000000 7.000000 7.071068
1.000000 10.000000 10.049876
1.000000 10.000000 10.049876
0.000000 -3.000000 inf
0.000000 -2.828427 9.219544
0.000000 -1.000000 5.000000
0.000000 -1.414214 1.000000
0.000000 -1.000000 1.000000
0.000000 -1.000000 1.000000
0.000000 -1.000000 1.000000
0.000000 -1.000000 1.000000
0.000000 -1.000000 1.000000
