1.000000 -1.414214 4.242641
1.000000 1.000000 2.000000
1.000000 14.212670 14.866069
1.000000 14.212670 14.866069
1.000000 14.422205 15.000000
1.000000 14.764823 15.264338
1.000000 15.652476 16.124515
1.000000 14.422205 14.866069
1.000000 15.231546 15.652476
1.000000 1.000000 1.414214
1.000000 3.605551 4.000000
1.000000 17.464249 17.720045
1.000000 14.764823 15.000000
1.000000 3.000000 3.162278
1.000000 16.124515 16.278821
1.000000 18.248288 18.384776
1.000000 4.123106 4.242641
1.000000 17.000000 17.088007
1.000000 15.231546 15.264338
1.000000 20.000000 20.024984
0.000000 -4.472136 inf
0.000000 -1.414214 14.142136
0.000000 -4.242641 1.000000
0.000000 -1.000000 2.828427
0.000000 -2.236068 -2.000000
0.000000 -2.236068 -2.000000
0.000000 -2.236068 -2.000000
