1.000000 4.000000 14.866069
1.000000 -1.414214 1.000000
1.000000 -1.414214 1.000000
1.000000 -1.414214 1.000000
1.000000 -1.414214 1.000000
1.000000 4.000000 6.324555
1.000000 -1.000000 1.000000
1.000000 -1.000000 1.000000
1.000000 -1.000000 1.000000
1.000000 -1.000000 1.000000
1.000000 -1.000000 1.000000
1.000000 -1.000000 1.000000
1.000000 -1.000000 1.000000
1.000000 -1.000000 1.000000
1.000000 -1.000000 1.000000
1.000000 -1.000000 1.000000
1.000000 -1.000000 1.000000
1.000000 -1.000000 1.000000
1.000000 2.000000 2.828427
1.000000 11.313708 12.041595
1.000000 11.401754 12.041595
1.000000 4.472136 5.099020
1.000000 2.236068 2.828427
1.000000 11.180340 11.661904
1.000000 11.661904 12.083046
1.000000 1.000000 1.414214
1.000000 1.000000 1.414214
1.000000 11.661904 12.041595
1.000000 2.828427 3.162278
1.000000 11.401754 11.704700
1.000000 11.401754 11.704700
1.000000 5.099020 5.385165
1.000000 12.369317 12.649111
1.000000 4.242641 4.472136
1.000000 2.828427 3.000000
1.000000 3.000000 3.162278
1.000000 3.000000 3.162278
1.000000 4.000000 4.123106
1.000000 13.038405 13.152946
1.000000 5.000000 5.099020
1.000000 12.000000 12.083046
1.000000 6.000000 6.082763
1.000000 8.000000 8.062258
1.000000 10.000000 10.049876
1.000000 12.041595 12.083046
1.000000 13.000000 13.038405
0.000000 -3.162278 inf
0.000000 -2.828427 2.000000
0.000000 -2.236068 1.000000
0.000000 -2.000000 1.000000
0.000000 -1.000000 1.414214
0.000000 -1.000000 1.000000
0.000000 -1.000000 1.000000
0.000000 -1.000000 1.000000
0.000000 -1.000000 1.000000
0.000000 -1.000000 1.000000
0.000000 -1.000000 1.000000
0.000000 -2.828427 -1.414214
0.000000 -2.236068 -1.000000
0.000000 -2.236068 -1.000000
0.000000 -2.000000 -1.000000
0.000000 -2.000000 -1.000000
0.000000 -2.000000 -1.000000
0.000000 -2.000000 -1.000000
0.000000 -2.000000 -1.000000
0.000000 -2.828427 -2.000000
0.000000 -2.236068 -1.414214
0.000000 -2.236068 -1.414214
0.000000 -2.236068 -1.414214
0.000000 -2.000000 -1.414214
0.000000 -2.000000 -1.414214
0.000000 -2.000000 -1.414214
0.000000 -1.414214 -1.000000
0.000000 -1.414214 -1.000000
0.000000 -1.414214 -1.000000
0.000000 -1.414214 -1.000000
0.000000 -1.414214 -1.000000
0.000000 -1.414214 -1.000000
0.000000 -1.414214 -1.000000
0.000000 -1.414214 -1.000000
0.000000 -1.414214 -1.000000
0.000000 -1.414214 -1.000000
0.000000 -1.414214 -1.000000
0.000000 -1.414214 -1.000000
0.000000 -3.162278 -2.828427
0.000000 -2.236068 -2.000000
