1.000000 -1.600000 5.656854
1.000000 -2.400000 1.600000
1.000000 -1.600000 1.788854
1.000000 -2.262742 0.800000
1.000000 -1.788854 1.131371
1.000000 0.800000 3.394113
1.000000 -0.800000 1.788854
1.000000 -1.600000 0.800000
1.000000 -1.131371 1.131371
1.000000 -0.800000 1.131371
1.000000 -0.800000 0.800000
1.000000 -0.800000 0.800000
1.000000 -0.800000 0.800000
1.000000 -0.800000 0.800000
1.000000 0.800000 2.400000
1.000000 0.800000 2.262742
1.000000 0.800000 1.600000
1.000000 3.200000 4.000000
1.000000 3.298485 4.000000
1.000000 1.131371 1.788854
1.000000 1.131371 1.788854
1.000000 1.788854 2.262742
1.000000 4.308132 4.664762
1.000000 0.800000 1.131371
1.000000 0.800000 1.131371
1.000000 0.800000 1.131371
1.000000 0.800000 1.131371
1.000000 0.800000 1.131371
1.000000 0.800000 1.131371
1.000000 0.800000 1.131371
1.000000 2.884441 3.200000
1.000000 3.298485 3.577709
1.000000 4.866210 5.059644
1.000000 4.866210 5.059644
1.000000 3.200000 3.298485
1.000000 4.000000 4.079216
1.000000 4.000000 4.079216
0.000000 -6.449806 inf
0.000000 -2.884441 0.800000
0.000000 -6.449806 -4.525483
0.000000 -3.394113 -1.600000
0.000000 -3.577709 -1.788854
0.000000 -3.298485 -1.600000
0.000000 -4.866210 -3.200000
0.000000 -0.800000 0.800000
0.000000 -0.800000 0.800000
0.000000 -1.788854 -0.800000
0.000000 -1.600000 -0.800000
0.000000 -4.000000 -3.298485
0.000000 -4.000000 -3.394113
0.000000 -5.656854 -5.059644
0.000000 -4.664762 -4.079216
0.000000 -4.866210 -4.308132
0.000000 -2.884441 -2.400000
0.000000 -2.884441 -2.400000
0.000000 -2.262742 -1.788854
0.000000 -2.262742 -1.788854
0.000000 -1.600000 -1.131371
0.000000 -1.600000 -1.131371
0.000000 -1.600000 -1.131371
0.000000 -2.884441 -2.529822
0.000000 -2.884441 -2.529822
0.000000 -1.131371 -0.800000
0.000000 -1.131371 -0.800000
0.000000 -1.131371 -0.800000
0.000000 -1.131371 -0.800000
0.000000 -3.200000 -2.884441
0.000000 -3.200000 -2.884441
0.000000 -3.577709 -3.298485
0.000000 -2.400000 -2.262742
0.000000 -2.400000 -2.262742
0.000000 -2.529822 -2.400000
0.000000 -2.529822 -2.400000
0.000000 -3.298485 -3.200000
