1.000000 -2.828427 5.385165
1.000000 -1.000000 4.242641
1.000000 -2.000000 1.000000
1.000000 -1.000000 1.000000
1.000000 -1.000000 1.000000
1.000000 2.000000 3.000000
1.000000 1.000000 2.000000
1.000000 2.236068 2.828427
1.000000 1.414214 2.000000
1.000000 1.414214 2.000000
1.000000 1.000000 1.414214
1.000000 1.000000 1.414214
1.000000 1.000000 1.414214
1.000000 1.000000 1.414214
1.000000 2.000000 2.236068
1.000000 2.000000 2.236068
1.000000 4.000000 4.123106
0.000000 -6.000000 inf
0.000000 -1.414214 1.000000
0.000000 -6.000000 -4.000000
0.000000 -1.000000 1.000000
0.000000 -1.000000 1.000000
0.000000 -5.000000 -3.162278
0.000000 -5.830952 -4.000000
0.000000 -3.162278 -1.414214
0.000000 -5.656854 -4.000000
0.000000 -2.000000 -1.000000
0.000000 -5.385165 -4.472136
0.000000 -2.000000 -1.414214
0.000000 -2.000000 -1.414214
0.000000 -2.000000 -1.414214
0.000000 -1.414214 -1.000000
0.000000 -1.414214 -1.000000
0.000000 -1.414214 -1.000000
0.000000 -1.414214 -1.000000
0.000000 -4.000000 -3.605551
0.000000 -2.236068 -2.000000
0.000000 -2.236068 -2.000000
0.000000 -2.236068 -2.000000
0.000000 -4.472136 -4.242641
0.000000 -4.472136 -4.242641
0.000000 -4.123106 -4.000000
0.000000 -5.099020 -5.000000
