1.000000 -1.414214 10.440307
1.000000 -3.000000 2.236068
1.000000 -3.605551 1.000000
1.000000 -2.000000 1.000000
1.000000 -1.414214 1.000000
1.000000 -1.000000 1.000000
1.000000 -1.000000 1.000000
1.000000 -1.000000 1.000000
1.000000 1.000000 2.236068
1.000000 10.770330 11.180340
1.000000 9.899495 10.295630
1.000000 2.000000 2.236068
1.000000 2.000000 2.236068
1.000000 2.000000 2.236068
1.000000 10.630146 10.816654
1.000000 9.848858 10.000000
1.000000 12.083046 12.165525
0.000000 -8.602325 inf
0.000000 -7.211103 -3.605551
0.000000 -8.602325 -5.385165
0.000000 -1.414214 1.000000
0.000000 -6.000000 -4.472136
0.000000 -3.000000 -2.000000
0.000000 -3.000000 -2.236068
0.000000 -7.071068 -6.403124
0.000000 -2.828427 -2.236068
0.000000 -7.211103 -6.708204
0.000000 -6.324555 -5.830952
0.000000 -6.708204 -6.324555
0.000000 -6.708204 -6.403124
0.000000 -6.708204 -6.403124
0.000000 -6.324555 -6.082763
0.000000 -2.236068 -2.000000
0.000000 -5.830952 -5.656854
0.000000 -4.123106 -4.000000
0.000000 -4.123106 -4.000000
0.000000 -6.082763 -6.000000
0.000000 -7.071068 -7.000000
0.000000 -7.071068 -7.000000
0.000000 -7.071068 -7.000000
0.000000 -7.071068 -7.000000
