1.000000 8.544004 12.103718
1.000000 2.000000 5.385165
1.000000 3.000000 4.716991
1.000000 -0.500000 1.118034
1.000000 -0.500000 0.500000
1.000000 2.121320 3.041381
1.000000 2.828427 3.354102
1.000000 0.500000 1.000000
1.000000 1.802776 2.236068
1.000000 1.118034 1.500000
1.000000 4.242641 4.609772
1.000000 4.949747 5.315073
1.000000 1.802776 2.121320
1.000000 5.000000 5.315073
1.000000 4.301163 4.609772
1.000000 4.301163 4.609772
1.000000 1.118034 1.414214
1.000000 1.118034 1.414214
1.000000 0.707107 1.000000
1.000000 0.707107 1.000000
1.000000 2.915476 3.201562
1.000000 2.915476 3.201562
1.000000 2.236068 2.500000
1.000000 2.236068 2.500000
1.000000 9.617692 9.848858
1.000000 2.692582 2.915476
1.000000 0.500000 0.707107
1.000000 4.949747 5.147815
1.000000 4.949747 5.147815
1.000000 8.746428 8.944272
1.000000 1.802776 2.000000
1.000000 3.162278 3.354102
1.000000 8.544004 8.732125
1.000000 9.433981 9.617692
1.000000 10.124228 10.307764
1.000000 2.061553 2.236068
1.000000 2.549510 2.692582
1.000000 4.472136 4.609772
1.000000 9.300538 9.433981
1.000000 5.024938 5.147815
1.000000 1.000000 1.118034
1.000000 1.000000 1.118034
1.000000 10.440307 10.547512
1.000000 3.535534 3.640055
1.000000 4.924429 5.024938
1.000000 5.220153 5.315073
1.000000 1.500000 1.581139
1.000000 1.500000 1.581139
1.000000 9.219544 9.300538
1.000000 8.558621 8.631338
1.000000 9.055385 9.124144
1.000000 5.522681 5.590170
1.000000 10.000000 10.062306
1.000000 2.000000 2.061553
1.000000 2.000000 2.061553
1.000000 2.000000 2.061553
1.000000 2.000000 2.061553
1.000000 2.000000 2.061553
1.000000 2.000000 2.061553
1.000000 2.061553 2.121320
1.000000 2.061553 2.121320
1.000000 4.472136 4.527693
1.000000 11.543396 11.597414
1.000000 9.848858 9.899495
1.000000 4.949747 5.000000
1.000000 2.500000 2.549510
1.000000 2.500000 2.549510
1.000000 3.000000 3.041381
1.000000 3.500000 3.535534
1.000000 12.010412 12.041595
1.000000 4.000000 4.031129
1.000000 4.000000 4.031129
1.000000 4.500000 4.527693
1.000000 9.192388 9.219544
1.000000 9.192388 9.219544
1.000000 7.000000 7.017834
1.000000 12.000000 12.010412
0.000000 -4.000000 inf
0.000000 -1.414214 4.500000
0.000000 -2.915476 1.802776
0.000000 -2.500000 1.118034
0.000000 -1.414214 1.581139
0.000000 -1.581139 1.000000
0.000000 -1.118034 1.118034
0.000000 -1.000000 1.000000
0.000000 -0.500000 1.500000
0.000000 -1.414214 0.500000
0.000000 -2.828427 -1.000000
0.000000 -0.707107 1.000000
0.000000 -1.118034 0.500000
0.000000 -0.707107 0.500000
0.000000 -2.236068 -1.118034
0.000000 -1.500000 -0.500000
0.000000 -0.500000 0.500000
0.000000 -0.500000 0.500000
0.000000 -1.802776 -1.000000
0.000000 -2.121320 -1.581139
0.000000 -1.000000 -0.500000
0.000000 -1.500000 -1.000000
0.000000 -1.000000 -0.500000
0.000000 -2.236068 -1.802776
0.000000 -1.414214 -1.000000
0.000000 -1.118034 -0.707107
0.000000 -1.118034 -0.707107
0.000000 -1.118034 -0.707107
0.000000 -1.500000 -1.118034
0.000000 -1.500000 -1.118034
0.000000 -3.000000 -2.692582
0.000000 -1.000000 -0.707107
0.000000 -1.000000 -0.707107
0.000000 -1.000000 -0.707107
0.000000 -1.000000 -0.707107
0.000000 -2.500000 -2.236068
0.000000 -2.500000 -2.236068
0.000000 -2.061553 -1.802776
0.000000 -0.707107 -0.500000
0.000000 -2.000000 -1.802776
0.000000 -2.828427 -2.692582
0.000000 -1.118034 -1.000000
0.000000 -1.118034 -1.000000
0.000000 -1.118034 -1.000000
0.000000 -1.118034 -1.000000
0.000000 -2.236068 -2.121320
0.000000 -1.500000 -1.414214
0.000000 -1.500000 -1.414214
0.000000 -2.061553 -2.000000
0.000000 -2.061553 -2.000000
0.000000 -2.121320 -2.061553
