1.000000 4.000000 6.708204
1.000000 -1.000000 1.000000
1.000000 -1.000000 1.000000
1.000000 2.236068 2.828427
1.000000 1.414214 2.000000
1.000000 5.830952 6.403124
1.000000 1.000000 1.414214
1.000000 1.000000 1.414214
1.000000 5.656854 6.000000
1.000000 2.000000 2.236068
1.000000 5.656854 5.830952
1.000000 3.000000 3.162278
1.000000 4.000000 4.123106
1.000000 5.000000 5.099020
1.000000 6.324555 6.403124
1.000000 7.000000 7.071068
0.000000 -3.000000 inf
0.000000 -2.000000 5.385165
0.000000 -2.000000 2.236068
0.000000 -1.000000 2.000000
0.000000 -1.000000 2.000000
0.000000 -1.000000 1.414214
0.000000 -1.000000 1.414214
0.000000 -1.000000 1.000000
0.000000 -1.000000 1.000000
0.000000 -1.000000 1.000000
0.000000 -1.000000 1.000000
0.000000 -2.000000 -1.000000
0.000000 -1.414214 -1.000000
