1.000000 -1.414214 14.764823
1.000000 1.414214 2.000000
1.000000 4.472136 5.000000
1.000000 8.544004 9.055385
1.000000 1.000000 1.414214
1.000000 1.000000 1.414214
1.000000 1.000000 1.414214
1.000000 1.000000 1.414214
1.000000 8.544004 8.944272
1.000000 8.602325 8.944272
1.000000 8.944272 9.219544
1.000000 2.000000 2.236068
1.000000 3.000000 3.162278
1.000000 10.049876 10.198039
1.000000 14.212670 14.317821
1.000000 9.000000 9.055385
1.000000 9.433981 9.486833
0.000000 -4.123106 inf
0.000000 -2.000000 1.000000
0.000000 -4.123106 -1.414214
0.000000 -1.000000 1.000000
0.000000 -4.000000 -2.000000
0.000000 -4.000000 -2.236068
0.000000 -3.605551 -2.236068
0.000000 -2.000000 -1.000000
0.000000 -3.162278 -2.236068
0.000000 -2.828427 -2.000000
0.000000 -2.828427 -2.000000
0.000000 -2.236068 -1.414214
0.000000 -3.605551 -2.828427
0.000000 -3.000000 -2.236068
0.000000 -2.828427 -2.236068
0.000000 -2.828427 -2.236068
0.000000 -2.828427 -2.236068
0.000000 -2.828427 -2.236068
0.000000 -2.828427 -2.236068
0.000000 -2.828427 -2.236068
0.000000 -2.000000 -1.414214
0.000000 -2.000000 -1.414214
0.000000 -3.605551 -3.162278
0.000000 -1.414214 -1.000000
0.000000 -1.414214 -1.000000
