1.000000 1.414214 10.000000
1.000000 2.500000 2.692582
1.000000 8.246211 8.381527
1.000000 1.500000 1.581139
1.000000 2.000000 2.061553
1.000000 8.015610 8.062258
1.000000 9.013878 9.055385
0.000000 -3.041381 inf
0.000000 -2.000000 -0.707107
0.000000 -2.692582 -1.414214
0.000000 -2.000000 -1.000000
0.000000 -2.236068 -1.414214
0.000000 -2.000000 -1.414214
0.000000 -2.000000 -1.500000
0.000000 -2.121320 -1.802776
0.000000 -1.802776 -1.500000
0.000000 -1.414214 -1.118034
0.000000 -1.414214 -1.118034
0.000000 -1.000000 -0.707107
0.000000 -1.000000 -0.707107
0.000000 -1.802776 -1.581139
0.000000 -2.000000 -1.802776
0.000000 -2.000000 -1.802776
0.000000 -2.236068 -2.061553
0.000000 -1.118034 -1.000000
0.000000 -1.500000 -1.414214
0.000000 -2.061553 -2.000000
