1.000000 -1.000000 1.000000
1.000000 5.000000 5.656854
1.000000 5.385165 5.830952
1.000000 5.385165 5.830952
1.000000 1.000000 1.414214
1.000000 7.211103 7.615773
1.000000 7.211103 7.615773
1.000000 7.280110 7.615773
1.000000 8.246211 8.544004
1.000000 6.708204 7.000000
1.000000 7.000000 7.280110
1.000000 6.082763 6.324555
1.000000 6.082763 6.324555
1.000000 4.242641 4.472136
1.000000 3.000000 3.162278
1.000000 7.000000 7.071068
1.000000 8.000000 8.062258
1.000000 9.000000 9.055385
0.000000 -4.000000 inf
0.000000 -1.000000 7.071068
0.000000 -1.000000 5.000000
0.000000 -1.000000 3.000000
0.000000 -1.000000 2.828427
0.000000 -1.000000 1.000000
0.000000 -1.000000 1.000000
0.000000 -1.414214 -1.000000
