1.000000 -2.000000 0.500000
1.000000 3.000000 5.000000
1.000000 -0.707107 0.500000
1.000000 3.000000 4.031129
1.000000 -0.500000 0.500000
1.000000 -0.500000 0.500000
1.000000 -0.500000 0.500000
1.000000 1.000000 1.581139
1.000000 0.500000 1.000000
1.000000 1.118034 1.581139
1.000000 2.500000 2.915476
1.000000 0.707107 1.118034
1.000000 1.414214 1.802776
1.000000 1.118034 1.500000
1.000000 2.121320 2.500000
1.000000 1.802776 2.121320
1.000000 1.802776 2.121320
1.000000 3.605551 3.905125
1.000000 1.118034 1.414214
1.000000 1.118034 1.414214
1.000000 1.118034 1.414214
1.000000 1.118034 1.414214
1.000000 1.118034 1.414214
1.000000 0.707107 1.000000
1.000000 2.236068 2.500000
1.000000 2.692582 2.915476
1.000000 0.500000 0.707107
1.000000 0.500000 0.707107
1.000000 0.500000 0.707107
1.000000 0.500000 0.707107
1.000000 0.500000 0.707107
1.000000 0.500000 0.707107
1.000000 0.500000 0.707107
1.000000 3.807887 4.000000
1.000000 4.743416 4.924429
1.000000 1.414214 1.581139
1.000000 3.000000 3.162278
1.000000 3.201562 3.354102
1.000000 1.000000 1.118034
1.000000 1.000000 1.118034
1.000000 1.000000 1.118034
1.000000 1.000000 1.118034
1.000000 1.000000 1.118034
1.000000 3.807887 3.905125
1.000000 4.031129 4.123106
1.000000 7.071068 7.158911
1.000000 1.414214 1.500000
1.000000 1.500000 1.581139
1.000000 2.000000 2.061553
1.000000 2.061553 2.121320
1.000000 2.500000 2.549510
1.000000 3.000000 3.041381
1.000000 3.000000 3.041381
1.000000 3.605551 3.640055
1.000000 7.500000 7.516648
0.000000 -4.609772 inf
0.000000 -3.500000 1.000000
0.000000 -2.000000 1.500000
0.000000 -1.802776 1.581139
0.000000 -0.707107 2.500000
0.000000 -1.414214 1.118034
0.000000 -1.118034 0.707107
0.000000 -1.000000 0.707107
0.000000 -1.118034 0.500000
0.000000 -1.000000 0.500000
0.000000 -1.000000 0.500000
0.000000 -1.000000 0.500000
0.000000 -3.500000 -2.061553
0.000000 -0.500000 0.707107
0.000000 -0.707107 0.500000
0.000000 -0.500000 0.500000
0.000000 -0.500000 0.500000
0.000000 -0.500000 0.500000
0.000000 -0.500000 0.500000
0.000000 -1.802776 -1.000000
0.000000 -1.581139 -1.000000
0.000000 -1.000000 -0.500000
0.000000 -1.000000 -0.500000
0.000000 -1.414214 -1.000000
0.000000 -1.118034 -0.707107
0.000000 -4.609772 -4.272002
0.000000 -1.414214 -1.118034
0.000000 -1.000000 -0.707107
0.000000 -1.000000 -0.707107
0.000000 -1.000000 -0.707107
0.000000 -1.000000 -0.707107
0.000000 -2.236068 -2.000000
0.000000 -1.581139 -1.414214
0.000000 -1.118034 -1.000000
0.000000 -1.118034 -1.000000
0.000000 -4.123106 -4.031129
0.000000 -4.123106 -4.031129
0.000000 -1.500000 -1.414214
0.000000 -4.609772 -4.527693
0.000000 -1.581139 -1.500000
0.000000 -2.061553 -2.000000
0.000000 -3.535534 -3.500000
0.000000 -4.301163 -4.272002
