1.000000 -1.414214 16.155494
1.000000 -1.000000 1.000000
1.000000 11.661904 12.206556
1.000000 12.083046 12.529964
1.000000 2.828427 3.162278
1.000000 13.152946 13.341664
1.000000 12.041595 12.206556
1.000000 16.031220 16.124515
1.000000 12.649111 12.727922
1.000000 12.000000 12.041595
0.000000 -5.385165 inf
0.000000 -4.472136 -2.236068
0.000000 -5.000000 -2.828427
0.000000 -4.123106 -2.236068
0.000000 -2.828427 -1.414214
0.000000 -3.000000 -2.236068
0.000000 -3.605551 -3.000000
0.000000 -2.828427 -2.236068
0.000000 -5.000000 -4.472136
0.000000 -3.605551 -3.162278
0.000000 -4.472136 -4.123106
0.000000 -2.236068 -2.000000
0.000000 -2.236068 -2.000000
0.000000 -2.236068 -2.000000
0.000000 -3.162278 -3.000000
0.000000 -3.162278 -3.000000
0.000000 -3.162278 -3.000000
