1.000000 -0.500000 4.609772
1.000000 -1.000000 1.581139
1.000000 -0.500000 1.581139
1.000000 0.500000 2.500000
1.000000 -1.000000 1.000000
1.000000 -0.707107 1.118034
1.000000 -0.500000 1.000000
1.000000 -0.707107 0.707107
1.000000 -0.707107 0.500000
1.000000 -0.707107 0.500000
1.000000 -0.500000 0.707107
1.000000 -0.500000 0.500000
1.000000 -0.500000 0.500000
1.000000 0.500000 1.500000
1.000000 0.500000 1.414214
1.000000 1.414214 2.061553
1.000000 0.500000 1.118034
1.000000 0.500000 1.000000
1.000000 0.500000 1.000000
1.000000 0.500000 1.000000
1.000000 1.581139 2.000000
1.000000 2.121320 2.500000
1.000000 1.118034 1.414214
1.000000 1.118034 1.414214
1.000000 0.707107 1.000000
1.000000 0.707107 1.000000
1.000000 0.707107 1.000000
1.000000 0.707107 1.000000
1.000000 0.707107 1.000000
1.000000 0.707107 1.000000
1.000000 1.581139 1.802776
1.000000 1.581139 1.802776
1.000000 0.500000 0.707107
1.000000 0.500000 0.707107
1.000000 0.500000 0.707107
1.000000 0.500000 0.707107
1.000000 0.500000 0.707107
1.000000 0.500000 0.707107
1.000000 0.500000 0.707107
1.000000 0.500000 0.707107
1.000000 0.500000 0.707107
1.000000 0.500000 0.707107
1.000000 0.500000 0.707107
1.000000 20.359273 20.554805
1.000000 20.359273 20.554805
1.000000 4.123106 4.272002
1.000000 21.377558 21.505813
1.000000 20.718349 20.838666
1.000000 1.000000 1.118034
1.000000 1.000000 1.118034
1.000000 1.000000 1.118034
1.000000 1.000000 1.118034
1.000000 1.000000 1.118034
1.000000 1.000000 1.118034
1.000000 20.500000 20.615528
1.000000 20.500000 20.615528
1.000000 3.807887 3.905125
1.000000 1.414214 1.500000
1.000000 1.414214 1.500000
1.000000 1.500000 1.581139
1.000000 1.500000 1.581139
1.000000 20.718349 20.796634
1.000000 21.708293 21.783021
1.000000 2.000000 2.061553
1.000000 21.095023 21.148286
1.000000 22.051077 22.102036
1.000000 21.053503 21.095023
1.000000 4.000000 4.031129
1.000000 23.521267 23.547824
1.000000 22.500000 22.522211
1.000000 21.505813 21.523243
1.000000 24.000000 24.005208
0.000000 -3.201562 inf
0.000000 -2.121320 20.248457
0.000000 -1.118034 0.500000
0.000000 -3.041381 -1.500000
0.000000 -1.000000 0.500000
0.000000 -1.000000 0.500000
0.000000 -1.802776 -0.500000
0.000000 -2.692582 -1.414214
0.000000 -0.707107 0.500000
0.000000 -0.707107 0.500000
0.000000 -0.707107 0.500000
0.000000 -0.500000 0.500000
0.000000 -2.061553 -1.118034
0.000000 -1.581139 -0.707107
0.000000 -2.692582 -2.000000
0.000000 -2.000000 -1.414214
0.000000 -1.000000 -0.500000
0.000000 -1.000000 -0.500000
0.000000 -1.000000 -0.500000
0.000000 -1.581139 -1.118034
0.000000 -2.236068 -1.802776
0.000000 -1.414214 -1.000000
0.000000 -1.118034 -0.707107
0.000000 -1.118034 -0.707107
0.000000 -1.500000 -1.118034
0.000000 -2.121320 -1.802776
0.000000 -1.802776 -1.500000
0.000000 -1.414214 -1.118034
0.000000 -1.414214 -1.118034
0.000000 -1.000000 -0.707107
0.000000 -1.000000 -0.707107
0.000000 -1.000000 -0.707107
0.000000 -1.000000 -0.707107
0.000000 -0.707107 -0.500000
0.000000 -0.707107 -0.500000
0.000000 -0.707107 -0.500000
0.000000 -2.000000 -1.802776
0.000000 -1.581139 -1.414214
0.000000 -1.581139 -1.414214
0.000000 -1.581139 -1.414214
0.000000 -1.118034 -1.000000
0.000000 -1.118034 -1.000000
0.000000 -1.118034 -1.000000
0.000000 -1.118034 -1.000000
0.000000 -1.500000 -1.414214
0.000000 -1.500000 -1.414214
0.000000 -1.500000 -1.414214
0.000000 -3.000000 -2.915476
0.000000 -1.581139 -1.500000
0.000000 -1.581139 -1.500000
0.000000 -2.061553 -2.000000
0.000000 -3.041381 -3.000000
