1.000000 -1.000000 13.152946
1.000000 -1.000000 1.414214
1.000000 -1.000000 1.000000
1.000000 -1.000000 1.000000
1.000000 11.661904 12.649111
1.000000 2.828427 3.605551
1.000000 5.385165 5.830952
1.000000 3.162278 3.605551
1.000000 3.162278 3.605551
1.000000 3.162278 3.605551
1.000000 5.000000 5.385165
1.000000 5.099020 5.385165
1.000000 12.369317 12.649111
1.000000 5.385165 5.656854
1.000000 12.041595 12.206556
1.000000 12.041595 12.206556
1.000000 11.180340 11.313708
1.000000 4.000000 4.123106
1.000000 6.000000 6.082763
1.000000 6.000000 6.082763
1.000000 9.000000 9.055385
1.000000 12.000000 12.041595
0.000000 -3.605551 inf
0.000000 -2.236068 5.000000
0.000000 -1.414214 2.828427
0.000000 -3.162278 -1.414214
0.000000 -2.828427 -1.414214
0.000000 -2.000000 -1.000000
0.000000 -3.000000 -2.000000
0.000000 -2.000000 -1.000000
0.000000 -2.828427 -2.000000
0.000000 -2.828427 -2.000000
0.000000 -2.828427 -2.000000
0.000000 -2.828427 -2.000000
0.000000 -2.828427 -2.236068
0.000000 -2.828427 -2.236068
0.000000 -2.000000 -1.414214
0.000000 -2.000000 -1.414214
0.000000 -2.000000 -1.414214
0.000000 -3.162278 -2.828427
0.000000 -2.236068 -2.000000
0.000000 -2.236068 -2.000000
