1.000000 -2.500000 0.500000
1.000000 -2.000000 0.500000
1.000000 -1.000000 1.000000
1.000000 -1.118034 0.500000
1.000000 2.549510 3.201562
1.000000 4.031129 4.609772
1.000000 2.061553 2.500000
1.000000 3.201562 3.535534
1.000000 1.500000 1.802776
1.000000 0.707107 1.000000
1.000000 1.581139 1.802776
1.000000 1.581139 1.802776
1.000000 1.581139 1.802776
1.000000 0.500000 0.707107
1.000000 0.500000 0.707107
1.000000 4.301163 4.472136
1.000000 3.201562 3.354102
1.000000 2.549510 2.692582
1.000000 2.692582 2.828427
1.000000 2.000000 2.061553
0.000000 -5.700877 inf
0.000000 -0.707107 3.041381
0.000000 -0.500000 2.549510
0.000000 -1.500000 1.500000
0.000000 -1.500000 1.414214
0.000000 -1.118034 -0.500000
0.000000 -3.535534 -3.000000
0.000000 -2.500000 -2.061553
0.000000 -2.000000 -1.581139
0.000000 -3.535534 -3.201562
0.000000 -3.500000 -3.201562
0.000000 -0.707107 -0.500000
0.000000 -0.707107 -0.500000
0.000000 -0.707107 -0.500000
0.000000 -0.707107 -0.500000
0.000000 -3.354102 -3.201562
0.000000 -3.354102 -3.201562
0.000000 -1.500000 -1.414214
0.000000 -5.000000 -4.949747
0.000000 -2.549510 -2.500000
0.000000 -3.041381 -3.000000
