1.000000 4.123106 10.816654
1.000000 4.472136 8.062258
1.000000 -1.000000 1.000000
1.000000 -1.000000 1.000000
1.000000 8.062258 9.899495
1.000000 3.000000 4.123106
1.000000 5.385165 5.830952
1.000000 9.433981 9.848858
1.000000 1.000000 1.414214
1.000000 10.049876 10.440307
1.000000 6.708204 7.071068
1.000000 6.403124 6.708204
1.000000 5.099020 5.385165
1.000000 5.385165 5.656854
1.000000 2.000000 2.236068
1.000000 2.000000 2.236068
1.000000 3.000000 3.162278
1.000000 3.000000 3.162278
1.000000 9.848858 10.000000
1.000000 6.000000 6.082763
1.000000 6.000000 6.082763
1.000000 7.211103 7.280110
1.000000 8.544004 8.602325
1.000000 9.848858 9.899495
1.000000 10.000000 10.049876
0.000000 -3.605551 inf
0.000000 -2.828427 2.000000
0.000000 -1.414214 3.000000
0.000000 -1.000000 2.000000
0.000000 -1.000000 2.000000
0.000000 -1.414214 1.000000
0.000000 -1.414214 1.000000
0.000000 -1.414214 1.000000
0.000000 -1.000000 1.000000
0.000000 -1.000000 1.000000
0.000000 -1.000000 1.000000
0.000000 -2.000000 -1.000000
0.000000 -2.000000 -1.000000
0.000000 -2.828427 -2.000000
0.000000 -2.828427 -2.000000
0.000000 -3.605551 -2.828427
0.000000 -2.000000 -1.414214
0.000000 -1.414214 -1.000000
0.000000 -1.414214 -1.000000
0.000000 -1.414214 -1.000000
0.000000 -1.414214 -1.000000
0.000000 -1.414214 -1.000000
0.000000 -1.414214 -1.000000
0.000000 -2.236068 -2.000000
0.000000 -2.236068 -2.000000
