1.000000 -2.500000 0.707107
1.000000 -2.236068 0.707107
1.000000 -1.414214 0.500000
1.000000 -1.118034 0.500000
1.000000 -1.118034 0.500000
1.000000 -1.000000 0.500000
1.000000 -0.707107 0.707107
1.000000 -0.500000 0.500000
1.000000 3.201562 3.354102
1.000000 1.500000 1.581139
1.000000 1.500000 1.581139
1.000000 3.535534 3.605551
0.000000 -10.404326 inf
0.000000 -5.408327 -2.692582
0.000000 -6.363961 -5.147815
0.000000 -3.354102 -2.828427
0.000000 -3.201562 -2.828427
0.000000 -3.354102 -3.041381
0.000000 -0.707107 -0.500000
0.000000 -7.382412 -7.211103
0.000000 -3.041381 -2.915476
0.000000 -10.404326 -10.307764
0.000000 -9.708244 -9.617692
0.000000 -5.220153 -5.147815
0.000000 -5.385165 -5.315073
0.000000 -3.041381 -3.000000
0.000000 -4.527693 -4.500000
0.000000 -5.024938 -5.000000
0.000000 -7.648529 -7.632169
0.000000 -10.307764 -10.295630
