1.000000 0.800000 18.659046
1.000000 6.788225 10.023971
1.000000 -1.131371 1.131371
1.000000 -1.131371 0.800000
1.000000 2.884441 4.664762
1.000000 -0.800000 0.800000
1.000000 -0.800000 0.800000
1.000000 -0.800000 0.800000
1.000000 -0.800000 0.800000
1.000000 -0.800000 0.800000
1.000000 2.884441 4.308132
1.000000 8.504117 9.895454
1.000000 0.800000 1.600000
1.000000 1.788854 2.262742
1.000000 3.577709 4.000000
1.000000 8.653323 9.050967
1.000000 7.547185 7.919596
1.000000 2.529822 2.884441
1.000000 0.800000 1.131371
1.000000 0.800000 1.131371
1.000000 0.800000 1.131371
1.000000 8.616264 8.944272
1.000000 6.835203 7.155418
1.000000 6.835203 7.155418
1.000000 8.653323 8.944272
1.000000 6.881860 7.155418
1.000000 4.079216 4.308132
1.000000 9.895454 10.119289
1.000000 8.158431 8.352245
1.000000 1.600000 1.788854
1.000000 1.600000 1.788854
1.000000 1.600000 1.788854
1.000000 8.944272 9.121403
1.000000 7.375636 7.547185
1.000000 7.244308 7.375636
1.000000 2.400000 2.529822
1.000000 2.400000 2.529822
1.000000 17.762883 17.888544
1.000000 3.200000 3.298485
1.000000 3.200000 3.298485
1.000000 3.200000 3.298485
1.000000 6.788225 6.881860
1.000000 6.788225 6.881860
1.000000 4.000000 4.079216
1.000000 9.050967 9.121403
1.000000 4.800000 4.866210
1.000000 5.600000 5.656854
1.000000 5.600000 5.656854
1.000000 7.879086 7.919596
1.000000 8.800000 8.836289
1.000000 11.200000 11.228535
1.000000 16.178999 16.198765
1.000000 17.600000 17.618172
1.000000 18.400000 18.417383
0.000000 -6.248200 inf
0.000000 -2.400000 5.059644
0.000000 -3.298485 0.800000
0.000000 -1.600000 0.800000
0.000000 -0.800000 1.600000
0.000000 -3.200000 -0.800000
0.000000 -3.200000 -0.800000
0.000000 -2.884441 -0.800000
0.000000 -0.800000 1.131371
0.000000 -0.800000 0.800000
0.000000 -0.800000 0.800000
0.000000 -0.800000 0.800000
0.000000 -0.800000 0.800000
0.000000 -2.262742 -0.800000
0.000000 -2.262742 -0.800000
0.000000 -2.884441 -1.600000
0.000000 -2.262742 -1.131371
0.000000 -1.788854 -0.800000
0.000000 -3.200000 -2.400000
0.000000 -1.600000 -0.800000
0.000000 -1.600000 -0.800000
0.000000 -1.600000 -0.800000
0.000000 -1.600000 -0.800000
0.000000 -2.400000 -1.600000
0.000000 -2.884441 -2.262742
0.000000 -2.400000 -1.788854
0.000000 -5.366563 -4.800000
0.000000 -2.884441 -2.400000
0.000000 -1.600000 -1.131371
0.000000 -1.600000 -1.131371
0.000000 -1.600000 -1.131371
0.000000 -1.600000 -1.131371
0.000000 -1.600000 -1.131371
0.000000 -1.600000 -1.131371
0.000000 -1.600000 -1.131371
0.000000 -4.000000 -3.577709
0.000000 -2.884441 -2.529822
0.000000 -2.884441 -2.529822
0.000000 -2.884441 -2.529822
0.000000 -2.884441 -2.529822
0.000000 -2.884441 -2.529822
0.000000 -1.131371 -0.800000
0.000000 -1.131371 -0.800000
0.000000 -1.131371 -0.800000
0.000000 -1.131371 -0.800000
0.000000 -1.131371 -0.800000
0.000000 -3.200000 -2.884441
0.000000 -2.529822 -2.262742
0.000000 -1.788854 -1.600000
0.000000 -3.577709 -3.394113
0.000000 -2.400000 -2.262742
0.000000 -2.400000 -2.262742
0.000000 -3.298485 -3.200000
0.000000 -5.656854 -5.600000
