1.000000 -2.236068 1.000000
1.000000 6.403124 8.944272
1.000000 -1.000000 1.000000
1.000000 -1.000000 1.000000
1.000000 -1.000000 1.000000
1.000000 -1.000000 1.000000
1.000000 -1.000000 1.000000
1.000000 8.000000 10.000000
1.000000 6.403124 7.071068
1.000000 6.403124 7.071068
1.000000 6.403124 7.071068
1.000000 6.708204 7.211103
1.000000 8.062258 8.544004
1.000000 8.062258 8.544004
1.000000 3.162278 3.605551
1.000000 7.211103 7.615773
1.000000 6.708204 7.071068
1.000000 7.280110 7.615773
1.000000 7.280110 7.615773
1.000000 8.000000 8.246211
1.000000 2.000000 2.236068
1.000000 2.000000 2.236068
1.000000 2.000000 2.236068
1.000000 9.219544 9.433981
1.000000 8.062258 8.246211
1.000000 3.000000 3.162278
1.000000 7.000000 7.071068
1.000000 8.000000 8.062258
1.000000 8.000000 8.062258
1.000000 8.000000 8.062258
1.000000 9.000000 9.055385
0.000000 -8.000000 inf
0.000000 -5.656854 1.414214
0.000000 -1.000000 3.000000
0.000000 -2.000000 1.000000
0.000000 -4.000000 -1.000000
0.000000 -1.000000 1.000000
0.000000 -4.123106 -2.828427
0.000000 -2.828427 -2.000000
0.000000 -2.828427 -2.000000
0.000000 -2.828427 -2.236068
0.000000 -2.000000 -1.414214
0.000000 -1.414214 -1.000000
0.000000 -2.236068 -2.000000
