1.000000 5.315073 12.349089
1.000000 1.802776 5.830952
1.000000 -1.000000 0.500000
1.000000 3.041381 4.472136
1.000000 -0.707107 0.500000
1.000000 -0.500000 0.500000
1.000000 -0.500000 0.500000
1.000000 -0.500000 0.500000
1.000000 1.414214 2.121320
1.000000 3.000000 3.605551
1.000000 0.500000 1.000000
1.000000 1.118034 1.500000
1.000000 4.242641 4.609772
1.000000 4.301163 4.609772
1.000000 1.118034 1.414214
1.000000 1.118034 1.414214
1.000000 0.707107 1.000000
1.000000 4.242641 4.472136
1.000000 1.581139 1.802776
1.000000 1.581139 1.802776
1.000000 1.581139 1.802776
1.000000 1.581139 1.802776
1.000000 5.830952 6.041523
1.000000 0.500000 0.707107
1.000000 3.162278 3.354102
1.000000 5.408327 5.590170
1.000000 5.408327 5.590170
1.000000 4.301163 4.472136
1.000000 1.414214 1.581139
1.000000 3.000000 3.162278
1.000000 6.184658 6.324555
1.000000 4.472136 4.609772
1.000000 5.700877 5.830952
1.000000 5.700877 5.830952
1.000000 3.041381 3.162278
1.000000 1.000000 1.118034
1.000000 1.000000 1.118034
1.000000 5.315073 5.408327
1.000000 5.315073 5.408327
1.000000 6.020797 6.103278
1.000000 1.500000 1.581139
1.000000 1.500000 1.581139
1.000000 1.500000 1.581139
1.000000 1.500000 1.581139
1.000000 1.500000 1.581139
1.000000 5.522681 5.590170
1.000000 2.000000 2.061553
1.000000 2.000000 2.061553
1.000000 2.000000 2.061553
1.000000 2.000000 2.061553
1.000000 4.242641 4.301163
1.000000 4.242641 4.301163
1.000000 6.519202 6.576473
1.000000 3.500000 3.535534
1.000000 12.000000 12.010412
0.000000 -3.354102 inf
0.000000 -3.162278 1.118034
0.000000 -2.500000 1.414214
0.000000 -1.802776 1.118034
0.000000 -1.414214 1.118034
0.000000 -2.000000 0.500000
0.000000 -1.000000 1.414214
0.000000 -1.118034 1.000000
0.000000 -0.500000 1.500000
0.000000 -1.500000 0.500000
0.000000 -0.707107 1.000000
0.000000 -1.118034 0.500000
0.000000 -0.500000 0.707107
0.000000 -0.707107 0.500000
0.000000 -1.581139 -0.500000
0.000000 -0.500000 0.500000
0.000000 -0.500000 0.500000
0.000000 -3.000000 -2.121320
0.000000 -1.414214 -0.707107
0.000000 -1.802776 -1.118034
0.000000 -2.061553 -1.414214
0.000000 -2.000000 -1.500000
0.000000 -1.000000 -0.500000
0.000000 -1.000000 -0.500000
0.000000 -1.000000 -0.500000
0.000000 -1.000000 -0.500000
0.000000 -1.581139 -1.118034
0.000000 -1.414214 -1.000000
0.000000 -1.118034 -0.707107
0.000000 -1.118034 -0.707107
0.000000 -1.802776 -1.500000
0.000000 -1.414214 -1.118034
0.000000 -1.414214 -1.118034
0.000000 -1.000000 -0.707107
0.000000 -1.000000 -0.707107
0.000000 -1.000000 -0.707107
0.000000 -1.000000 -0.707107
0.000000 -1.000000 -0.707107
0.000000 -1.000000 -0.707107
0.000000 -1.000000 -0.707107
0.000000 -1.000000 -0.707107
0.000000 -2.061553 -1.802776
0.000000 -1.581139 -1.414214
0.000000 -1.581139 -1.414214
0.000000 -1.581139 -1.414214
0.000000 -2.692582 -2.549510
0.000000 -1.118034 -1.000000
0.000000 -1.118034 -1.000000
0.000000 -1.118034 -1.000000
0.000000 -1.118034 -1.000000
0.000000 -2.915476 -2.828427
0.000000 -1.500000 -1.414214
0.000000 -1.500000 -1.414214
0.000000 -3.000000 -2.915476
