1.000000 -1.600000 6.449806
1.000000 -1.600000 5.122499
1.000000 -3.394113 1.131371
1.000000 -2.262742 1.131371
1.000000 -2.400000 0.800000
1.000000 -1.788854 0.800000
1.000000 -1.788854 0.800000
1.000000 -1.600000 0.800000
1.000000 1.600000 4.000000
1.000000 -1.131371 0.800000
1.000000 -0.800000 1.131371
1.000000 -0.800000 0.800000
1.000000 -0.800000 0.800000
1.000000 -0.800000 0.800000
1.000000 4.000000 4.800000
1.000000 3.394113 4.000000
1.000000 3.577709 4.000000
1.000000 4.664762 5.059644
1.000000 4.308132 4.664762
1.000000 0.800000 1.131371
1.000000 0.800000 1.131371
1.000000 0.800000 1.131371
1.000000 0.800000 1.131371
1.000000 0.800000 1.131371
1.000000 2.884441 3.200000
1.000000 4.000000 4.308132
1.000000 3.298485 3.577709
1.000000 3.298485 3.577709
1.000000 4.079216 4.308132
1.000000 4.079216 4.308132
1.000000 4.079216 4.308132
1.000000 3.394113 3.577709
1.000000 2.400000 2.529822
1.000000 3.200000 3.298485
1.000000 3.200000 3.298485
1.000000 3.298485 3.394113
1.000000 4.000000 4.079216
1.000000 6.400000 6.449806
0.000000 -9.050967 inf
0.000000 -6.449806 -2.529822
0.000000 -7.200000 -4.000000
0.000000 -1.600000 0.800000
0.000000 -1.131371 1.131371
0.000000 -4.000000 -1.788854
0.000000 -6.092618 -4.000000
0.000000 -1.131371 0.800000
0.000000 -0.800000 0.800000
0.000000 -3.577709 -2.884441
0.000000 -2.262742 -1.600000
0.000000 -2.262742 -1.600000
0.000000 -2.884441 -2.262742
0.000000 -3.394113 -2.884441
0.000000 -2.884441 -2.400000
0.000000 -2.262742 -1.788854
0.000000 -2.262742 -1.788854
0.000000 -2.262742 -1.788854
0.000000 -2.262742 -1.788854
0.000000 -2.262742 -1.788854
0.000000 -2.262742 -1.788854
0.000000 -4.000000 -3.577709
0.000000 -4.000000 -3.577709
0.000000 -4.000000 -3.577709
0.000000 -5.366563 -5.122499
0.000000 -5.366563 -5.122499
0.000000 -5.600000 -5.366563
0.000000 -4.308132 -4.079216
0.000000 -1.788854 -1.600000
0.000000 -1.788854 -1.600000
0.000000 -2.400000 -2.262742
0.000000 -2.529822 -2.400000
0.000000 -2.529822 -2.400000
0.000000 -2.529822 -2.400000
0.000000 -2.529822 -2.400000
0.000000 -4.866210 -4.800000
0.000000 -5.656854 -5.600000
0.000000 -5.656854 -5.600000
