1.000000 4.716991 11.101802
1.000000 -1.000000 1.000000
1.000000 -1.000000 0.500000
1.000000 -0.707107 0.707107
1.000000 -0.707107 0.500000
1.000000 -0.500000 0.500000
1.000000 -0.500000 0.500000
1.000000 -0.500000 0.500000
1.000000 0.707107 1.500000
1.000000 1.000000 1.500000
1.000000 1.118034 1.414214
1.000000 0.707107 1.000000
1.000000 1.581139 1.802776
1.000000 0.500000 0.707107
1.000000 0.500000 0.707107
1.000000 0.500000 0.707107
1.000000 0.500000 0.707107
1.000000 0.500000 0.707107
1.000000 0.500000 0.707107
1.000000 0.500000 0.707107
1.000000 0.500000 0.707107
1.000000 4.743416 4.924429
1.000000 5.852350 6.000000
1.000000 6.184658 6.324555
1.000000 5.099020 5.220153
1.000000 1.000000 1.118034
1.000000 5.000000 5.099020
1.000000 1.500000 1.581139
1.000000 1.500000 1.581139
1.000000 4.924429 5.000000
1.000000 10.049876 10.111874
1.000000 2.000000 2.061553
1.000000 2.000000 2.061553
1.000000 9.178780 9.219544
1.000000 5.500000 5.522681
1.000000 6.500000 6.519202
0.000000 -3.640055 inf
0.000000 -2.121320 0.500000
0.000000 -3.041381 -0.500000
0.000000 -1.000000 0.500000
0.000000 -2.000000 -0.500000
0.000000 -2.236068 -1.000000
0.000000 -0.500000 0.500000
0.000000 -0.500000 0.500000
0.000000 -0.500000 0.500000
0.000000 -2.000000 -1.118034
0.000000 -1.581139 -1.000000
0.000000 -1.581139 -1.000000
0.000000 -2.500000 -2.000000
0.000000 -1.414214 -1.000000
0.000000 -1.414214 -1.000000
0.000000 -1.414214 -1.118034
0.000000 -1.802776 -1.581139
0.000000 -1.802776 -1.581139
0.000000 -0.707107 -0.500000
0.000000 -0.707107 -0.500000
0.000000 -0.707107 -0.500000
0.000000 -3.354102 -3.201562
0.000000 -1.118034 -1.000000
0.000000 -1.118034 -1.000000
0.000000 -1.118034 -1.000000
0.000000 -1.118034 -1.000000
0.000000 -1.118034 -1.000000
0.000000 -1.118034 -1.000000
0.000000 -1.118034 -1.000000
0.000000 -1.118034 -1.000000
0.000000 -2.915476 -2.828427
0.000000 -1.581139 -1.500000
0.000000 -1.581139 -1.500000
0.000000 -1.581139 -1.500000
0.000000 -2.061553 -2.000000
