1.000000 -0.500000 2.500000
1.000000 -1.000000 0.500000
1.000000 1.500000 2.500000
1.000000 1.802776 2.500000
1.000000 1.802776 2.121320
1.000000 1.802776 2.061553
1.000000 2.061553 2.236068
1.000000 2.061553 2.236068
1.000000 2.000000 2.061553
1.000000 2.000000 2.061553
0.000000 -2.549510 inf
0.000000 -2.236068 -1.000000
0.000000 -2.236068 -1.118034
0.000000 -0.500000 0.500000
0.000000 -1.802776 -1.118034
0.000000 -2.000000 -1.581139
0.000000 -1.802776 -1.414214
0.000000 -1.500000 -1.118034
0.000000 -2.236068 -2.121320
