1.000000 -1.000000 9.708244
1.000000 7.826238 8.062258
1.000000 7.382412 7.615773
1.000000 7.615773 7.826238
1.000000 7.211103 7.382412
1.000000 1.414214 1.581139
1.000000 3.905125 4.031129
1.000000 4.123106 4.242641
1.000000 7.106335 7.211103
1.000000 8.631338 8.732125
1.000000 8.077747 8.139410
1.000000 8.321658 8.381527
1.000000 2.500000 2.549510
1.000000 7.071068 7.106335
1.000000 4.500000 4.527693
1.000000 9.500000 9.513149
0.000000 -5.852350 inf
0.000000 -4.031129 -2.061553
0.000000 -0.500000 1.118034
0.000000 -2.500000 -1.000000
0.000000 -2.500000 -1.414214
0.000000 -2.121320 -1.414214
0.000000 -2.500000 -2.061553
0.000000 -1.414214 -1.000000
0.000000 -1.802776 -1.414214
0.000000 -1.000000 -0.707107
0.000000 -2.828427 -2.549510
0.000000 -1.802776 -1.581139
0.000000 -3.807887 -3.605551
0.000000 -4.000000 -3.807887
0.000000 -1.581139 -1.414214
0.000000 -2.692582 -2.549510
0.000000 -3.041381 -2.915476
0.000000 -1.581139 -1.500000
0.000000 -1.581139 -1.500000
0.000000 -1.581139 -1.500000
0.000000 -5.099020 -5.024938
0.000000 -2.549510 -2.500000
0.000000 -3.041381 -3.000000
0.000000 -3.640055 -3.605551
