1.000000 1.777778 18.324914
1.000000 17.098119 17.463896
1.000000 16.865481 17.167296
1.000000 6.222222 6.471209
1.000000 7.111111 7.166451
0.000000 -4.444444 inf
0.000000 -3.555556 -1.777778
0.000000 -2.514157 -0.888889
0.000000 -1.777778 -0.888889
0.000000 -1.777778 -0.888889
0.000000 -1.777778 -0.888889
0.000000 -2.514157 -1.777778
0.000000 -2.514157 -1.777778
0.000000 -2.666667 -1.987616
0.000000 -3.204934 -2.666667
0.000000 -2.514157 -1.987616
0.000000 -2.514157 -1.987616
0.000000 -1.777778 -1.257079
0.000000 -1.777778 -1.257079
0.000000 -1.257079 -0.888889
0.000000 -1.257079 -0.888889
0.000000 -1.257079 -0.888889
0.000000 -1.257079 -0.888889
0.000000 -1.987616 -1.777778
0.000000 -1.987616 -1.777778
0.000000 -2.666667 -2.514157
