1.000000 -1.000000 1.414214
1.000000 -1.118034 1.118034
1.000000 -1.414214 0.707107
1.000000 -0.500000 1.581139
1.000000 -1.118034 0.707107
1.000000 -1.000000 0.707107
1.000000 -1.118034 0.500000
1.000000 -0.500000 1.118034
1.000000 -1.118034 0.500000
1.000000 -1.000000 0.500000
1.000000 -1.000000 0.500000
1.000000 -1.000000 0.500000
1.000000 -1.000000 0.500000
1.000000 -0.500000 1.000000
1.000000 -0.707107 0.707107
1.000000 -0.707107 0.500000
1.000000 -0.707107 0.500000
1.000000 -0.500000 0.500000
1.000000 0.707107 1.414214
1.000000 0.500000 1.118034
1.000000 0.500000 1.000000
1.000000 0.500000 1.000000
1.000000 0.500000 1.000000
1.000000 0.500000 1.000000
1.000000 0.707107 1.118034
1.000000 0.707107 1.118034
1.000000 0.707107 1.118034
1.000000 0.707107 1.000000
1.000000 2.236068 2.500000
1.000000 2.915476 3.162278
1.000000 0.500000 0.707107
1.000000 0.500000 0.707107
1.000000 0.500000 0.707107
1.000000 0.500000 0.707107
1.000000 0.500000 0.707107
1.000000 0.500000 0.707107
1.000000 0.500000 0.707107
1.000000 1.000000 1.118034
1.000000 1.000000 1.118034
1.000000 1.000000 1.118034
1.000000 1.000000 1.118034
1.000000 1.000000 1.118034
1.000000 1.000000 1.118034
1.000000 1.000000 1.118034
1.000000 1.500000 1.581139
1.000000 3.000000 3.041381
0.000000 -4.000000 inf
0.000000 -3.535534 -1.500000
0.000000 -3.000000 -1.414214
0.000000 -1.000000 0.500000
0.000000 -3.605551 -2.121320
0.000000 -2.915476 -1.581139
0.000000 -2.500000 -1.414214
0.000000 -0.500000 0.500000
0.000000 -3.162278 -2.236068
0.000000 -2.500000 -1.581139
0.000000 -1.802776 -1.000000
0.000000 -2.915476 -2.121320
0.000000 -3.354102 -2.692582
0.000000 -1.118034 -0.707107
0.000000 -2.121320 -1.802776
0.000000 -1.414214 -1.118034
0.000000 -1.414214 -1.118034
0.000000 -1.414214 -1.118034
0.000000 -1.414214 -1.118034
0.000000 -1.000000 -0.707107
0.000000 -1.000000 -0.707107
0.000000 -1.000000 -0.707107
0.000000 -2.500000 -2.236068
0.000000 -2.500000 -2.236068
0.000000 -2.061553 -1.802776
0.000000 -0.707107 -0.500000
0.000000 -0.707107 -0.500000
0.000000 -2.000000 -1.802776
0.000000 -2.000000 -1.802776
0.000000 -2.121320 -2.000000
0.000000 -2.236068 -2.121320
0.000000 -1.581139 -1.500000
0.000000 -1.581139 -1.500000
0.000000 -1.581139 -1.500000
0.000000 -2.061553 -2.000000
0.000000 -2.061553 -2.000000
0.000000 -2.549510 -2.500000
