1.000000 5.830952 11.704700
1.000000 -1.000000 1.414214
1.000000 -1.000000 1.000000
1.000000 -1.000000 1.000000
1.000000 -1.000000 1.000000
1.000000 -1.000000 1.000000
1.000000 10.295630 11.180340
1.000000 1.414214 2.236068
1.000000 4.242641 5.000000
1.000000 5.830952 6.403124
1.000000 4.472136 5.000000
1.000000 9.848858 10.295630
1.000000 5.385165 5.830952
1.000000 3.162278 3.605551
1.000000 9.433981 9.848858
1.000000 1.000000 1.414214
1.000000 1.000000 1.414214
1.000000 1.000000 1.414214
1.000000 1.000000 1.414214
1.000000 10.440307 10.770330
1.000000 10.440307 10.770330
1.000000 6.000000 6.324555
1.000000 6.082763 6.324555
1.000000 2.000000 2.236068
1.000000 2.000000 2.236068
1.000000 4.242641 4.472136
1.000000 11.180340 11.401754
1.000000 9.219544 9.433981
1.000000 10.630146 10.816654
1.000000 2.828427 3.000000
1.000000 11.045361 11.180340
1.000000 4.000000 4.123106
1.000000 5.000000 5.099020
1.000000 5.000000 5.099020
1.000000 6.324555 6.403124
1.000000 6.324555 6.403124
1.000000 7.000000 7.071068
1.000000 8.000000 8.062258
1.000000 11.000000 11.045361
0.000000 -5.000000 inf
0.000000 -3.605551 3.000000
0.000000 -4.000000 1.000000
0.000000 -2.236068 2.000000
0.000000 -1.000000 2.000000
0.000000 -3.605551 -1.000000
0.000000 -3.605551 -1.000000
0.000000 -1.000000 1.000000
0.000000 -1.000000 1.000000
0.000000 -1.000000 1.000000
0.000000 -1.000000 1.000000
0.000000 -1.000000 1.000000
0.000000 -1.000000 1.000000
0.000000 -2.828427 -1.000000
0.000000 -2.236068 -1.000000
0.000000 -3.162278 -2.000000
0.000000 -2.000000 -1.000000
0.000000 -3.000000 -2.000000
0.000000 -2.828427 -2.236068
0.000000 -2.000000 -1.414214
0.000000 -2.000000 -1.414214
0.000000 -3.605551 -3.162278
0.000000 -1.414214 -1.000000
0.000000 -3.162278 -2.828427
0.000000 -2.236068 -2.000000
0.000000 -3.162278 -3.000000
