1.000000 2.828427 11.000000
1.000000 -2.000000 1.000000
1.000000 -1.414214 1.000000
1.000000 -1.414214 1.000000
1.000000 4.000000 5.000000
1.000000 3.000000 3.605551
1.000000 1.000000 1.414214
1.000000 9.486833 9.848858
1.000000 4.123106 4.472136
1.000000 4.242641 4.472136
1.000000 4.242641 4.472136
1.000000 9.055385 9.219544
1.000000 3.000000 3.162278
1.000000 10.049876 10.198039
0.000000 -5.830952 inf
0.000000 -5.000000 -2.236068
0.000000 -4.123106 -2.000000
0.000000 -3.605551 -2.236068
0.000000 -3.162278 -2.236068
0.000000 -5.000000 -4.123106
0.000000 -4.472136 -3.605551
0.000000 -3.605551 -2.828427
0.000000 -3.000000 -2.236068
0.000000 -3.605551 -3.000000
0.000000 -2.828427 -2.236068
0.000000 -5.000000 -4.472136
0.000000 -3.605551 -3.162278
0.000000 -3.162278 -2.828427
0.000000 -5.830952 -5.656854
0.000000 -3.162278 -3.000000
