1.000000 -0.500000 7.071068
1.000000 0.707107 3.807887
1.000000 2.061553 5.147815
1.000000 -0.500000 0.500000
1.000000 1.000000 1.802776
1.000000 1.000000 1.500000
1.000000 2.061553 2.500000
1.000000 5.656854 6.020797
1.000000 5.700877 6.020797
1.000000 1.500000 1.802776
1.000000 1.118034 1.414214
1.000000 0.707107 1.000000
1.000000 0.707107 1.000000
1.000000 0.707107 1.000000
1.000000 0.707107 1.000000
1.000000 0.707107 1.000000
1.000000 0.500000 0.707107
1.000000 5.830952 6.020797
1.000000 6.519202 6.708204
1.000000 2.061553 2.236068
1.000000 2.549510 2.692582
1.000000 2.549510 2.692582
1.000000 6.946222 7.071068
1.000000 1.000000 1.118034
1.000000 1.000000 1.118034
1.000000 1.000000 1.118034
1.000000 1.000000 1.118034
1.000000 3.500000 3.605551
1.000000 2.915476 3.000000
1.000000 4.527693 4.609772
1.000000 1.500000 1.581139
1.000000 1.500000 1.581139
1.000000 1.500000 1.581139
1.000000 1.500000 1.581139
1.000000 1.500000 1.581139
1.000000 1.500000 1.581139
1.000000 4.924429 5.000000
1.000000 4.924429 5.000000
1.000000 6.726812 6.800735
1.000000 6.041523 6.103278
1.000000 2.000000 2.061553
1.000000 4.949747 5.000000
1.000000 3.162278 3.201562
1.000000 3.500000 3.535534
1.000000 3.500000 3.535534
1.000000 4.500000 4.527693
0.000000 -2.692582 inf
0.000000 -1.414214 1.118034
0.000000 -1.802776 0.707107
0.000000 -2.549510 -0.500000
0.000000 -2.121320 -1.000000
0.000000 -2.500000 -1.414214
0.000000 -0.500000 0.500000
0.000000 -2.000000 -1.000000
0.000000 -1.802776 -1.000000
0.000000 -2.121320 -1.414214
0.000000 -2.121320 -1.581139
0.000000 -1.500000 -1.000000
0.000000 -1.581139 -1.118034
0.000000 -2.692582 -2.236068
0.000000 -2.236068 -1.802776
0.000000 -1.802776 -1.414214
0.000000 -1.500000 -1.118034
0.000000 -1.500000 -1.118034
0.000000 -1.802776 -1.500000
0.000000 -1.802776 -1.500000
0.000000 -1.414214 -1.118034
0.000000 -1.414214 -1.118034
0.000000 -1.414214 -1.118034
0.000000 -1.414214 -1.118034
0.000000 -1.802776 -1.581139
0.000000 -1.802776 -1.581139
0.000000 -1.802776 -1.581139
0.000000 -1.802776 -1.581139
0.000000 -1.802776 -1.581139
0.000000 -1.802776 -1.581139
0.000000 -2.000000 -1.802776
0.000000 -1.581139 -1.414214
0.000000 -1.581139 -1.414214
0.000000 -1.581139 -1.414214
0.000000 -1.581139 -1.414214
0.000000 -2.121320 -2.000000
0.000000 -1.118034 -1.000000
0.000000 -1.118034 -1.000000
0.000000 -1.118034 -1.000000
0.000000 -1.500000 -1.414214
0.000000 -1.500000 -1.414214
0.000000 -1.500000 -1.414214
0.000000 -1.581139 -1.500000
0.000000 -2.061553 -2.000000
