1.000000 5.000000 12.806248
1.000000 5.830952 6.324555
1.000000 1.000000 1.414214
1.000000 1.000000 1.414214
1.000000 10.770330 11.180340
1.000000 6.324555 6.708204
1.000000 4.242641 4.472136
1.000000 4.242641 4.472136
1.000000 11.180340 11.401754
1.000000 5.656854 5.830952
1.000000 3.000000 3.162278
1.000000 7.000000 7.071068
1.000000 7.000000 7.071068
1.000000 12.000000 12.041595
0.000000 -2.236068 inf
0.000000 -1.000000 5.656854
0.000000 -1.000000 4.242641
0.000000 -1.000000 4.242641
0.000000 -1.000000 3.000000
0.000000 -1.414214 1.414214
0.000000 -1.414214 1.000000
0.000000 -1.000000 1.000000
0.000000 -1.000000 1.000000
0.000000 -1.000000 1.000000
0.000000 -1.414214 -1.000000
0.000000 -1.414214 -1.000000
