1.000000 -1.414214 3.000000
1.000000 -2.828427 1.000000
1.000000 -2.236068 1.414214
1.000000 -2.000000 1.000000
1.000000 -2.000000 1.000000
1.000000 -1.000000 1.000000
1.000000 -1.000000 1.000000
1.000000 -1.000000 1.000000
1.000000 -1.000000 1.000000
1.000000 -1.000000 1.000000
1.000000 2.000000 2.828427
1.000000 2.236068 2.828427
1.000000 1.414214 2.000000
1.000000 5.385165 5.830952
1.000000 1.000000 1.414214
1.000000 1.000000 1.414214
1.000000 2.000000 2.236068
1.000000 6.000000 6.082763
0.000000 -8.062258 inf
0.000000 -4.123106 1.000000
0.000000 -6.403124 -2.236068
0.000000 -7.211103 -3.162278
0.000000 -3.000000 -2.000000
0.000000 -4.000000 -3.162278
0.000000 -2.828427 -2.000000
0.000000 -2.828427 -2.236068
0.000000 -2.000000 -1.414214
0.000000 -2.000000 -1.414214
0.000000 -2.000000 -1.414214
0.000000 -5.385165 -5.099020
0.000000 -2.236068 -2.000000
0.000000 -4.472136 -4.242641
0.000000 -7.280110 -7.071068
0.000000 -3.162278 -3.000000
0.000000 -3.162278 -3.000000
0.000000 -3.162278 -3.000000
0.000000 -5.099020 -5.000000
