1.000000 -1.131371 15.388307
1.000000 -0.800000 7.375636
1.000000 -0.800000 0.800000
1.000000 -0.800000 0.800000
1.000000 6.449806 6.835203
1.000000 13.670406 13.971399
1.000000 13.314654 13.600000
1.000000 13.314654 13.600000
1.000000 14.751271 14.945233
1.000000 14.422205 14.598630
1.000000 13.600000 13.763720
1.000000 17.762883 17.888544
1.000000 6.788225 6.835203
1.000000 7.200000 7.244308
1.000000 14.153445 14.176036
1.000000 19.200000 19.216659
0.000000 -6.400000 inf
0.000000 -5.600000 -2.529822
0.000000 -4.525483 -1.600000
0.000000 -2.262742 -0.800000
0.000000 -4.079216 -2.884441
0.000000 -5.656854 -4.664762
0.000000 -3.200000 -2.262742
0.000000 -3.394113 -2.529822
0.000000 -4.000000 -3.200000
0.000000 -4.000000 -3.298485
0.000000 -3.200000 -2.529822
0.000000 -1.788854 -1.131371
0.000000 -2.400000 -1.788854
0.000000 -1.600000 -1.131371
0.000000 -1.600000 -1.131371
0.000000 -1.600000 -1.131371
0.000000 -3.298485 -2.884441
0.000000 -3.298485 -2.884441
0.000000 -3.298485 -2.884441
0.000000 -2.884441 -2.529822
0.000000 -2.884441 -2.529822
0.000000 -3.200000 -2.884441
0.000000 -3.200000 -2.884441
0.000000 -6.400000 -6.092618
0.000000 -2.529822 -2.262742
0.000000 -5.059644 -4.866210
0.000000 -1.788854 -1.600000
0.000000 -1.788854 -1.600000
0.000000 -1.788854 -1.600000
0.000000 -2.400000 -2.262742
0.000000 -2.529822 -2.400000
0.000000 -3.298485 -3.200000
0.000000 -4.079216 -4.000000
