1.000000 -2.000000 1.414214
1.000000 -2.000000 1.000000
1.000000 -1.414214 1.000000
1.000000 -1.000000 1.000000
1.000000 -1.000000 1.000000
1.000000 -1.000000 1.000000
1.000000 4.000000 5.830952
1.000000 5.656854 7.000000
1.000000 5.830952 6.708204
1.000000 2.828427 3.605551
1.000000 7.810250 8.485281
1.000000 2.236068 2.828427
1.000000 1.414214 2.000000
1.000000 1.414214 2.000000
1.000000 5.830952 6.403124
1.000000 5.830952 6.403124
1.000000 5.830952 6.403124
1.000000 4.472136 5.000000
1.000000 7.615773 8.062258
1.000000 7.615773 8.062258
1.000000 3.162278 3.605551
1.000000 3.162278 3.605551
1.000000 8.062258 8.485281
1.000000 1.000000 1.414214
1.000000 1.000000 1.414214
1.000000 1.000000 1.414214
1.000000 1.000000 1.414214
1.000000 1.000000 1.414214
1.000000 1.000000 1.414214
1.000000 1.000000 1.414214
1.000000 1.000000 1.414214
1.000000 1.000000 1.414214
1.000000 6.000000 6.403124
1.000000 6.000000 6.324555
1.000000 7.810250 8.062258
1.000000 7.810250 8.062258
1.000000 7.810250 8.062258
1.000000 2.000000 2.236068
1.000000 2.000000 2.236068
1.000000 2.000000 2.236068
1.000000 2.000000 2.236068
1.000000 2.000000 2.236068
1.000000 4.000000 4.123106
1.000000 5.000000 5.099020
1.000000 6.000000 6.082763
1.000000 6.000000 6.082763
1.000000 6.324555 6.403124
1.000000 6.324555 6.403124
1.000000 6.324555 6.403124
1.000000 7.000000 7.071068
1.000000 7.000000 7.071068
1.000000 8.544004 8.602325
1.000000 10.000000 10.049876
0.000000 -5.830952 inf
0.000000 -3.605551 4.000000
0.000000 -3.605551 1.414214
0.000000 -2.000000 2.236068
0.000000 -5.656854 -2.236068
0.000000 -1.000000 1.414214
0.000000 -1.000000 1.414214
0.000000 -1.000000 1.414214
0.000000 -1.414214 1.000000
0.000000 -1.000000 1.000000
0.000000 -1.000000 1.000000
0.000000 -1.000000 1.000000
0.000000 -1.000000 1.000000
0.000000 -1.000000 1.000000
0.000000 -1.000000 1.000000
0.000000 -1.000000 1.000000
0.000000 -1.000000 1.000000
0.000000 -1.000000 1.000000
0.000000 -1.000000 1.000000
0.000000 -1.000000 1.000000
0.000000 -4.123106 -2.236068
0.000000 -3.605551 -2.236068
0.000000 -5.830952 -5.000000
0.000000 -2.828427 -2.236068
0.000000 -2.000000 -1.414214
0.000000 -5.000000 -4.472136
0.000000 -3.162278 -2.828427
0.000000 -5.385165 -5.099020
0.000000 -5.385165 -5.099020
0.000000 -4.242641 -4.000000
0.000000 -2.236068 -2.000000
