1.000000 6.000000 11.313708
1.000000 5.385165 5.830952
1.000000 10.770330 11.180340
1.000000 10.770330 11.180340
1.000000 10.770330 11.180340
1.000000 5.000000 5.385165
1.000000 6.000000 6.324555
1.000000 5.385165 5.656854
1.000000 2.000000 2.236068
1.000000 8.062258 8.246211
1.000000 5.000000 5.099020
1.000000 5.000000 5.099020
1.000000 6.000000 6.082763
0.000000 -2.000000 inf
0.000000 -1.000000 5.000000
0.000000 -1.414214 4.472136
0.000000 -2.000000 2.000000
0.000000 -1.000000 3.000000
0.000000 -1.000000 2.236068
0.000000 -1.414214 1.000000
0.000000 -1.414214 1.000000
0.000000 -1.000000 1.000000
0.000000 -1.414214 -1.000000
0.000000 -1.414214 -1.000000
0.000000 -1.414214 -1.000000
