1.000000 -0.500000 1.802776
1.000000 -1.118034 1.118034
1.000000 -1.118034 1.000000
1.000000 0.500000 2.500000
1.000000 -1.118034 0.500000
1.000000 -0.500000 1.118034
1.000000 -0.500000 0.707107
1.000000 -0.500000 0.707107
1.000000 -0.707107 0.500000
1.000000 -0.500000 0.500000
1.000000 -0.500000 0.500000
1.000000 -0.500000 0.500000
1.000000 -0.500000 0.500000
1.000000 1.000000 1.581139
1.000000 1.000000 1.500000
1.000000 0.500000 1.000000
1.000000 1.000000 1.414214
1.000000 1.414214 1.802776
1.000000 1.414214 1.802776
1.000000 1.414214 1.802776
1.000000 0.707107 1.000000
1.000000 0.707107 1.000000
1.000000 1.581139 1.802776
1.000000 0.500000 0.707107
1.000000 0.500000 0.707107
1.000000 0.500000 0.707107
1.000000 1.000000 1.118034
1.000000 1.000000 1.118034
1.000000 1.000000 1.118034
1.000000 1.000000 1.118034
1.000000 1.000000 1.118034
1.000000 1.000000 1.118034
1.000000 25.005000 25.109759
1.000000 25.005000 25.109759
1.000000 2.000000 2.061553
0.000000 -3.905125 inf
0.000000 -3.201562 24.824383
0.000000 -3.605551 -2.000000
0.000000 -2.236068 -0.707107
0.000000 -2.915476 -1.414214
0.000000 -0.500000 0.707107
0.000000 -2.500000 -1.581139
0.000000 -1.500000 -0.707107
0.000000 -1.118034 -0.500000
0.000000 -1.000000 -0.500000
0.000000 -1.000000 -0.500000
0.000000 -1.500000 -1.000000
0.000000 -1.500000 -1.000000
0.000000 -1.414214 -1.000000
0.000000 -1.414214 -1.000000
0.000000 -1.414214 -1.000000
0.000000 -2.500000 -2.121320
0.000000 -1.414214 -1.118034
0.000000 -1.414214 -1.118034
0.000000 -1.414214 -1.118034
0.000000 -1.414214 -1.118034
0.000000 -1.414214 -1.118034
0.000000 -1.000000 -0.707107
0.000000 -2.500000 -2.236068
0.000000 -2.061553 -1.802776
0.000000 -2.000000 -1.802776
0.000000 -3.535534 -3.354102
0.000000 -1.118034 -1.000000
0.000000 -1.118034 -1.000000
0.000000 -1.118034 -1.000000
0.000000 -2.236068 -2.121320
0.000000 -1.581139 -1.500000
0.000000 -3.605551 -3.535534
0.000000 -2.061553 -2.000000
0.000000 -2.549510 -2.500000
