1.000000 3.000000 6.708204
1.000000 -2.121320 1.581139
1.000000 6.041523 8.845903
1.000000 -1.000000 0.707107
1.000000 0.500000 2.121320
1.000000 -1.118034 0.500000
1.000000 -1.000000 0.500000
1.000000 -1.000000 0.500000
1.000000 -1.000000 0.500000
1.000000 -0.707107 0.500000
1.000000 -0.707107 0.500000
1.000000 -0.707107 0.500000
1.000000 -0.707107 0.500000
1.000000 -0.707107 0.500000
1.000000 -0.707107 0.500000
1.000000 -0.500000 0.707107
1.000000 -0.500000 0.500000
1.000000 -0.500000 0.500000
1.000000 1.000000 2.000000
1.000000 -0.500000 0.500000
1.000000 -0.500000 0.500000
1.000000 -0.500000 0.500000
1.000000 -0.500000 0.500000
1.000000 -0.500000 0.500000
1.000000 3.162278 4.031129
1.000000 4.000000 4.609772
1.000000 5.000000 5.590170
1.000000 0.500000 1.000000
1.000000 5.220153 5.700877
1.000000 1.118034 1.581139
1.000000 1.000000 1.414214
1.000000 0.707107 1.118034
1.000000 0.707107 1.118034
1.000000 0.707107 1.118034
1.000000 1.118034 1.500000
1.000000 2.121320 2.500000
1.000000 6.020797 6.363961
1.000000 3.905125 4.242641
1.000000 6.184658 6.500000
1.000000 3.500000 3.807887
1.000000 6.020797 6.324555
1.000000 1.500000 1.802776
1.000000 6.103278 6.403124
1.000000 1.118034 1.414214
1.000000 1.118034 1.414214
1.000000 1.118034 1.414214
1.000000 1.118034 1.414214
1.000000 0.707107 1.000000
1.000000 0.707107 1.000000
1.000000 6.041523 6.324555
1.000000 5.315073 5.590170
1.000000 2.236068 2.500000
1.000000 6.264982 6.519202
1.000000 6.264982 6.519202
1.000000 8.139410 8.381527
1.000000 6.082763 6.324555
1.000000 6.264982 6.500000
1.000000 6.041523 6.264982
1.000000 1.581139 1.802776
1.000000 1.581139 1.802776
1.000000 6.500000 6.708204
1.000000 0.500000 0.707107
1.000000 0.500000 0.707107
1.000000 0.500000 0.707107
1.000000 4.272002 4.472136
1.000000 1.802776 2.000000
1.000000 1.802776 2.000000
1.000000 1.802776 2.000000
1.000000 3.354102 3.535534
1.000000 8.321658 8.500000
1.000000 4.301163 4.472136
1.000000 1.414214 1.581139
1.000000 1.414214 1.581139
1.000000 1.414214 1.581139
1.000000 6.800735 6.964194
1.000000 7.280110 7.433034
1.000000 4.949747 5.099020
1.000000 4.123106 4.272002
1.000000 4.123106 4.272002
1.000000 2.549510 2.692582
1.000000 6.184658 6.324555
1.000000 4.472136 4.609772
1.000000 6.363961 6.500000
1.000000 6.363961 6.500000
1.000000 3.905125 4.031129
1.000000 3.905125 4.031129
1.000000 2.000000 2.121320
1.000000 7.158911 7.280110
1.000000 4.123106 4.242641
1.000000 1.000000 1.118034
1.000000 1.000000 1.118034
1.000000 1.000000 1.118034
1.000000 1.000000 1.118034
1.000000 1.000000 1.118034
1.000000 8.514693 8.631338
1.000000 7.106335 7.211103
1.000000 3.535534 3.640055
1.000000 3.807887 3.905125
1.000000 5.220153 5.315073
1.000000 5.315073 5.408327
1.000000 5.315073 5.408327
1.000000 4.031129 4.123106
1.000000 4.031129 4.123106
1.000000 1.414214 1.500000
1.000000 1.414214 1.500000
1.000000 1.414214 1.500000
1.000000 2.915476 3.000000
1.000000 7.566373 7.648529
1.000000 7.566373 7.648529
1.000000 4.527693 4.609772
1.000000 1.500000 1.581139
1.000000 1.500000 1.581139
1.000000 1.500000 1.581139
1.000000 1.500000 1.581139
1.000000 1.500000 1.581139
1.000000 1.500000 1.581139
1.000000 7.826238 7.905694
1.000000 5.024938 5.099020
1.000000 6.946222 7.017834
1.000000 5.522681 5.590170
1.000000 5.590170 5.656854
1.000000 17.613915 17.677670
1.000000 2.000000 2.061553
1.000000 6.670832 6.726812
1.000000 7.017834 7.071068
1.000000 2.500000 2.549510
1.000000 8.015610 8.062258
1.000000 3.162278 3.201562
1.000000 3.500000 3.535534
1.000000 4.500000 4.527693
1.000000 4.716991 4.743416
1.000000 5.000000 5.024938
1.000000 5.385165 5.408327
1.000000 5.500000 5.522681
1.000000 5.500000 5.522681
1.000000 6.000000 6.020797
1.000000 6.000000 6.020797
1.000000 6.500000 6.519202
1.000000 8.500000 8.514693
1.000000 16.000000 16.007811
1.000000 18.000000 18.006943
0.000000 -5.656854 inf
0.000000 -1.802776 4.000000
0.000000 -4.527693 0.500000
0.000000 -0.707107 3.000000
0.000000 -1.414214 2.236068
0.000000 -3.640055 -0.500000
0.000000 -4.301163 -1.414214
0.000000 -1.500000 1.000000
0.000000 -2.915476 -0.500000
0.000000 -0.707107 1.581139
0.000000 -4.272002 -2.061553
0.000000 -0.707107 1.000000
0.000000 -0.500000 1.118034
0.000000 -1.118034 0.500000
0.000000 -0.500000 1.000000
0.000000 -0.500000 1.000000
0.000000 -2.500000 -1.000000
0.000000 -0.500000 1.000000
0.000000 -3.605551 -2.121320
0.000000 -3.605551 -2.236068
0.000000 -1.802776 -0.500000
0.000000 -0.500000 0.707107
0.000000 -0.500000 0.707107
0.000000 -0.500000 0.707107
0.000000 -0.707107 0.500000
0.000000 -0.500000 0.707107
0.000000 -0.500000 0.500000
0.000000 -0.500000 0.500000
0.000000 -0.500000 0.500000
0.000000 -0.500000 0.500000
0.000000 -0.500000 0.500000
0.000000 -1.414214 -0.500000
0.000000 -2.000000 -1.118034
0.000000 -3.640055 -2.828427
0.000000 -2.121320 -1.414214
0.000000 -2.061553 -1.414214
0.000000 -1.000000 -0.500000
0.000000 -1.500000 -1.000000
0.000000 -1.000000 -0.500000
0.000000 -1.000000 -0.500000
0.000000 -1.000000 -0.500000
0.000000 -1.414214 -1.000000
0.000000 -1.414214 -1.000000
0.000000 -1.414214 -1.000000
0.000000 -1.414214 -1.000000
0.000000 -1.118034 -0.707107
0.000000 -3.905125 -3.500000
0.000000 -1.500000 -1.118034
0.000000 -2.500000 -2.121320
0.000000 -1.802776 -1.500000
0.000000 -1.414214 -1.118034
0.000000 -1.414214 -1.118034
0.000000 -1.000000 -0.707107
0.000000 -1.000000 -0.707107
0.000000 -1.000000 -0.707107
0.000000 -1.000000 -0.707107
0.000000 -1.000000 -0.707107
0.000000 -2.500000 -2.236068
0.000000 -1.802776 -1.581139
0.000000 -3.041381 -2.828427
0.000000 -0.707107 -0.500000
0.000000 -0.707107 -0.500000
0.000000 -4.272002 -4.123106
0.000000 -2.692582 -2.549510
0.000000 -2.121320 -2.000000
0.000000 -1.118034 -1.000000
0.000000 -1.118034 -1.000000
0.000000 -1.118034 -1.000000
0.000000 -2.236068 -2.121320
0.000000 -2.236068 -2.121320
0.000000 -3.905125 -3.807887
0.000000 -2.915476 -2.828427
0.000000 -2.915476 -2.828427
0.000000 -1.581139 -1.500000
0.000000 -2.061553 -2.000000
0.000000 -2.549510 -2.500000
0.000000 -2.549510 -2.500000
0.000000 -3.041381 -3.000000
0.000000 -3.535534 -3.500000
0.000000 -4.031129 -4.000000
