1.000000 1.600000 8.000000
1.000000 -0.800000 0.800000
1.000000 -0.800000 0.800000
1.000000 -0.800000 0.800000
1.000000 3.200000 4.525483
1.000000 1.788854 2.529822
1.000000 1.788854 2.262742
1.000000 3.577709 4.000000
1.000000 6.835203 7.244308
1.000000 4.308132 4.664762
1.000000 0.800000 1.131371
1.000000 6.881860 7.155418
1.000000 2.262742 2.529822
1.000000 4.308132 4.525483
1.000000 1.600000 1.788854
1.000000 1.600000 1.788854
1.000000 7.200000 7.375636
1.000000 2.262742 2.400000
1.000000 4.000000 4.079216
1.000000 4.800000 4.866210
1.000000 6.835203 6.881860
0.000000 -5.600000 inf
0.000000 -3.200000 -0.800000
0.000000 -2.884441 -0.800000
0.000000 -0.800000 1.131371
0.000000 -2.529822 -0.800000
0.000000 -2.884441 -1.600000
0.000000 -1.600000 -0.800000
0.000000 -1.600000 -0.800000
0.000000 -2.529822 -1.788854
0.000000 -2.262742 -1.600000
0.000000 -1.788854 -1.131371
0.000000 -1.600000 -1.131371
0.000000 -2.884441 -2.529822
0.000000 -1.788854 -1.600000
0.000000 -1.788854 -1.600000
0.000000 -2.529822 -2.400000
0.000000 -3.298485 -3.200000
