1.000000 -0.500000 4.609772
1.000000 -1.000000 2.500000
1.000000 -0.500000 2.000000
1.000000 0.707107 2.828427
1.000000 -0.707107 0.500000
1.000000 1.414214 2.500000
1.000000 0.500000 1.000000
1.000000 0.707107 1.118034
1.000000 0.707107 1.118034
1.000000 0.707107 1.118034
1.000000 2.121320 2.500000
1.000000 1.118034 1.414214
1.000000 1.118034 1.414214
1.000000 0.707107 1.000000
1.000000 0.707107 1.000000
1.000000 0.707107 1.000000
1.000000 0.707107 1.000000
1.000000 2.236068 2.500000
1.000000 2.000000 2.236068
1.000000 1.581139 1.802776
1.000000 1.581139 1.802776
1.000000 0.500000 0.707107
1.000000 19.906029 20.081086
1.000000 19.906029 20.081086
1.000000 2.061553 2.236068
1.000000 1.414214 1.581139
1.000000 1.414214 1.581139
1.000000 20.248457 20.396078
1.000000 20.223748 20.353132
1.000000 3.905125 4.031129
1.000000 4.123106 4.242641
1.000000 4.123106 4.242641
1.000000 20.012496 20.130822
1.000000 20.012496 20.130822
1.000000 1.000000 1.118034
1.000000 1.000000 1.118034
1.000000 1.000000 1.118034
1.000000 1.000000 1.118034
1.000000 1.000000 1.118034
1.000000 1.500000 1.581139
1.000000 1.500000 1.581139
1.000000 1.500000 1.581139
1.000000 1.500000 1.581139
1.000000 2.000000 2.061553
1.000000 20.597330 20.651876
1.000000 20.554805 20.597330
1.000000 4.500000 4.527693
1.000000 4.500000 4.527693
1.000000 21.005952 21.023796
1.000000 21.000000 21.005952
0.000000 -6.020797 inf
0.000000 -1.802776 19.780040
0.000000 -0.500000 3.905125
0.000000 -1.000000 0.707107
0.000000 -2.121320 -0.707107
0.000000 -2.500000 -1.414214
0.000000 -1.581139 -0.500000
0.000000 -1.414214 -0.500000
0.000000 -2.000000 -1.118034
0.000000 -1.000000 -0.500000
0.000000 -1.414214 -1.000000
0.000000 -1.802776 -1.414214
0.000000 -1.802776 -1.414214
0.000000 -1.500000 -1.118034
0.000000 -1.500000 -1.118034
0.000000 -1.500000 -1.118034
0.000000 -1.414214 -1.118034
0.000000 -1.414214 -1.118034
0.000000 -1.414214 -1.118034
0.000000 -1.414214 -1.118034
0.000000 -1.000000 -0.707107
0.000000 -1.000000 -0.707107
0.000000 -1.000000 -0.707107
0.000000 -1.000000 -0.707107
0.000000 -1.000000 -0.707107
0.000000 -1.000000 -0.707107
0.000000 -3.640055 -3.354102
0.000000 -1.802776 -1.581139
0.000000 -1.802776 -1.581139
0.000000 -0.707107 -0.500000
0.000000 -2.692582 -2.500000
0.000000 -1.581139 -1.414214
0.000000 -1.118034 -1.000000
0.000000 -1.581139 -1.500000
0.000000 -1.581139 -1.500000
0.000000 -1.581139 -1.500000
0.000000 -1.581139 -1.500000
0.000000 -3.605551 -3.535534
