1.000000 5.024938 9.604686
1.000000 1.414214 4.000000
1.000000 1.000000 3.041381
1.000000 -1.118034 0.500000
1.000000 2.915476 4.301163
1.000000 4.500000 5.024938
1.000000 1.118034 1.414214
1.000000 2.915476 3.201562
1.000000 4.031129 4.272002
1.000000 4.527693 4.743416
1.000000 9.340771 9.552487
1.000000 5.385165 5.590170
1.000000 4.272002 4.472136
1.000000 2.828427 3.000000
1.000000 3.000000 3.162278
1.000000 3.201562 3.354102
1.000000 9.340771 9.486833
1.000000 3.354102 3.500000
1.000000 2.549510 2.692582
1.000000 2.549510 2.692582
1.000000 3.500000 3.640055
1.000000 3.041381 3.162278
1.000000 5.590170 5.700877
1.000000 4.031129 4.123106
1.000000 4.031129 4.123106
1.000000 1.500000 1.581139
1.000000 3.535534 3.605551
1.000000 3.162278 3.201562
1.000000 3.500000 3.535534
1.000000 4.000000 4.031129
1.000000 5.385165 5.408327
1.000000 6.000000 6.020797
0.000000 -3.201562 inf
0.000000 -1.118034 4.031129
0.000000 -1.414214 2.000000
0.000000 -1.414214 1.000000
0.000000 -1.414214 0.707107
0.000000 -1.000000 1.000000
0.000000 -0.500000 1.000000
0.000000 -1.000000 0.500000
0.000000 -2.000000 -0.500000
0.000000 -0.500000 1.000000
0.000000 -0.707107 0.500000
0.000000 -0.707107 0.500000
0.000000 -1.414214 -0.707107
0.000000 -1.118034 -0.500000
0.000000 -1.118034 -0.500000
0.000000 -1.000000 -0.500000
0.000000 -1.000000 -0.500000
0.000000 -1.414214 -1.000000
0.000000 -1.500000 -1.118034
0.000000 -1.000000 -0.707107
0.000000 -1.000000 -0.707107
0.000000 -1.000000 -0.707107
0.000000 -0.707107 -0.500000
0.000000 -0.707107 -0.500000
0.000000 -0.707107 -0.500000
0.000000 -0.707107 -0.500000
0.000000 -0.707107 -0.500000
0.000000 -0.707107 -0.500000
0.000000 -1.118034 -1.000000
0.000000 -1.118034 -1.000000
0.000000 -3.041381 -3.000000
