1.000000 1.500000 12.649111
1.000000 0.500000 1.581139
1.000000 2.500000 3.500000
1.000000 -0.500000 0.500000
1.000000 1.000000 1.802776
1.000000 1.414214 2.000000
1.000000 1.000000 1.500000
1.000000 1.118034 1.581139
1.000000 1.000000 1.414214
1.000000 4.609772 4.949747
1.000000 4.609772 4.949747
1.000000 2.500000 2.828427
1.000000 1.802776 2.121320
1.000000 1.500000 1.802776
1.000000 12.349089 12.649111
1.000000 1.118034 1.414214
1.000000 0.707107 1.000000
1.000000 0.707107 1.000000
1.000000 0.707107 1.000000
1.000000 4.716991 5.000000
1.000000 2.236068 2.500000
1.000000 2.236068 2.500000
1.000000 4.924429 5.147815
1.000000 2.692582 2.915476
1.000000 1.581139 1.802776
1.000000 1.581139 1.802776
1.000000 4.716991 4.924429
1.000000 0.500000 0.707107
1.000000 0.500000 0.707107
1.000000 1.802776 2.000000
1.000000 5.220153 5.385165
1.000000 12.500000 12.649111
1.000000 2.549510 2.692582
1.000000 2.549510 2.692582
1.000000 2.549510 2.692582
1.000000 2.692582 2.828427
1.000000 2.692582 2.828427
1.000000 2.000000 2.121320
1.000000 3.041381 3.162278
1.000000 3.041381 3.162278
1.000000 1.000000 1.118034
1.000000 1.000000 1.118034
1.000000 1.000000 1.118034
1.000000 1.000000 1.118034
1.000000 1.000000 1.118034
1.000000 1.000000 1.118034
1.000000 2.828427 2.915476
1.000000 1.500000 1.581139
1.000000 2.000000 2.061553
1.000000 2.061553 2.121320
1.000000 3.000000 3.041381
1.000000 3.000000 3.041381
1.000000 3.000000 3.041381
1.000000 3.605551 3.640055
1.000000 4.000000 4.031129
1.000000 12.500000 12.529964
0.000000 -2.500000 inf
0.000000 -1.802776 4.000000
0.000000 -0.707107 1.500000
0.000000 -1.118034 1.000000
0.000000 -1.000000 1.118034
0.000000 -0.500000 1.581139
0.000000 -2.500000 -0.500000
0.000000 -1.000000 0.500000
0.000000 -2.061553 -0.707107
0.000000 -1.802776 -0.500000
0.000000 -0.500000 0.707107
0.000000 -0.500000 0.500000
0.000000 -1.414214 -0.500000
0.000000 -1.802776 -1.118034
0.000000 -1.802776 -1.118034
0.000000 -1.118034 -0.500000
0.000000 -1.000000 -0.500000
0.000000 -1.000000 -0.500000
0.000000 -1.000000 -0.500000
0.000000 -1.000000 -0.500000
0.000000 -1.000000 -0.500000
0.000000 -1.000000 -0.500000
0.000000 -1.500000 -1.000000
0.000000 -1.000000 -0.500000
0.000000 -1.414214 -1.000000
0.000000 -1.414214 -1.118034
0.000000 -1.000000 -0.707107
0.000000 -1.000000 -0.707107
0.000000 -1.000000 -0.707107
0.000000 -0.707107 -0.500000
0.000000 -0.707107 -0.500000
0.000000 -0.707107 -0.500000
0.000000 -0.707107 -0.500000
0.000000 -0.707107 -0.500000
0.000000 -0.707107 -0.500000
0.000000 -0.707107 -0.500000
0.000000 -2.000000 -1.802776
0.000000 -1.118034 -1.000000
0.000000 -1.118034 -1.000000
0.000000 -1.118034 -1.000000
0.000000 -1.500000 -1.414214
0.000000 -1.581139 -1.500000
