1.000000 -0.707107 1.802776
1.000000 -0.500000 0.500000
1.000000 -0.500000 0.500000
1.000000 1.581139 2.000000
1.000000 1.414214 1.802776
1.000000 0.500000 0.707107
1.000000 1.802776 2.000000
1.000000 1.500000 1.581139
1.000000 2.000000 2.061553
1.000000 2.500000 2.549510
1.000000 3.000000 3.041381
1.000000 3.500000 3.535534
0.000000 -5.000000 inf
0.000000 -0.500000 1.414214
0.000000 -0.707107 1.118034
0.000000 -1.000000 0.500000
0.000000 -2.692582 -2.000000
0.000000 -1.500000 -1.000000
0.000000 -1.000000 -0.500000
0.000000 -1.000000 -0.500000
0.000000 -1.414214 -1.118034
0.000000 -1.000000 -0.707107
0.000000 -1.000000 -0.707107
0.000000 -0.707107 -0.500000
0.000000 -4.743416 -4.609772
0.000000 -4.743416 -4.609772
0.000000 -4.123106 -4.031129
