1.000000 -1.118034 2.061553
1.000000 -1.000000 1.802776
1.000000 -0.707107 2.000000
1.000000 -0.500000 1.118034
1.000000 -0.500000 1.000000
1.000000 -0.500000 0.707107
1.000000 -0.500000 0.500000
1.000000 -0.500000 0.500000
1.000000 0.707107 1.414214
1.000000 0.500000 1.118034
1.000000 0.500000 1.118034
1.000000 0.500000 1.000000
1.000000 1.118034 1.581139
1.000000 1.500000 1.802776
1.000000 1.118034 1.414214
1.000000 0.707107 1.000000
1.000000 0.707107 1.000000
1.000000 0.707107 1.000000
1.000000 0.707107 1.000000
1.000000 1.581139 1.802776
1.000000 1.581139 1.802776
1.000000 0.500000 0.707107
1.000000 1.414214 1.581139
1.000000 1.414214 1.581139
1.000000 1.000000 1.118034
1.000000 1.500000 1.581139
1.000000 2.000000 2.061553
0.000000 -5.099020 inf
0.000000 -4.609772 -1.500000
0.000000 -4.472136 -2.500000
0.000000 -1.000000 0.500000
0.000000 -3.605551 -2.121320
0.000000 -3.354102 -2.000000
0.000000 -2.549510 -1.500000
0.000000 -3.162278 -2.121320
0.000000 -2.500000 -1.581139
0.000000 -5.000000 -4.123106
0.000000 -4.472136 -4.301163
0.000000 -4.272002 -4.123106
0.000000 -1.118034 -1.000000
0.000000 -1.118034 -1.000000
0.000000 -2.236068 -2.121320
0.000000 -1.581139 -1.500000
0.000000 -2.061553 -2.000000
0.000000 -2.549510 -2.500000
0.000000 -2.549510 -2.500000
