1.000000 -2.061553 3.905125
1.000000 -0.500000 1.000000
1.000000 0.500000 0.707107
1.000000 0.500000 0.707107
1.000000 3.640055 3.807887
1.000000 1.000000 1.118034
0.000000 -6.500000 inf
0.000000 -3.354102 -2.061553
0.000000 -2.692582 -2.061553
0.000000 -2.500000 -2.121320
0.000000 -2.500000 -2.236068
0.000000 -4.500000 -4.272002
0.000000 -2.692582 -2.500000
0.000000 -3.354102 -3.201562
0.000000 -2.692582 -2.549510
0.000000 -2.236068 -2.121320
0.000000 -2.236068 -2.121320
0.000000 -2.236068 -2.121320
0.000000 -2.549510 -2.500000
0.000000 -4.301163 -4.272002
