1.000000 2.000000 4.527693
1.000000 2.121320 4.123106
1.000000 -1.000000 0.707107
1.000000 -1.118034 0.500000
1.000000 -1.118034 0.500000
1.000000 -1.000000 0.500000
1.000000 -1.000000 0.500000
1.000000 1.581139 2.828427
1.000000 -0.707107 0.500000
1.000000 -0.500000 0.707107
1.000000 -0.500000 0.707107
1.000000 -0.707107 0.500000
1.000000 -0.707107 0.500000
1.000000 -0.500000 0.500000
1.000000 -0.500000 0.500000
1.000000 -0.500000 0.500000
1.000000 0.500000 1.000000
1.000000 0.500000 1.000000
1.000000 1.000000 1.500000
1.000000 2.061553 2.500000
1.000000 2.061553 2.500000
1.000000 1.000000 1.414214
1.000000 2.500000 2.828427
1.000000 1.500000 1.802776
1.000000 3.605551 3.905125
1.000000 1.118034 1.414214
1.000000 1.118034 1.414214
1.000000 1.118034 1.414214
1.000000 0.707107 1.000000
1.000000 2.236068 2.500000
1.000000 2.236068 2.500000
1.000000 2.692582 2.915476
1.000000 1.581139 1.802776
1.000000 0.500000 0.707107
1.000000 0.500000 0.707107
1.000000 0.500000 0.707107
1.000000 0.500000 0.707107
1.000000 0.500000 0.707107
1.000000 0.500000 0.707107
1.000000 11.884864 12.083046
1.000000 1.802776 2.000000
1.000000 2.500000 2.692582
1.000000 2.500000 2.692582
1.000000 11.661904 11.853270
1.000000 2.061553 2.236068
1.000000 3.640055 3.807887
1.000000 1.414214 1.581139
1.000000 3.000000 3.162278
1.000000 3.201562 3.354102
1.000000 12.175796 12.298374
1.000000 1.000000 1.118034
1.000000 1.000000 1.118034
1.000000 1.000000 1.118034
1.000000 1.000000 1.118034
1.000000 1.000000 1.118034
1.000000 1.000000 1.118034
1.000000 1.000000 1.118034
1.000000 5.000000 5.099020
1.000000 3.807887 3.905125
1.000000 3.807887 3.905125
1.000000 6.576473 6.670832
1.000000 1.414214 1.500000
1.000000 1.500000 1.581139
1.000000 1.500000 1.581139
1.000000 1.500000 1.581139
1.000000 1.500000 1.581139
1.000000 3.535534 3.605551
1.000000 2.000000 2.061553
1.000000 2.000000 2.061553
1.000000 2.000000 2.061553
1.000000 2.000000 2.061553
1.000000 2.000000 2.061553
1.000000 2.500000 2.549510
1.000000 3.000000 3.041381
1.000000 12.500000 12.539936
1.000000 6.000000 6.020797
0.000000 -14.008926 inf
0.000000 -0.500000 5.000000
0.000000 -1.000000 3.201562
0.000000 -4.472136 -1.000000
0.000000 -1.118034 1.414214
0.000000 -1.000000 1.500000
0.000000 -5.000000 -2.500000
0.000000 -0.500000 1.802776
0.000000 -3.041381 -1.000000
0.000000 -0.500000 1.500000
0.000000 -1.000000 0.707107
0.000000 -0.500000 1.000000
0.000000 -3.500000 -2.000000
0.000000 -2.500000 -1.118034
0.000000 -0.707107 0.500000
0.000000 -0.707107 0.500000
0.000000 -1.802776 -0.707107
0.000000 -2.500000 -1.414214
0.000000 -2.061553 -1.000000
0.000000 -2.000000 -1.000000
0.000000 -0.500000 0.500000
0.000000 -0.500000 0.500000
0.000000 -1.000000 -0.500000
0.000000 -2.000000 -1.500000
0.000000 -1.000000 -0.500000
0.000000 -1.000000 -0.500000
0.000000 -2.000000 -1.581139
0.000000 -1.414214 -1.000000
0.000000 -1.414214 -1.000000
0.000000 -1.414214 -1.000000
0.000000 -1.118034 -0.707107
0.000000 -1.000000 -0.707107
0.000000 -1.000000 -0.707107
0.000000 -1.000000 -0.707107
0.000000 -1.000000 -0.707107
0.000000 -2.500000 -2.236068
0.000000 -0.707107 -0.500000
0.000000 -0.707107 -0.500000
0.000000 -1.581139 -1.414214
0.000000 -13.892444 -13.756816
0.000000 -1.118034 -1.000000
0.000000 -1.118034 -1.000000
0.000000 -2.236068 -2.121320
0.000000 -1.581139 -1.500000
0.000000 -1.581139 -1.500000
0.000000 -1.581139 -1.500000
0.000000 -1.581139 -1.500000
0.000000 -3.535534 -3.500000
0.000000 -3.535534 -3.500000
0.000000 -4.527693 -4.500000
