1.000000 -0.800000 9.732420
1.000000 -2.262742 0.800000
1.000000 -0.800000 1.600000
1.000000 -0.800000 0.800000
1.000000 -0.800000 0.800000
1.000000 -0.800000 0.800000
1.000000 0.800000 1.788854
1.000000 1.600000 2.529822
1.000000 6.248200 6.835203
1.000000 6.248200 6.788225
1.000000 6.248200 6.788225
1.000000 7.547185 8.039900
1.000000 1.788854 2.262742
1.000000 1.131371 1.600000
1.000000 7.547185 8.000000
1.000000 3.577709 4.000000
1.000000 7.155418 7.547185
1.000000 4.308132 4.664762
1.000000 4.308132 4.664762
1.000000 6.449806 6.788225
1.000000 6.449806 6.788225
1.000000 9.329523 9.666437
1.000000 0.800000 1.131371
1.000000 0.800000 1.131371
1.000000 0.800000 1.131371
1.000000 0.800000 1.131371
1.000000 0.800000 1.131371
1.000000 7.589466 7.879086
1.000000 7.155418 7.375636
1.000000 8.158431 8.352245
1.000000 1.600000 1.788854
1.000000 7.375636 7.547185
1.000000 7.375636 7.547185
1.000000 2.400000 2.529822
1.000000 3.200000 3.298485
1.000000 4.800000 4.866210
1.000000 6.835203 6.881860
1.000000 7.879086 7.919596
1.000000 7.879086 7.919596
1.000000 8.616264 8.653323
1.000000 8.800000 8.836289
1.000000 9.329523 9.363760
1.000000 9.329523 9.363760
1.000000 9.600000 9.633276
1.000000 9.600000 9.633276
1.000000 9.600000 9.633276
0.000000 -4.308132 inf
0.000000 -0.800000 1.600000
0.000000 -3.298485 -1.600000
0.000000 -0.800000 0.800000
0.000000 -2.400000 -0.800000
0.000000 -2.400000 -1.131371
0.000000 -2.262742 -1.131371
0.000000 -2.262742 -1.131371
0.000000 -2.262742 -1.131371
0.000000 -1.600000 -0.800000
0.000000 -2.400000 -1.600000
0.000000 -2.400000 -1.600000
0.000000 -1.788854 -1.131371
0.000000 -1.788854 -1.131371
0.000000 -2.262742 -1.788854
0.000000 -1.600000 -1.131371
0.000000 -1.600000 -1.131371
0.000000 -4.000000 -3.577709
0.000000 -3.298485 -2.884441
0.000000 -1.788854 -1.600000
0.000000 -1.788854 -1.600000
0.000000 -1.788854 -1.600000
0.000000 -1.788854 -1.600000
0.000000 -1.788854 -1.600000
0.000000 -1.788854 -1.600000
0.000000 -1.788854 -1.600000
0.000000 -3.577709 -3.394113
0.000000 -2.400000 -2.262742
0.000000 -2.529822 -2.400000
0.000000 -2.529822 -2.400000
0.000000 -4.079216 -4.000000
