1.000000 4.272002 12.500000
1.000000 2.500000 7.158911
1.000000 3.201562 5.024938
1.000000 -0.500000 1.000000
1.000000 -0.500000 0.707107
1.000000 -0.707107 0.500000
1.000000 -0.500000 0.500000
1.000000 0.707107 1.500000
1.000000 0.500000 1.000000
1.000000 1.000000 1.500000
1.000000 0.500000 1.000000
1.000000 0.500000 1.000000
1.000000 1.118034 1.581139
1.000000 0.707107 1.118034
1.000000 1.118034 1.414214
1.000000 1.118034 1.414214
1.000000 0.707107 1.000000
1.000000 0.707107 1.000000
1.000000 1.581139 1.802776
1.000000 0.500000 0.707107
1.000000 0.500000 0.707107
1.000000 0.500000 0.707107
1.000000 0.500000 0.707107
1.000000 4.272002 4.472136
1.000000 4.301163 4.472136
1.000000 3.201562 3.354102
1.000000 4.472136 4.609772
1.000000 6.670832 6.800735
1.000000 1.000000 1.118034
1.000000 1.000000 1.118034
1.000000 1.000000 1.118034
1.000000 1.000000 1.118034
1.000000 1.000000 1.118034
1.000000 6.403124 6.500000
1.000000 6.708204 6.800735
1.000000 7.071068 7.158911
1.000000 1.414214 1.500000
1.000000 4.527693 4.609772
1.000000 3.535534 3.605551
1.000000 2.000000 2.061553
1.000000 2.000000 2.061553
1.000000 6.964194 7.000000
1.000000 5.000000 5.024938
1.000000 5.000000 5.024938
1.000000 6.000000 6.020797
0.000000 -3.000000 inf
0.000000 -0.500000 6.000000
0.000000 -2.061553 1.802776
0.000000 -2.500000 0.707107
0.000000 -2.000000 0.500000
0.000000 -1.581139 0.500000
0.000000 -1.500000 0.500000
0.000000 -1.118034 0.707107
0.000000 -1.118034 0.500000
0.000000 -1.118034 0.500000
0.000000 -0.500000 1.000000
0.000000 -1.000000 0.500000
0.000000 -1.000000 0.500000
0.000000 -0.500000 1.000000
0.000000 -2.500000 -1.000000
0.000000 -2.121320 -0.707107
0.000000 -2.500000 -1.118034
0.000000 -0.500000 0.500000
0.000000 -0.500000 0.500000
0.000000 -0.500000 0.500000
0.000000 -0.500000 0.500000
0.000000 -1.500000 -0.707107
0.000000 -2.061553 -1.414214
0.000000 -1.118034 -0.500000
0.000000 -1.118034 -0.500000
0.000000 -2.500000 -2.000000
0.000000 -1.000000 -0.500000
0.000000 -1.000000 -0.500000
0.000000 -2.000000 -1.581139
0.000000 -1.414214 -1.000000
0.000000 -2.121320 -1.802776
0.000000 -1.802776 -1.500000
0.000000 -1.802776 -1.500000
0.000000 -1.414214 -1.118034
0.000000 -1.414214 -1.118034
0.000000 -1.000000 -0.707107
0.000000 -1.000000 -0.707107
0.000000 -1.000000 -0.707107
0.000000 -1.802776 -1.581139
0.000000 -0.707107 -0.500000
0.000000 -0.707107 -0.500000
0.000000 -0.707107 -0.500000
0.000000 -0.707107 -0.500000
0.000000 -0.707107 -0.500000
0.000000 -0.707107 -0.500000
0.000000 -1.581139 -1.414214
0.000000 -1.118034 -1.000000
0.000000 -1.118034 -1.000000
0.000000 -1.118034 -1.000000
0.000000 -2.236068 -2.121320
0.000000 -2.236068 -2.121320
0.000000 -1.500000 -1.414214
0.000000 -1.581139 -1.500000
0.000000 -1.581139 -1.500000
0.000000 -1.581139 -1.500000
0.000000 -2.061553 -2.000000
