1.000000 -1.000000 12.509996
1.000000 -0.500000 0.500000
1.000000 -0.500000 0.500000
1.000000 1.118034 1.414214
1.000000 5.315073 5.590170
1.000000 5.590170 5.852350
1.000000 1.802776 2.061553
1.000000 5.408327 5.656854
1.000000 0.500000 0.707107
1.000000 0.500000 0.707107
1.000000 0.500000 0.707107
1.000000 11.236103 11.423660
1.000000 2.061553 2.236068
1.000000 11.510864 11.661904
1.000000 2.549510 2.692582
1.000000 11.401754 11.543396
1.000000 5.590170 5.700877
1.000000 11.715375 11.800424
1.000000 1.500000 1.581139
1.000000 11.101802 11.180340
1.000000 5.315073 5.385165
1.000000 2.000000 2.061553
1.000000 2.000000 2.061553
1.000000 12.041595 12.093387
1.000000 2.500000 2.549510
1.000000 6.000000 6.020797
0.000000 -3.605551 inf
0.000000 -0.500000 1.802776
0.000000 -2.121320 -1.000000
0.000000 -2.061553 -1.118034
0.000000 -2.000000 -1.118034
0.000000 -1.802776 -1.118034
0.000000 -2.061553 -1.500000
0.000000 -2.061553 -1.500000
0.000000 -1.500000 -1.000000
0.000000 -1.000000 -0.500000
0.000000 -3.000000 -2.500000
0.000000 -2.061553 -1.581139
0.000000 -2.061553 -1.581139
0.000000 -2.000000 -1.581139
0.000000 -1.802776 -1.500000
0.000000 -1.802776 -1.500000
0.000000 -1.414214 -1.118034
0.000000 -1.414214 -1.118034
0.000000 -1.414214 -1.118034
0.000000 -1.414214 -1.118034
0.000000 -1.802776 -1.581139
0.000000 -1.802776 -1.581139
0.000000 -2.000000 -1.802776
0.000000 -2.000000 -1.802776
0.000000 -1.118034 -1.000000
0.000000 -1.118034 -1.000000
0.000000 -2.236068 -2.121320
0.000000 -1.500000 -1.414214
0.000000 -1.500000 -1.414214
0.000000 -1.581139 -1.500000
0.000000 -1.581139 -1.500000
0.000000 -1.581139 -1.500000
0.000000 -1.581139 -1.500000
0.000000 -1.581139 -1.500000
0.000000 -1.581139 -1.500000
0.000000 -2.121320 -2.061553
0.000000 -2.549510 -2.500000
