1.000000 -1.000000 15.231546
1.000000 -1.414214 4.123106
1.000000 -2.828427 2.236068
1.000000 -1.000000 1.414214
1.000000 -1.000000 1.414214
1.000000 -1.000000 1.000000
1.000000 -1.000000 1.000000
1.000000 -1.000000 1.000000
1.000000 -1.000000 1.000000
1.000000 1.000000 2.000000
1.000000 1.414214 2.236068
1.000000 1.414214 2.236068
1.000000 1.414214 2.000000
1.000000 7.280110 7.615773
1.000000 6.708204 7.000000
1.000000 2.000000 2.236068
1.000000 8.062258 8.246211
1.000000 3.000000 3.162278
1.000000 4.123106 4.242641
1.000000 5.000000 5.099020
1.000000 5.000000 5.099020
1.000000 15.132746 15.231546
1.000000 9.000000 9.055385
0.000000 -12.041595 inf
0.000000 -8.000000 -4.000000
0.000000 -6.324555 -4.123106
0.000000 -6.324555 -4.472136
0.000000 -10.049876 -8.944272
0.000000 -4.000000 -3.162278
0.000000 -2.828427 -2.000000
0.000000 -2.236068 -1.414214
0.000000 -5.830952 -5.099020
0.000000 -3.605551 -3.000000
0.000000 -2.000000 -1.414214
0.000000 -2.000000 -1.414214
0.000000 -2.000000 -1.414214
0.000000 -2.000000 -1.414214
0.000000 -2.000000 -1.414214
0.000000 -4.472136 -4.000000
0.000000 -1.414214 -1.000000
0.000000 -1.414214 -1.000000
0.000000 -3.162278 -2.828427
0.000000 -12.000000 -11.704700
0.000000 -11.661904 -11.401754
0.000000 -4.472136 -4.242641
0.000000 -9.219544 -9.055385
0.000000 -3.162278 -3.000000
0.000000 -5.099020 -5.000000
