1.000000 10.770330 17.029386
1.000000 -1.000000 2.000000
1.000000 -1.000000 1.000000
1.000000 -1.000000 1.000000
1.000000 -1.000000 1.000000
1.000000 16.278821 16.970563
1.000000 1.414214 2.000000
1.000000 16.401219 16.970563
1.000000 16.401219 16.970563
1.000000 1.000000 1.414214
1.000000 1.000000 1.414214
1.000000 1.000000 1.414214
1.000000 10.770330 11.180340
1.000000 10.816654 11.180340
1.000000 16.643317 16.970563
1.000000 2.000000 2.236068
1.000000 16.278821 16.492423
1.000000 12.041595 12.165525
1.000000 4.000000 4.123106
1.000000 11.313708 11.401754
1.000000 13.000000 13.038405
1.000000 15.000000 15.033296
0.000000 -4.123106 inf
0.000000 -1.000000 3.605551
0.000000 -1.000000 3.162278
0.000000 -1.000000 2.000000
0.000000 -3.605551 -1.000000
0.000000 -1.000000 1.414214
0.000000 -1.414214 1.000000
0.000000 -1.000000 1.000000
0.000000 -1.000000 1.000000
0.000000 -1.000000 1.000000
0.000000 -2.236068 -1.000000
0.000000 -2.000000 -1.000000
0.000000 -2.236068 -1.414214
0.000000 -3.605551 -2.828427
0.000000 -2.828427 -2.236068
0.000000 -2.000000 -1.414214
0.000000 -2.000000 -1.414214
0.000000 -1.414214 -1.000000
0.000000 -1.414214 -1.000000
0.000000 -3.162278 -2.828427
0.000000 -3.162278 -2.828427
0.000000 -3.000000 -2.828427
0.000000 -3.000000 -2.828427
0.000000 -4.123106 -4.000000
