1.000000 0.500000 9.394147
1.000000 1.118034 3.807887
1.000000 1.581139 4.031129
1.000000 1.802776 4.000000
1.000000 -1.000000 1.000000
1.000000 -0.500000 1.118034
1.000000 1.000000 2.549510
1.000000 -0.500000 1.000000
1.000000 -0.500000 1.000000
1.000000 -0.707107 0.500000
1.000000 -0.500000 0.707107
1.000000 -0.707107 0.500000
1.000000 2.000000 3.041381
1.000000 -0.500000 0.500000
1.000000 -0.500000 0.500000
1.000000 0.500000 1.118034
1.000000 0.500000 1.000000
1.000000 0.500000 1.000000
1.000000 1.000000 1.500000
1.000000 0.500000 1.000000
1.000000 1.000000 1.414214
1.000000 8.139410 8.485281
1.000000 1.802776 2.121320
1.000000 1.118034 1.414214
1.000000 1.118034 1.414214
1.000000 1.118034 1.414214
1.000000 1.118034 1.414214
1.000000 0.707107 1.000000
1.000000 0.707107 1.000000
1.000000 0.707107 1.000000
1.000000 0.707107 1.000000
1.000000 2.236068 2.500000
1.000000 2.236068 2.500000
1.000000 8.276473 8.485281
1.000000 0.500000 0.707107
1.000000 0.500000 0.707107
1.000000 0.500000 0.707107
1.000000 0.500000 0.707107
1.000000 0.500000 0.707107
1.000000 8.139410 8.321658
1.000000 8.139410 8.321658
1.000000 2.061553 2.236068
1.000000 2.061553 2.236068
1.000000 2.061553 2.236068
1.000000 2.061553 2.236068
1.000000 1.414214 1.581139
1.000000 3.041381 3.162278
1.000000 1.000000 1.118034
1.000000 8.746428 8.860023
1.000000 3.535534 3.640055
1.000000 1.414214 1.500000
1.000000 1.500000 1.581139
1.000000 1.500000 1.581139
1.000000 5.024938 5.099020
1.000000 3.535534 3.605551
1.000000 2.000000 2.061553
1.000000 8.139410 8.200610
1.000000 9.124144 9.178780
1.000000 2.500000 2.549510
1.000000 2.500000 2.549510
1.000000 2.500000 2.549510
1.000000 3.500000 3.535534
1.000000 4.716991 4.743416
0.000000 -5.000000 inf
0.000000 -4.242641 -2.061553
0.000000 -0.500000 1.500000
0.000000 -2.500000 -0.707107
0.000000 -2.500000 -0.707107
0.000000 -0.707107 1.000000
0.000000 -2.121320 -0.500000
0.000000 -0.500000 1.118034
0.000000 -3.605551 -2.000000
0.000000 -2.549510 -1.000000
0.000000 -2.692582 -1.414214
0.000000 -1.802776 -0.707107
0.000000 -0.500000 0.500000
0.000000 -2.000000 -1.000000
0.000000 -2.500000 -1.500000
0.000000 -2.500000 -1.581139
0.000000 -2.061553 -1.414214
0.000000 -1.581139 -1.000000
0.000000 -1.000000 -0.500000
0.000000 -1.000000 -0.500000
0.000000 -1.000000 -0.500000
0.000000 -1.000000 -0.500000
0.000000 -2.000000 -1.500000
0.000000 -3.535534 -3.041381
0.000000 -2.500000 -2.061553
0.000000 -1.414214 -1.000000
0.000000 -1.414214 -1.000000
0.000000 -1.118034 -0.707107
0.000000 -1.118034 -0.707107
0.000000 -1.118034 -0.707107
0.000000 -1.802776 -1.414214
0.000000 -1.500000 -1.118034
0.000000 -1.500000 -1.118034
0.000000 -3.905125 -3.535534
0.000000 -1.802776 -1.500000
0.000000 -1.802776 -1.500000
0.000000 -1.414214 -1.118034
0.000000 -1.414214 -1.118034
0.000000 -1.414214 -1.118034
0.000000 -1.000000 -0.707107
0.000000 -1.000000 -0.707107
0.000000 -1.000000 -0.707107
0.000000 -1.000000 -0.707107
0.000000 -1.000000 -0.707107
0.000000 -1.000000 -0.707107
0.000000 -1.000000 -0.707107
0.000000 -2.500000 -2.236068
0.000000 -2.061553 -1.802776
0.000000 -2.061553 -1.802776
0.000000 -1.802776 -1.581139
0.000000 -1.802776 -1.581139
0.000000 -0.707107 -0.500000
0.000000 -0.707107 -0.500000
0.000000 -1.118034 -1.000000
0.000000 -1.118034 -1.000000
0.000000 -1.500000 -1.414214
0.000000 -1.500000 -1.414214
0.000000 -1.581139 -1.500000
0.000000 -1.581139 -1.500000
0.000000 -1.581139 -1.500000
0.000000 -1.581139 -1.500000
0.000000 -3.605551 -3.535534
0.000000 -3.605551 -3.535534
0.000000 -2.061553 -2.000000
0.000000 -2.061553 -2.000000
0.000000 -3.535534 -3.500000
0.000000 -4.031129 -4.000000
