1.000000 1.000000 6.000000
1.000000 -1.414214 1.000000
1.000000 -1.000000 1.000000
1.000000 -1.000000 1.000000
1.000000 4.472136 5.385165
1.000000 1.414214 2.236068
1.000000 1.000000 1.414214
1.000000 5.099020 5.385165
1.000000 2.000000 2.236068
1.000000 5.000000 5.099020
1.000000 5.000000 5.099020
0.000000 -6.324555 inf
0.000000 -5.000000 -1.414214
0.000000 -4.000000 -1.414214
0.000000 -3.605551 -2.236068
0.000000 -2.236068 -1.000000
0.000000 -3.605551 -3.000000
0.000000 -2.000000 -1.414214
0.000000 -1.414214 -1.000000
0.000000 -2.236068 -2.000000
0.000000 -3.162278 -3.000000
