1.000000 -2.400000 0.800000
1.000000 -0.800000 0.800000
1.000000 -0.800000 0.800000
1.000000 2.400000 2.884441
1.000000 2.884441 3.298485
1.000000 2.884441 3.298485
1.000000 2.529822 2.884441
1.000000 1.600000 1.788854
1.000000 1.600000 1.788854
1.000000 3.200000 3.298485
1.000000 3.200000 3.298485
1.000000 3.298485 3.394113
1.000000 11.228535 11.313708
0.000000 -5.059644 inf
0.000000 -2.262742 1.131371
0.000000 -1.788854 1.600000
0.000000 -0.800000 2.262742
0.000000 -1.600000 1.131371
0.000000 -0.800000 1.600000
0.000000 -0.800000 0.800000
0.000000 -4.000000 -2.884441
0.000000 -1.600000 -1.131371
0.000000 -1.600000 -1.131371
0.000000 -1.600000 -1.131371
0.000000 -4.308132 -4.000000
0.000000 -3.298485 -3.200000
0.000000 -4.079216 -4.000000
