1.000000 3.354102 12.747549
1.000000 3.535534 5.408327
1.000000 -0.707107 0.500000
1.000000 2.692582 3.640055
1.000000 0.707107 1.581139
1.000000 2.121320 2.828427
1.000000 1.500000 2.061553
1.000000 4.472136 5.000000
1.000000 0.500000 1.000000
1.000000 0.500000 1.000000
1.000000 0.500000 1.000000
1.000000 1.500000 2.000000
1.000000 1.581139 2.000000
1.000000 1.000000 1.414214
1.000000 0.707107 1.118034
1.000000 1.118034 1.500000
1.000000 1.802776 2.121320
1.000000 1.500000 1.802776
1.000000 1.500000 1.802776
1.000000 3.605551 3.905125
1.000000 1.118034 1.414214
1.000000 1.118034 1.414214
1.000000 1.118034 1.414214
1.000000 0.707107 1.000000
1.000000 0.707107 1.000000
1.000000 11.672618 11.926860
1.000000 3.354102 3.605551
1.000000 3.354102 3.605551
1.000000 4.500000 4.743416
1.000000 10.770330 11.011358
1.000000 1.581139 1.802776
1.000000 1.581139 1.802776
1.000000 1.581139 1.802776
1.000000 1.581139 1.802776
1.000000 1.581139 1.802776
1.000000 1.581139 1.802776
1.000000 0.500000 0.707107
1.000000 0.500000 0.707107
1.000000 0.500000 0.707107
1.000000 0.500000 0.707107
1.000000 0.500000 0.707107
1.000000 0.500000 0.707107
1.000000 0.500000 0.707107
1.000000 0.500000 0.707107
1.000000 0.500000 0.707107
1.000000 4.949747 5.147815
1.000000 1.802776 2.000000
1.000000 4.743416 4.924429
1.000000 12.349089 12.529964
1.000000 10.793517 10.965856
1.000000 10.793517 10.965856
1.000000 11.853270 12.020815
1.000000 1.414214 1.581139
1.000000 11.045361 11.180340
1.000000 4.609772 4.743416
1.000000 11.672618 11.800424
1.000000 3.905125 4.031129
1.000000 3.905125 4.031129
1.000000 4.123106 4.242641
1.000000 1.000000 1.118034
1.000000 1.000000 1.118034
1.000000 1.000000 1.118034
1.000000 1.000000 1.118034
1.000000 1.000000 1.118034
1.000000 1.000000 1.118034
1.000000 1.000000 1.118034
1.000000 1.000000 1.118034
1.000000 1.000000 1.118034
1.000000 1.000000 1.118034
1.000000 1.000000 1.118034
1.000000 1.000000 1.118034
1.000000 1.000000 1.118034
1.000000 1.000000 1.118034
1.000000 2.121320 2.236068
1.000000 2.121320 2.236068
1.000000 4.609772 4.716991
1.000000 3.807887 3.905125
1.000000 3.807887 3.905125
1.000000 5.220153 5.315073
1.000000 4.031129 4.123106
1.000000 12.206556 12.298374
1.000000 12.529964 12.619429
1.000000 1.414214 1.500000
1.000000 1.500000 1.581139
1.000000 1.500000 1.581139
1.000000 1.500000 1.581139
1.000000 2.000000 2.061553
1.000000 2.061553 2.121320
1.000000 7.516648 7.566373
1.000000 2.500000 2.549510
1.000000 3.000000 3.041381
1.000000 3.000000 3.041381
1.000000 3.500000 3.535534
1.000000 3.605551 3.640055
1.000000 3.605551 3.640055
1.000000 3.605551 3.640055
1.000000 4.000000 4.031129
1.000000 4.000000 4.031129
1.000000 4.000000 4.031129
1.000000 4.500000 4.527693
1.000000 5.500000 5.522681
1.000000 11.500000 11.510864
0.000000 -2.061553 inf
0.000000 -0.500000 3.354102
0.000000 -2.000000 1.802776
0.000000 -1.802776 1.000000
0.000000 -1.414214 1.000000
0.000000 -1.118034 1.000000
0.000000 -1.000000 1.000000
0.000000 -1.000000 1.000000
0.000000 -1.414214 0.500000
0.000000 -1.414214 0.500000
0.000000 -0.707107 1.118034
0.000000 -1.000000 0.707107
0.000000 -0.707107 1.000000
0.000000 -0.500000 1.000000
0.000000 -1.000000 0.500000
0.000000 -1.000000 0.500000
0.000000 -1.000000 0.500000
0.000000 -1.000000 0.500000
0.000000 -1.000000 0.500000
0.000000 -1.000000 0.500000
0.000000 -1.000000 0.500000
0.000000 -1.000000 0.500000
0.000000 -0.500000 1.000000
0.000000 -0.500000 0.707107
0.000000 -0.500000 0.707107
0.000000 -0.707107 0.500000
0.000000 -0.707107 0.500000
0.000000 -0.707107 0.500000
0.000000 -0.707107 0.500000
0.000000 -0.707107 0.500000
0.000000 -0.500000 0.500000
0.000000 -0.500000 0.500000
0.000000 -0.500000 0.500000
0.000000 -0.500000 0.500000
0.000000 -1.414214 -0.500000
0.000000 -1.118034 -0.500000
0.000000 -1.118034 -0.500000
0.000000 -1.118034 -0.500000
0.000000 -1.000000 -0.500000
0.000000 -1.000000 -0.500000
0.000000 -1.414214 -1.000000
0.000000 -1.118034 -0.707107
0.000000 -1.118034 -0.707107
0.000000 -1.118034 -0.707107
0.000000 -1.118034 -0.707107
0.000000 -1.414214 -1.118034
0.000000 -1.414214 -1.118034
0.000000 -1.000000 -0.707107
0.000000 -1.000000 -0.707107
0.000000 -1.000000 -0.707107
0.000000 -1.000000 -0.707107
0.000000 -1.000000 -0.707107
0.000000 -1.000000 -0.707107
0.000000 -1.000000 -0.707107
0.000000 -1.000000 -0.707107
0.000000 -1.000000 -0.707107
0.000000 -1.000000 -0.707107
0.000000 -1.000000 -0.707107
0.000000 -1.000000 -0.707107
0.000000 -1.000000 -0.707107
0.000000 -1.000000 -0.707107
0.000000 -0.707107 -0.500000
0.000000 -0.707107 -0.500000
0.000000 -0.707107 -0.500000
0.000000 -0.707107 -0.500000
0.000000 -1.581139 -1.414214
0.000000 -1.118034 -1.000000
0.000000 -1.118034 -1.000000
0.000000 -1.118034 -1.000000
0.000000 -1.118034 -1.000000
0.000000 -1.581139 -1.500000
0.000000 -1.581139 -1.500000
