1.000000 -1.000000 2.500000
1.000000 -1.000000 1.000000
1.000000 -1.000000 0.707107
1.000000 0.500000 1.581139
1.000000 1.414214 2.236068
1.000000 1.802776 2.236068
1.000000 1.500000 1.802776
1.000000 1.581139 1.802776
1.000000 1.581139 1.802776
1.000000 1.581139 1.802776
1.000000 0.500000 0.707107
1.000000 0.500000 0.707107
1.000000 0.500000 0.707107
1.000000 0.500000 0.707107
1.000000 0.500000 0.707107
1.000000 0.500000 0.707107
1.000000 2.121320 2.236068
1.000000 1.414214 1.500000
1.000000 1.500000 1.581139
1.000000 2.000000 2.061553
1.000000 2.061553 2.121320
1.000000 2.061553 2.121320
1.000000 2.500000 2.549510
0.000000 -5.385165 inf
0.000000 -4.500000 25.079872
0.000000 -3.162278 -1.118034
0.000000 -2.500000 -0.707107
0.000000 -3.162278 -1.414214
0.000000 -0.500000 0.500000
0.000000 -0.500000 0.500000
0.000000 -4.527693 -3.807887
0.000000 -1.414214 -1.000000
0.000000 -1.500000 -1.118034
0.000000 -3.807887 -3.500000
0.000000 -1.414214 -1.118034
0.000000 -1.118034 -1.000000
0.000000 -1.118034 -1.000000
0.000000 -1.118034 -1.000000
0.000000 -4.123106 -4.031129
0.000000 -1.500000 -1.414214
0.000000 -2.061553 -2.000000
0.000000 -2.061553 -2.000000
0.000000 -5.000000 -4.949747
0.000000 -3.535534 -3.500000
0.000000 -4.031129 -4.000000
0.000000 -4.031129 -4.000000
0.000000 -4.031129 -4.000000
0.000000 -4.301163 -4.272002
