1.000000 5.385165 10.770330
1.000000 -1.000000 1.000000
1.000000 -1.000000 1.000000
1.000000 -1.000000 1.000000
1.000000 -1.000000 1.000000
1.000000 -1.000000 1.000000
1.000000 -1.000000 1.000000
1.000000 -1.000000 1.000000
1.000000 1.000000 2.000000
1.000000 1.414214 2.236068
1.000000 2.236068 2.828427
1.000000 2.236068 2.828427
1.000000 1.414214 2.000000
1.000000 3.162278 3.605551
1.000000 1.000000 1.414214
1.000000 1.000000 1.414214
1.000000 1.000000 1.414214
1.000000 1.000000 1.414214
1.000000 1.000000 1.414214
1.000000 1.000000 1.414214
1.000000 7.211103 7.615773
1.000000 4.123106 4.472136
1.000000 2.828427 3.162278
1.000000 2.000000 2.236068
1.000000 2.000000 2.236068
1.000000 2.000000 2.236068
1.000000 2.000000 2.236068
1.000000 2.000000 2.236068
1.000000 2.000000 2.236068
1.000000 2.000000 2.236068
1.000000 2.000000 2.236068
1.000000 12.165525 12.369317
1.000000 7.615773 7.810250
1.000000 8.062258 8.246211
1.000000 3.000000 3.162278
1.000000 3.000000 3.162278
1.000000 3.000000 3.162278
1.000000 3.000000 3.162278
1.000000 3.000000 3.162278
1.000000 3.000000 3.162278
1.000000 3.000000 3.162278
1.000000 3.000000 3.162278
1.000000 4.000000 4.123106
1.000000 6.000000 6.082763
1.000000 8.000000 8.062258
1.000000 8.000000 8.062258
1.000000 11.661904 11.704700
1.000000 16.000000 16.031220
0.000000 -2.828427 inf
0.000000 -2.000000 7.615773
0.000000 -2.236068 4.123106
0.000000 -2.236068 2.236068
0.000000 -1.000000 3.000000
0.000000 -2.000000 2.000000
0.000000 -1.000000 2.236068
0.000000 -2.000000 1.000000
0.000000 -1.000000 2.000000
0.000000 -1.000000 2.000000
0.000000 -2.000000 1.000000
0.000000 -1.000000 2.000000
0.000000 -1.414214 1.000000
0.000000 -1.000000 1.414214
0.000000 -1.000000 1.000000
0.000000 -1.000000 1.000000
0.000000 -1.000000 1.000000
0.000000 -1.000000 1.000000
0.000000 -1.000000 1.000000
0.000000 -1.000000 1.000000
0.000000 -1.000000 1.000000
0.000000 -1.000000 1.000000
0.000000 -1.000000 1.000000
0.000000 -1.000000 1.000000
0.000000 -1.000000 1.000000
0.000000 -2.236068 -1.000000
0.000000 -2.000000 -1.000000
0.000000 -2.000000 -1.414214
0.000000 -2.000000 -1.414214
0.000000 -2.000000 -1.414214
0.000000 -1.414214 -1.000000
0.000000 -1.414214 -1.000000
0.000000 -1.414214 -1.000000
0.000000 -1.414214 -1.000000
0.000000 -1.414214 -1.000000
0.000000 -1.414214 -1.000000
0.000000 -1.414214 -1.000000
