1.000000 -1.500000 1.500000
1.000000 -2.061553 0.707107
1.000000 -1.000000 1.118034
1.000000 -0.500000 1.000000
1.000000 -0.500000 0.707107
1.000000 -0.500000 0.707107
1.000000 -0.500000 0.500000
1.000000 -0.500000 0.500000
1.000000 -0.500000 0.500000
1.000000 0.500000 1.000000
1.000000 0.500000 1.000000
1.000000 0.500000 1.000000
1.000000 3.201562 3.605551
1.000000 1.802776 2.121320
1.000000 0.707107 1.000000
1.000000 0.707107 1.000000
1.000000 0.707107 1.000000
1.000000 0.707107 1.000000
1.000000 0.707107 1.000000
1.000000 2.236068 2.500000
1.000000 1.581139 1.802776
1.000000 0.500000 0.707107
1.000000 0.500000 0.707107
1.000000 0.500000 0.707107
1.000000 1.802776 2.000000
1.000000 2.061553 2.236068
1.000000 3.201562 3.354102
1.000000 3.201562 3.354102
1.000000 1.000000 1.118034
1.000000 1.000000 1.118034
1.000000 2.500000 2.549510
0.000000 -6.519202 inf
0.000000 -0.707107 3.000000
0.000000 -5.000000 -1.802776
0.000000 -4.500000 -1.802776
0.000000 -1.000000 0.500000
0.000000 -6.500000 -5.000000
0.000000 -3.162278 -2.500000
0.000000 -6.500000 -6.020797
0.000000 -1.000000 -0.707107
0.000000 -1.000000 -0.707107
0.000000 -1.000000 -0.707107
0.000000 -1.802776 -1.581139
0.000000 -0.707107 -0.500000
0.000000 -2.236068 -2.061553
0.000000 -3.162278 -3.000000
0.000000 -1.118034 -1.000000
0.000000 -2.236068 -2.121320
0.000000 -6.184658 -6.082763
0.000000 -4.609772 -4.527693
0.000000 -2.549510 -2.500000
0.000000 -2.549510 -2.500000
0.000000 -6.041523 -6.020797
