1.000000 -1.414214 8.485281
1.000000 7.615773 8.246211
1.000000 7.615773 8.062258
1.000000 6.082763 6.324555
1.000000 2.000000 2.236068
1.000000 2.000000 2.236068
1.000000 8.062258 8.246211
1.000000 7.211103 7.280110
0.000000 -3.000000 inf
0.000000 -1.000000 1.414214
0.000000 -3.000000 -2.000000
0.000000 -2.828427 -2.000000
0.000000 -2.236068 -1.414214
0.000000 -2.236068 -1.414214
0.000000 -2.828427 -2.236068
0.000000 -2.000000 -1.414214
0.000000 -2.236068 -2.000000
0.000000 -2.236068 -2.000000
0.000000 -2.236068 -2.000000
0.000000 -2.236068 -2.000000
