1.000000 2.000000 10.965856
1.000000 -1.118034 0.500000
1.000000 2.061553 3.640055
1.000000 -0.500000 0.500000
1.000000 -0.500000 0.500000
1.000000 1.414214 2.000000
1.000000 1.500000 2.061553
1.000000 1.581139 2.000000
1.000000 2.692582 3.041381
1.000000 1.118034 1.414214
1.000000 1.118034 1.414214
1.000000 0.707107 1.000000
1.000000 0.707107 1.000000
1.000000 7.778175 8.062258
1.000000 1.802776 2.061553
1.000000 8.276473 8.500000
1.000000 1.581139 1.802776
1.000000 1.581139 1.802776
1.000000 8.062258 8.276473
1.000000 0.500000 0.707107
1.000000 0.500000 0.707107
1.000000 8.544004 8.732125
1.000000 2.061553 2.236068
1.000000 7.905694 8.062258
1.000000 8.860023 9.013878
1.000000 8.077747 8.200610
1.000000 9.219544 9.340771
1.000000 1.000000 1.118034
1.000000 7.810250 7.905694
1.000000 7.810250 7.905694
1.000000 9.617692 9.708244
1.000000 10.111874 10.198039
1.000000 6.000000 6.082763
1.000000 1.500000 1.581139
1.000000 1.500000 1.581139
1.000000 1.500000 1.581139
1.000000 9.055385 9.124144
1.000000 2.000000 2.061553
1.000000 2.000000 2.061553
1.000000 2.000000 2.061553
1.000000 3.000000 3.041381
1.000000 10.511898 10.547512
1.000000 7.778175 7.810250
1.000000 10.049876 10.062306
0.000000 -5.700877 inf
0.000000 -4.301163 0.500000
0.000000 -0.500000 2.549510
0.000000 -4.123106 -2.500000
0.000000 -0.500000 1.118034
0.000000 -1.000000 0.500000
0.000000 -3.905125 -2.549510
0.000000 -1.802776 -0.500000
0.000000 -1.802776 -0.500000
0.000000 -1.118034 -0.500000
0.000000 -2.000000 -1.414214
0.000000 -1.581139 -1.000000
0.000000 -1.581139 -1.000000
0.000000 -1.000000 -0.500000
0.000000 -1.000000 -0.500000
0.000000 -1.000000 -0.500000
0.000000 -2.500000 -2.061553
0.000000 -1.414214 -1.000000
0.000000 -1.414214 -1.000000
0.000000 -1.414214 -1.000000
0.000000 -1.118034 -0.707107
0.000000 -1.500000 -1.118034
0.000000 -1.414214 -1.118034
0.000000 -1.414214 -1.118034
0.000000 -1.414214 -1.118034
0.000000 -1.000000 -0.707107
0.000000 -0.707107 -0.500000
0.000000 -0.707107 -0.500000
0.000000 -0.707107 -0.500000
0.000000 -0.707107 -0.500000
0.000000 -0.707107 -0.500000
0.000000 -0.707107 -0.500000
0.000000 -2.828427 -2.692582
0.000000 -1.118034 -1.000000
0.000000 -2.236068 -2.121320
0.000000 -1.500000 -1.414214
0.000000 -1.500000 -1.414214
0.000000 -1.581139 -1.500000
0.000000 -2.061553 -2.000000
