1.000000 4.000000 7.615773
1.000000 -1.000000 1.000000
1.000000 -1.000000 1.000000
1.000000 4.472136 6.403124
1.000000 5.000000 6.324555
1.000000 1.000000 2.000000
1.000000 2.000000 2.828427
1.000000 1.414214 2.236068
1.000000 3.605551 4.242641
1.000000 6.082763 6.708204
1.000000 1.414214 2.000000
1.000000 4.472136 5.000000
1.000000 3.162278 3.605551
1.000000 3.162278 3.605551
1.000000 3.162278 3.605551
1.000000 1.000000 1.414214
1.000000 1.000000 1.414214
1.000000 5.000000 5.385165
1.000000 5.099020 5.385165
1.000000 4.000000 4.242641
1.000000 2.000000 2.236068
1.000000 2.000000 2.236068
1.000000 2.828427 3.000000
1.000000 5.830952 6.000000
1.000000 4.000000 4.123106
1.000000 5.000000 5.099020
0.000000 -2.828427 inf
0.000000 -1.000000 2.828427
0.000000 -2.000000 1.000000
0.000000 -1.414214 1.000000
0.000000 -1.414214 1.000000
0.000000 -1.000000 1.000000
0.000000 -1.000000 1.000000
0.000000 -1.000000 1.000000
0.000000 -1.000000 1.000000
0.000000 -1.000000 1.000000
0.000000 -1.000000 1.000000
0.000000 -2.828427 -1.414214
0.000000 -2.236068 -1.000000
0.000000 -2.000000 -1.000000
0.000000 -2.000000 -1.000000
0.000000 -2.000000 -1.000000
0.000000 -2.000000 -1.414214
0.000000 -2.000000 -1.414214
