1.000000 -3.605551 2.828427
1.000000 -3.605551 2.000000
1.000000 -1.414214 1.000000
1.000000 -1.000000 1.000000
1.000000 1.000000 1.414214
0.000000 -11.180340 inf
0.000000 -1.414214 3.000000
0.000000 -7.810250 -5.000000
0.000000 -6.082763 -4.242641
0.000000 -5.000000 -4.000000
0.000000 -1.414214 -1.000000
0.000000 -5.385165 -5.099020
0.000000 -6.082763 -5.830952
0.000000 -4.242641 -4.000000
0.000000 -11.000000 -10.770330
0.000000 -4.242641 -4.123106
0.000000 -5.099020 -5.000000
0.000000 -6.082763 -6.000000
0.000000 -7.280110 -7.211103
