1.000000 -1.802776 1.414214
1.000000 -1.581139 0.500000
1.000000 -1.581139 0.500000
1.000000 -1.118034 0.707107
1.000000 -0.707107 1.118034
1.000000 -0.707107 1.118034
1.000000 -0.500000 1.118034
1.000000 -1.000000 0.500000
1.000000 -0.500000 1.000000
1.000000 -0.500000 0.707107
1.000000 -0.707107 0.500000
1.000000 -0.707107 0.500000
1.000000 -0.500000 0.707107
1.000000 -0.500000 0.500000
1.000000 -0.500000 0.500000
1.000000 -0.500000 0.500000
1.000000 0.500000 1.118034
1.000000 0.500000 1.118034
1.000000 0.500000 1.000000
1.000000 0.707107 1.118034
1.000000 1.500000 1.802776
1.000000 0.707107 1.000000
1.000000 0.707107 1.000000
1.000000 0.707107 1.000000
1.000000 0.500000 0.707107
1.000000 0.500000 0.707107
1.000000 0.500000 0.707107
1.000000 0.500000 0.707107
1.000000 0.500000 0.707107
1.000000 0.500000 0.707107
1.000000 0.500000 0.707107
1.000000 1.000000 1.118034
1.000000 1.000000 1.118034
1.000000 1.000000 1.118034
1.000000 1.000000 1.118034
1.000000 1.000000 1.118034
1.000000 1.414214 1.500000
0.000000 -5.099020 inf
0.000000 -2.828427 -1.000000
0.000000 -1.118034 0.500000
0.000000 -4.527693 -3.162278
0.000000 -3.500000 -2.500000
0.000000 -1.802776 -1.000000
0.000000 -3.000000 -2.500000
0.000000 -1.500000 -1.000000
0.000000 -1.000000 -0.500000
0.000000 -2.236068 -1.802776
0.000000 -1.414214 -1.000000
0.000000 -1.414214 -1.000000
0.000000 -3.500000 -3.162278
0.000000 -3.000000 -2.692582
0.000000 -1.802776 -1.500000
0.000000 -1.414214 -1.118034
0.000000 -1.000000 -0.707107
0.000000 -3.162278 -2.915476
0.000000 -1.802776 -1.581139
0.000000 -1.802776 -1.581139
0.000000 -0.707107 -0.500000
0.000000 -0.707107 -0.500000
0.000000 -0.707107 -0.500000
0.000000 -3.201562 -3.000000
0.000000 -3.354102 -3.162278
0.000000 -1.581139 -1.414214
0.000000 -4.743416 -4.609772
0.000000 -1.118034 -1.000000
0.000000 -2.549510 -2.500000
0.000000 -2.549510 -2.500000
0.000000 -4.301163 -4.272002
0.000000 -5.024938 -5.000000
