1.000000 -1.000000 8.631338
1.000000 -1.500000 0.500000
1.000000 -1.500000 0.500000
1.000000 -1.414214 0.500000
1.000000 -1.118034 0.500000
1.000000 -1.000000 0.500000
1.000000 -1.000000 0.500000
1.000000 -0.707107 0.707107
1.000000 -0.500000 0.500000
1.000000 -0.500000 0.500000
1.000000 -0.500000 0.500000
1.000000 1.802776 2.500000
1.000000 7.810250 8.139410
1.000000 1.118034 1.414214
1.000000 1.118034 1.414214
1.000000 2.236068 2.500000
1.000000 2.236068 2.500000
1.000000 1.802776 2.061553
1.000000 4.472136 4.716991
1.000000 7.826238 8.062258
1.000000 7.826238 8.062258
1.000000 7.826238 8.062258
1.000000 0.500000 0.707107
1.000000 5.852350 6.041523
1.000000 2.061553 2.236068
1.000000 8.246211 8.381527
1.000000 4.609772 4.743416
1.000000 5.700877 5.830952
1.000000 1.000000 1.118034
1.000000 1.000000 1.118034
1.000000 2.121320 2.236068
1.000000 7.810250 7.905694
1.000000 7.810250 7.905694
1.000000 5.315073 5.408327
1.000000 6.184658 6.264982
1.000000 5.590170 5.656854
1.000000 8.077747 8.139410
1.000000 2.000000 2.061553
1.000000 2.061553 2.121320
1.000000 5.656854 5.700877
1.000000 4.000000 4.031129
1.000000 4.000000 4.031129
1.000000 5.000000 5.024938
0.000000 -4.031129 inf
0.000000 -3.807887 -1.118034
0.000000 -3.605551 -1.414214
0.000000 -2.915476 -1.500000
0.000000 -2.236068 -1.000000
0.000000 -0.707107 0.500000
0.000000 -2.500000 -1.500000
0.000000 -2.915476 -2.000000
0.000000 -1.802776 -1.000000
0.000000 -2.000000 -1.414214
0.000000 -1.581139 -1.000000
0.000000 -1.581139 -1.118034
0.000000 -2.500000 -2.061553
0.000000 -1.500000 -1.118034
0.000000 -1.414214 -1.118034
0.000000 -1.000000 -0.707107
0.000000 -2.061553 -1.802776
0.000000 -2.061553 -1.802776
0.000000 -2.061553 -1.802776
0.000000 -2.236068 -2.000000
0.000000 -1.802776 -1.581139
0.000000 -1.802776 -1.581139
0.000000 -1.802776 -1.581139
0.000000 -0.707107 -0.500000
0.000000 -0.707107 -0.500000
0.000000 -2.121320 -2.000000
0.000000 -1.500000 -1.414214
0.000000 -1.581139 -1.500000
0.000000 -1.581139 -1.500000
0.000000 -1.581139 -1.500000
0.000000 -2.061553 -2.000000
0.000000 -2.061553 -2.000000
