1.000000 -1.118034 3.605551
1.000000 -1.500000 0.500000
1.000000 -1.500000 0.500000
1.000000 -0.500000 1.500000
1.000000 -1.414214 0.500000
1.000000 -1.000000 0.707107
1.000000 -1.000000 0.707107
1.000000 -1.118034 0.500000
1.000000 -1.118034 0.500000
1.000000 -0.500000 0.500000
1.000000 -0.500000 0.500000
1.000000 -0.500000 0.500000
1.000000 -0.500000 0.500000
1.000000 0.707107 1.000000
1.000000 0.707107 1.000000
1.000000 0.707107 1.000000
1.000000 0.707107 1.000000
1.000000 0.500000 0.707107
1.000000 1.000000 1.118034
1.000000 1.000000 1.118034
1.000000 1.000000 1.118034
1.000000 3.500000 3.605551
1.000000 2.500000 2.549510
1.000000 3.000000 3.041381
0.000000 -5.147815 inf
0.000000 -4.527693 -1.414214
0.000000 -3.535534 -1.581139
0.000000 -2.915476 -1.802776
0.000000 -5.000000 -4.242641
0.000000 -3.201562 -2.549510
0.000000 -2.692582 -2.061553
0.000000 -1.000000 -0.500000
0.000000 -1.000000 -0.707107
0.000000 -1.000000 -0.707107
0.000000 -3.605551 -3.354102
0.000000 -4.031129 -3.807887
0.000000 -2.915476 -2.692582
0.000000 -0.707107 -0.500000
0.000000 -2.692582 -2.500000
0.000000 -3.354102 -3.162278
0.000000 -2.236068 -2.061553
0.000000 -3.354102 -3.201562
0.000000 -1.118034 -1.000000
0.000000 -4.716991 -4.609772
0.000000 -2.915476 -2.828427
0.000000 -3.605551 -3.535534
0.000000 -4.527693 -4.500000
