1.000000 -1.000000 8.062258
1.000000 -2.236068 1.414214
1.000000 7.071068 7.615773
1.000000 4.472136 5.000000
1.000000 5.000000 5.385165
1.000000 6.708204 7.071068
1.000000 7.280110 7.615773
1.000000 5.385165 5.656854
1.000000 7.615773 7.810250
1.000000 7.071068 7.211103
0.000000 -7.071068 inf
0.000000 -7.071068 -5.000000
0.000000 -2.000000 -1.000000
0.000000 -3.162278 -2.236068
0.000000 -4.000000 -3.162278
0.000000 -2.828427 -2.000000
0.000000 -2.828427 -2.236068
0.000000 -2.828427 -2.236068
0.000000 -2.828427 -2.236068
0.000000 -2.000000 -1.414214
0.000000 -1.414214 -1.000000
0.000000 -1.414214 -1.000000
0.000000 -3.162278 -2.828427
0.000000 -3.162278 -2.828427
0.000000 -2.236068 -2.000000
0.000000 -3.000000 -2.828427
0.000000 -3.162278 -3.000000
0.000000 -6.082763 -6.000000
0.000000 -6.082763 -6.000000
0.000000 -7.071068 -7.000000
