1.000000 1.000000 7.000000
1.000000 -0.707107 2.500000
1.000000 0.500000 1.000000
1.000000 6.324555 6.800735
1.000000 1.000000 1.414214
1.000000 0.500000 0.707107
1.000000 6.519202 6.670832
1.000000 6.519202 6.670832
1.000000 1.000000 1.118034
0.000000 -6.041523 inf
0.000000 -2.915476 -0.500000
0.000000 -0.707107 0.707107
0.000000 -0.500000 0.500000
0.000000 -0.500000 0.500000
0.000000 -1.118034 -0.500000
0.000000 -1.118034 -0.707107
0.000000 -5.500000 -5.220153
0.000000 -0.707107 -0.500000
0.000000 -6.000000 -5.830952
0.000000 -5.590170 -5.500000
0.000000 -5.522681 -5.500000
0.000000 -5.522681 -5.500000
0.000000 -5.852350 -5.830952
0.000000 -6.020797 -6.000000
0.000000 -6.041523 -6.020797
