1.000000 -1.000000 2.236068
1.000000 2.000000 4.472136
1.000000 -1.000000 1.000000
1.000000 9.219544 10.630146
1.000000 9.433981 9.848858
1.000000 1.000000 1.414214
1.000000 1.000000 1.414214
1.000000 9.899495 10.295630
1.000000 3.605551 4.000000
1.000000 5.000000 5.385165
1.000000 9.486833 9.848858
1.000000 4.123106 4.472136
1.000000 5.099020 5.385165
1.000000 6.082763 6.324555
1.000000 9.219544 9.433981
1.000000 5.656854 5.830952
1.000000 4.123106 4.242641
1.000000 9.899495 10.000000
1.000000 11.000000 11.045361
0.000000 -2.828427 inf
0.000000 -2.236068 9.000000
0.000000 -2.000000 4.472136
0.000000 -2.000000 2.000000
0.000000 -1.000000 2.236068
0.000000 -2.000000 -1.000000
0.000000 -2.000000 -1.000000
0.000000 -1.414214 -1.000000
0.000000 -1.414214 -1.000000
0.000000 -1.414214 -1.000000
0.000000 -1.414214 -1.000000
0.000000 -1.414214 -1.000000
0.000000 -1.414214 -1.000000
0.000000 -1.414214 -1.000000
0.000000 -1.414214 -1.000000
