1.000000 -0.707107 1.000000
1.000000 -1.000000 0.500000
1.000000 -0.707107 0.707107
1.000000 0.500000 1.000000
1.000000 1.118034 1.581139
1.000000 1.118034 1.414214
1.000000 1.118034 1.414214
1.000000 0.500000 0.707107
1.000000 0.500000 0.707107
1.000000 3.640055 3.807887
1.000000 3.905125 4.031129
1.000000 4.123106 4.242641
1.000000 1.000000 1.118034
1.000000 1.500000 1.581139
1.000000 1.500000 1.581139
1.000000 4.500000 4.527693
0.000000 -4.272002 inf
0.000000 -1.118034 0.500000
0.000000 -0.500000 0.707107
0.000000 -1.500000 -0.707107
0.000000 -2.500000 -1.802776
0.000000 -1.500000 -1.118034
0.000000 -1.414214 -1.118034
0.000000 -1.000000 -0.707107
0.000000 -0.707107 -0.500000
0.000000 -2.061553 -2.000000
0.000000 -2.121320 -2.061553
