1.000000 -1.000000 14.849242
1.000000 0.500000 1.000000
1.000000 0.500000 1.000000
1.000000 0.500000 1.000000
1.000000 0.707107 1.000000
1.000000 2.236068 2.500000
1.000000 9.617692 9.861541
1.000000 1.581139 1.802776
1.000000 0.500000 0.707107
1.000000 0.500000 0.707107
1.000000 0.500000 0.707107
1.000000 0.500000 0.707107
1.000000 0.500000 0.707107
1.000000 2.061553 2.236068
1.000000 9.552487 9.708244
1.000000 2.549510 2.692582
1.000000 10.307764 10.440307
1.000000 2.000000 2.121320
1.000000 9.394147 9.500000
1.000000 1.414214 1.500000
1.000000 1.500000 1.581139
1.000000 9.848858 9.924717
1.000000 2.000000 2.061553
1.000000 9.552487 9.604686
1.000000 12.041595 12.093387
1.000000 2.500000 2.549510
1.000000 10.688779 10.735455
1.000000 14.534442 14.577380
1.000000 3.000000 3.041381
1.000000 12.000000 12.010412
1.000000 12.000000 12.010412
0.000000 -2.915476 inf
0.000000 -0.500000 2.000000
0.000000 -0.707107 1.414214
0.000000 -1.118034 0.500000
0.000000 -1.000000 0.500000
0.000000 -2.500000 -1.118034
0.000000 -0.500000 0.500000
0.000000 -0.500000 0.500000
0.000000 -2.121320 -1.414214
0.000000 -1.802776 -1.118034
0.000000 -1.802776 -1.118034
0.000000 -1.118034 -0.500000
0.000000 -2.121320 -1.581139
0.000000 -1.000000 -0.500000
0.000000 -2.061553 -1.581139
0.000000 -2.500000 -2.061553
0.000000 -2.236068 -1.802776
0.000000 -1.802776 -1.500000
0.000000 -1.802776 -1.500000
0.000000 -1.414214 -1.118034
0.000000 -1.414214 -1.118034
0.000000 -1.414214 -1.118034
0.000000 -1.414214 -1.118034
0.000000 -2.061553 -1.802776
0.000000 -2.061553 -1.802776
0.000000 -2.236068 -2.000000
0.000000 -2.236068 -2.000000
0.000000 -1.802776 -1.581139
0.000000 -1.802776 -1.581139
0.000000 -1.802776 -1.581139
0.000000 -1.802776 -1.581139
0.000000 -0.707107 -0.500000
0.000000 -0.707107 -0.500000
0.000000 -2.000000 -1.802776
0.000000 -2.000000 -1.802776
0.000000 -2.000000 -1.802776
0.000000 -2.236068 -2.061553
0.000000 -1.581139 -1.414214
0.000000 -1.581139 -1.414214
0.000000 -1.581139 -1.414214
0.000000 -1.581139 -1.414214
0.000000 -1.581139 -1.414214
0.000000 -1.500000 -1.414214
0.000000 -1.500000 -1.414214
0.000000 -1.500000 -1.414214
0.000000 -1.581139 -1.500000
0.000000 -1.581139 -1.500000
0.000000 -1.581139 -1.500000
0.000000 -1.581139 -1.500000
0.000000 -2.061553 -2.000000
