1.000000 0.500000 7.433034
1.000000 1.000000 4.031129
1.000000 1.414214 3.905125
1.000000 -1.000000 1.414214
1.000000 -1.414214 0.707107
1.000000 2.828427 4.743416
1.000000 -1.000000 0.707107
1.000000 -1.000000 0.500000
1.000000 -0.500000 1.000000
1.000000 -0.707107 0.707107
1.000000 -0.707107 0.500000
1.000000 -0.500000 0.707107
1.000000 -0.500000 0.707107
1.000000 0.500000 1.581139
1.000000 -0.500000 0.500000
1.000000 -0.500000 0.500000
1.000000 -0.500000 0.500000
1.000000 -0.500000 0.500000
1.000000 -0.500000 0.500000
1.000000 -0.500000 0.500000
1.000000 0.500000 1.414214
1.000000 3.500000 4.272002
1.000000 6.403124 7.158911
1.000000 2.000000 2.500000
1.000000 0.500000 1.000000
1.000000 0.500000 1.000000
1.000000 0.500000 1.000000
1.000000 1.000000 1.500000
1.000000 2.692582 3.162278
1.000000 1.118034 1.581139
1.000000 1.000000 1.414214
1.000000 1.000000 1.414214
1.000000 0.707107 1.118034
1.000000 1.414214 1.802776
1.000000 4.272002 4.609772
1.000000 4.301163 4.609772
1.000000 1.118034 1.414214
1.000000 1.118034 1.414214
1.000000 1.118034 1.414214
1.000000 0.707107 1.000000
1.000000 0.707107 1.000000
1.000000 0.707107 1.000000
1.000000 0.707107 1.000000
1.000000 2.549510 2.828427
1.000000 2.915476 3.162278
1.000000 2.692582 2.915476
1.000000 1.581139 1.802776
1.000000 1.581139 1.802776
1.000000 6.500000 6.708204
1.000000 6.500000 6.708204
1.000000 0.500000 0.707107
1.000000 0.500000 0.707107
1.000000 0.500000 0.707107
1.000000 0.500000 0.707107
1.000000 0.500000 0.707107
1.000000 4.301163 4.472136
1.000000 6.800735 6.964194
1.000000 3.201562 3.354102
1.000000 2.549510 2.692582
1.000000 6.964194 7.106335
1.000000 4.472136 4.609772
1.000000 4.472136 4.609772
1.000000 4.609772 4.743416
1.000000 6.576473 6.708204
1.000000 3.905125 4.031129
1.000000 5.099020 5.220153
1.000000 3.041381 3.162278
1.000000 1.000000 1.118034
1.000000 1.000000 1.118034
1.000000 1.000000 1.118034
1.000000 1.000000 1.118034
1.000000 1.000000 1.118034
1.000000 1.000000 1.118034
1.000000 1.000000 1.118034
1.000000 1.000000 1.118034
1.000000 6.403124 6.519202
1.000000 2.828427 2.915476
1.000000 2.828427 2.915476
1.000000 6.000000 6.082763
1.000000 4.924429 5.000000
1.000000 6.726812 6.800735
1.000000 6.726812 6.800735
1.000000 3.000000 3.041381
1.000000 3.162278 3.201562
1.000000 3.500000 3.535534
1.000000 4.000000 4.031129
1.000000 4.500000 4.527693
0.000000 -4.609772 inf
0.000000 -2.236068 1.118034
0.000000 -3.605551 -0.707107
0.000000 -1.000000 1.500000
0.000000 -3.354102 -1.500000
0.000000 -0.707107 1.118034
0.000000 -3.201562 -1.414214
0.000000 -3.201562 -1.414214
0.000000 -1.118034 0.500000
0.000000 -2.692582 -1.118034
0.000000 -2.549510 -1.500000
0.000000 -3.041381 -2.000000
0.000000 -2.500000 -1.500000
0.000000 -3.041381 -2.121320
0.000000 -2.500000 -1.581139
0.000000 -2.236068 -1.414214
0.000000 -1.414214 -0.707107
0.000000 -1.802776 -1.118034
0.000000 -2.000000 -1.414214
0.000000 -2.000000 -1.500000
0.000000 -1.000000 -0.500000
0.000000 -2.000000 -1.500000
0.000000 -1.000000 -0.500000
0.000000 -1.000000 -0.500000
0.000000 -1.581139 -1.118034
0.000000 -1.802776 -1.414214
0.000000 -1.500000 -1.118034
0.000000 -2.121320 -1.802776
0.000000 -2.121320 -1.802776
0.000000 -1.414214 -1.118034
0.000000 -1.000000 -0.707107
0.000000 -1.000000 -0.707107
0.000000 -1.000000 -0.707107
0.000000 -1.000000 -0.707107
0.000000 -1.000000 -0.707107
0.000000 -1.000000 -0.707107
0.000000 -1.000000 -0.707107
0.000000 -2.500000 -2.236068
0.000000 -2.061553 -1.802776
0.000000 -2.061553 -1.802776
0.000000 -1.802776 -1.581139
0.000000 -1.802776 -1.581139
0.000000 -1.802776 -1.581139
0.000000 -1.802776 -1.581139
0.000000 -0.707107 -0.500000
0.000000 -0.707107 -0.500000
0.000000 -2.236068 -2.061553
0.000000 -2.236068 -2.061553
0.000000 -1.581139 -1.414214
0.000000 -3.500000 -3.354102
0.000000 -1.118034 -1.000000
0.000000 -1.118034 -1.000000
0.000000 -1.118034 -1.000000
0.000000 -1.118034 -1.000000
0.000000 -3.605551 -3.535534
0.000000 -2.061553 -2.000000
0.000000 -2.061553 -2.000000
0.000000 -2.549510 -2.500000
