1.000000 -1.118034 6.020797
1.000000 -1.414214 0.500000
1.000000 -1.414214 0.500000
1.000000 -0.707107 1.000000
1.000000 -1.118034 0.500000
1.000000 -1.000000 0.500000
1.000000 8.732125 10.000000
1.000000 -0.707107 0.500000
1.000000 -0.707107 0.500000
1.000000 -0.707107 0.500000
1.000000 -0.707107 0.500000
1.000000 -0.500000 0.500000
1.000000 -0.500000 0.500000
1.000000 -0.500000 0.500000
1.000000 -0.500000 0.500000
1.000000 -0.500000 0.500000
1.000000 -0.500000 0.500000
1.000000 -0.500000 0.500000
1.000000 0.500000 1.000000
1.000000 0.707107 1.118034
1.000000 4.949747 5.315073
1.000000 3.905125 4.242641
1.000000 9.604686 9.924717
1.000000 5.000000 5.315073
1.000000 1.118034 1.414214
1.000000 0.707107 1.000000
1.000000 0.707107 1.000000
1.000000 0.707107 1.000000
1.000000 8.276473 8.544004
1.000000 5.147815 5.408327
1.000000 1.802776 2.061553
1.000000 1.802776 2.061553
1.000000 9.617692 9.861541
1.000000 8.944272 9.178780
1.000000 0.500000 0.707107
1.000000 0.500000 0.707107
1.000000 0.500000 0.707107
1.000000 0.500000 0.707107
1.000000 0.500000 0.707107
1.000000 0.500000 0.707107
1.000000 5.385165 5.590170
1.000000 9.013878 9.192388
1.000000 8.860023 9.013878
1.000000 9.708244 9.861541
1.000000 5.000000 5.147815
1.000000 2.692582 2.828427
1.000000 2.692582 2.828427
1.000000 8.732125 8.860023
1.000000 3.905125 4.031129
1.000000 9.055385 9.178780
1.000000 9.219544 9.340771
1.000000 4.123106 4.242641
1.000000 4.123106 4.242641
1.000000 1.000000 1.118034
1.000000 8.944272 9.055385
1.000000 8.558621 8.631338
1.000000 8.558621 8.631338
1.000000 17.117243 17.182840
1.000000 2.000000 2.061553
1.000000 2.000000 2.061553
1.000000 2.061553 2.121320
1.000000 3.000000 3.041381
1.000000 4.000000 4.031129
1.000000 4.000000 4.031129
1.000000 22.022716 22.051077
1.000000 4.500000 4.527693
1.000000 9.500000 9.513149
0.000000 -4.716991 inf
0.000000 -4.123106 8.276473
0.000000 -0.500000 3.807887
0.000000 -0.500000 2.500000
0.000000 -1.000000 1.500000
0.000000 -0.500000 1.500000
0.000000 -3.041381 -1.118034
0.000000 -0.500000 1.000000
0.000000 -0.500000 0.707107
0.000000 -0.707107 0.500000
0.000000 -2.500000 -1.414214
0.000000 -2.500000 -1.414214
0.000000 -0.500000 0.500000
0.000000 -0.500000 0.500000
0.000000 -0.500000 0.500000
0.000000 -0.500000 0.500000
0.000000 -1.802776 -1.000000
0.000000 -2.121320 -1.500000
0.000000 -2.061553 -1.581139
0.000000 -1.802776 -1.414214
0.000000 -1.500000 -1.118034
0.000000 -1.500000 -1.118034
0.000000 -2.121320 -1.802776
0.000000 -1.802776 -1.500000
0.000000 -2.061553 -1.802776
0.000000 -1.802776 -1.581139
0.000000 -1.802776 -1.581139
0.000000 -2.000000 -1.802776
0.000000 -2.692582 -2.500000
0.000000 -2.692582 -2.500000
0.000000 -3.000000 -2.828427
0.000000 -1.581139 -1.414214
0.000000 -1.581139 -1.414214
0.000000 -1.581139 -1.414214
0.000000 -2.692582 -2.549510
0.000000 -3.905125 -3.807887
0.000000 -1.581139 -1.500000
0.000000 -3.605551 -3.535534
0.000000 -2.061553 -2.000000
0.000000 -2.061553 -2.000000
0.000000 -4.031129 -4.000000
