1.000000 -1.000000 13.038405
1.000000 -1.000000 1.414214
1.000000 12.206556 12.806248
1.000000 12.529964 13.000000
1.000000 1.000000 1.414214
1.000000 1.000000 1.414214
0.000000 -5.000000 inf
0.000000 -2.000000 1.000000
0.000000 -4.000000 -2.000000
0.000000 -3.162278 -1.414214
0.000000 -3.000000 -2.000000
0.000000 -3.162278 -2.236068
0.000000 -3.000000 -2.236068
0.000000 -2.828427 -2.236068
0.000000 -2.828427 -2.236068
0.000000 -1.414214 -1.000000
0.000000 -3.162278 -3.000000
0.000000 -4.123106 -4.000000
