1.000000 -1.000000 2.000000
1.000000 -1.000000 1.000000
1.000000 -1.000000 1.000000
1.000000 1.000000 2.828427
1.000000 1.000000 2.236068
1.000000 2.000000 2.828427
1.000000 2.236068 3.000000
1.000000 1.000000 1.414214
1.000000 1.000000 1.414214
1.000000 1.000000 1.414214
1.000000 1.000000 1.414214
1.000000 1.000000 1.414214
1.000000 1.000000 1.414214
1.000000 6.403124 6.708204
1.000000 2.000000 2.236068
1.000000 2.000000 2.236068
1.000000 2.000000 2.236068
0.000000 -5.656854 inf
0.000000 -1.000000 6.082763
0.000000 -5.656854 -1.414214
0.000000 -4.123106 -1.414214
0.000000 -3.000000 -1.000000
0.000000 -1.000000 1.000000
0.000000 -2.828427 -1.000000
0.000000 -5.000000 -4.472136
0.000000 -5.385165 -5.099020
0.000000 -2.236068 -2.000000
0.000000 -4.123106 -4.000000
