1.000000 -0.500000 11.704700
1.000000 -1.000000 0.500000
1.000000 9.500000 10.062306
1.000000 1.118034 1.500000
1.000000 2.549510 2.915476
1.000000 2.236068 2.549510
1.000000 8.746428 9.013878
1.000000 2.236068 2.500000
1.000000 2.236068 2.500000
1.000000 2.236068 2.500000
1.000000 8.944272 9.178780
1.000000 8.746428 8.944272
1.000000 2.549510 2.692582
1.000000 2.692582 2.828427
1.000000 11.543396 11.672618
1.000000 1.000000 1.118034
1.000000 1.000000 1.118034
1.000000 1.000000 1.118034
1.000000 9.708244 9.823441
1.000000 8.845903 8.944272
1.000000 2.915476 3.000000
1.000000 1.500000 1.581139
1.000000 1.500000 1.581139
1.000000 1.500000 1.581139
1.000000 2.000000 2.061553
1.000000 2.000000 2.061553
1.000000 2.000000 2.061553
1.000000 8.845903 8.902247
1.000000 8.845903 8.902247
1.000000 9.433981 9.486833
1.000000 9.500000 9.552487
1.000000 2.500000 2.549510
1.000000 3.000000 3.041381
1.000000 3.162278 3.201562
1.000000 4.000000 4.031129
1.000000 9.192388 9.219544
0.000000 -3.354102 inf
0.000000 -0.707107 2.500000
0.000000 -1.000000 1.414214
0.000000 -0.500000 1.802776
0.000000 -1.000000 1.000000
0.000000 -2.500000 -1.000000
0.000000 -2.500000 -1.000000
0.000000 -0.500000 1.000000
0.000000 -0.500000 0.707107
0.000000 -0.500000 0.500000
0.000000 -2.549510 -1.581139
0.000000 -1.802776 -1.118034
0.000000 -2.500000 -2.000000
0.000000 -2.000000 -1.500000
0.000000 -1.581139 -1.118034
0.000000 -1.581139 -1.118034
0.000000 -2.500000 -2.061553
0.000000 -1.414214 -1.000000
0.000000 -1.414214 -1.000000
0.000000 -1.500000 -1.118034
0.000000 -1.802776 -1.500000
0.000000 -1.414214 -1.118034
0.000000 -1.414214 -1.118034
0.000000 -1.414214 -1.118034
0.000000 -1.414214 -1.118034
0.000000 -1.414214 -1.118034
0.000000 -1.414214 -1.118034
0.000000 -2.500000 -2.236068
0.000000 -2.236068 -2.000000
0.000000 -1.802776 -1.581139
0.000000 -1.802776 -1.581139
0.000000 -1.802776 -1.581139
0.000000 -0.707107 -0.500000
0.000000 -0.707107 -0.500000
0.000000 -0.707107 -0.500000
0.000000 -1.118034 -1.000000
0.000000 -2.236068 -2.121320
0.000000 -1.500000 -1.414214
0.000000 -1.500000 -1.414214
0.000000 -1.581139 -1.500000
0.000000 -2.061553 -2.000000
