1.000000 -1.414214 11.661904
1.000000 -2.000000 2.236068
1.000000 -1.000000 1.414214
1.000000 1.414214 2.000000
1.000000 1.000000 1.414214
1.000000 1.000000 1.414214
1.000000 8.544004 8.944272
1.000000 7.280110 7.615773
1.000000 6.708204 7.000000
1.000000 8.062258 8.246211
1.000000 5.000000 5.099020
1.000000 10.000000 10.049876
0.000000 -8.944272 inf
0.000000 -1.000000 5.000000
0.000000 -4.123106 -2.000000
0.000000 -4.000000 -2.000000
0.000000 -4.000000 -2.236068
0.000000 -2.000000 -1.000000
0.000000 -3.000000 -2.000000
0.000000 -3.162278 -2.236068
0.000000 -2.828427 -2.000000
0.000000 -2.828427 -2.000000
0.000000 -2.828427 -2.236068
0.000000 -2.828427 -2.236068
0.000000 -2.828427 -2.236068
0.000000 -1.414214 -1.000000
0.000000 -3.162278 -2.828427
0.000000 -3.162278 -2.828427
0.000000 -2.236068 -2.000000
0.000000 -2.236068 -2.000000
0.000000 -2.236068 -2.000000
0.000000 -2.236068 -2.000000
0.000000 -3.000000 -2.828427
0.000000 -3.162278 -3.000000
