1.000000 -2.500000 1.000000
1.000000 1.500000 2.061553
1.000000 1.500000 1.802776
1.000000 1.581139 1.802776
1.000000 1.000000 1.118034
1.000000 1.414214 1.500000
1.000000 1.500000 1.581139
1.000000 1.500000 1.581139
1.000000 1.500000 1.581139
1.000000 2.000000 2.061553
1.000000 2.000000 2.061553
0.000000 -9.124144 inf
0.000000 -0.500000 1.414214
0.000000 -0.500000 1.414214
0.000000 -0.500000 0.500000
0.000000 -3.535534 -2.828427
0.000000 -5.852350 -5.500000
0.000000 -5.700877 -5.522681
0.000000 -5.830952 -5.656854
0.000000 -2.549510 -2.500000
