1.000000 -1.000000 1.000000
1.000000 2.236068 4.123106
1.000000 10.630146 11.704700
1.000000 2.236068 3.162278
1.000000 3.000000 3.605551
1.000000 2.236068 2.828427
1.000000 10.816654 11.313708
1.000000 10.816654 11.313708
1.000000 1.000000 1.414214
1.000000 1.000000 1.414214
1.000000 11.401754 11.704700
1.000000 10.198039 10.440307
1.000000 11.180340 11.401754
1.000000 11.180340 11.401754
1.000000 2.828427 3.000000
1.000000 3.000000 3.162278
1.000000 8.000000 8.062258
1.000000 8.000000 8.062258
1.000000 12.165525 12.206556
1.000000 13.000000 13.038405
0.000000 -2.000000 inf
0.000000 -1.000000 10.198039
0.000000 -1.000000 7.280110
0.000000 -2.000000 2.000000
0.000000 -1.000000 2.000000
0.000000 -1.414214 1.000000
0.000000 -1.000000 1.000000
0.000000 -1.000000 1.000000
0.000000 -1.414214 -1.000000
0.000000 -1.414214 -1.000000
