1.000000 -0.500000 6.576473
1.000000 -0.707107 2.500000
1.000000 -1.000000 1.414214
1.000000 -1.802776 0.500000
1.000000 -1.500000 0.707107
1.000000 -0.500000 0.500000
1.000000 -0.500000 0.500000
1.000000 0.500000 1.414214
1.000000 3.605551 4.500000
1.000000 0.500000 1.000000
1.000000 1.000000 1.414214
1.000000 0.707107 1.118034
1.000000 6.264982 6.519202
1.000000 2.000000 2.236068
1.000000 6.264982 6.500000
1.000000 3.605551 3.807887
1.000000 6.324555 6.519202
1.000000 6.324555 6.500000
1.000000 2.549510 2.692582
1.000000 1.000000 1.118034
1.000000 1.000000 1.118034
1.000000 2.000000 2.061553
1.000000 3.500000 3.535534
1.000000 4.000000 4.031129
0.000000 -6.500000 inf
0.000000 -5.522681 -1.000000
0.000000 -5.024938 -2.061553
0.000000 -3.162278 -1.118034
0.000000 -4.924429 -3.354102
0.000000 -2.915476 -1.500000
0.000000 -3.162278 -2.000000
0.000000 -2.692582 -2.000000
0.000000 -2.549510 -2.121320
0.000000 -2.915476 -2.549510
0.000000 -3.905125 -3.605551
0.000000 -1.414214 -1.118034
0.000000 -1.000000 -0.707107
0.000000 -1.000000 -0.707107
0.000000 -1.000000 -0.707107
0.000000 -1.000000 -0.707107
0.000000 -2.236068 -2.000000
0.000000 -3.807887 -3.605551
0.000000 -2.692582 -2.549510
0.000000 -4.031129 -3.905125
0.000000 -4.242641 -4.123106
0.000000 -1.118034 -1.000000
0.000000 -2.236068 -2.121320
0.000000 -3.000000 -2.915476
0.000000 -3.605551 -3.535534
0.000000 -3.605551 -3.535534
0.000000 -2.061553 -2.000000
0.000000 -2.061553 -2.000000
0.000000 -2.549510 -2.500000
