1.000000 4.301163 7.158911
1.000000 -0.707107 0.500000
1.000000 1.581139 2.000000
1.000000 5.700877 6.020797
1.000000 4.301163 4.609772
1.000000 1.118034 1.414214
1.000000 4.472136 4.716991
1.000000 1.581139 1.802776
1.000000 1.581139 1.802776
1.000000 0.500000 0.707107
1.000000 5.830952 6.020797
1.000000 6.184658 6.324555
1.000000 4.472136 4.609772
1.000000 4.472136 4.609772
1.000000 1.000000 1.118034
1.000000 4.609772 4.716991
1.000000 2.000000 2.061553
1.000000 6.020797 6.041523
1.000000 6.500000 6.519202
1.000000 7.000000 7.017834
0.000000 -2.500000 inf
0.000000 -0.500000 4.000000
0.000000 -2.061553 1.000000
0.000000 -2.061553 1.000000
0.000000 -2.000000 0.707107
0.000000 -2.061553 -1.414214
0.000000 -1.118034 -0.500000
0.000000 -1.000000 -0.500000
0.000000 -1.000000 -0.500000
0.000000 -1.414214 -1.000000
0.000000 -1.802776 -1.414214
0.000000 -2.061553 -1.802776
0.000000 -0.707107 -0.500000
0.000000 -0.707107 -0.500000
0.000000 -0.707107 -0.500000
0.000000 -2.000000 -1.802776
0.000000 -1.118034 -1.000000
0.000000 -1.500000 -1.414214
0.000000 -1.500000 -1.414214
0.000000 -1.581139 -1.500000
0.000000 -1.581139 -1.500000
0.000000 -2.061553 -2.000000
0.000000 -2.061553 -2.000000
