1.000000 -0.707107 0.500000
1.000000 2.692582 3.807887
1.000000 2.500000 3.162278
1.000000 2.500000 2.828427
1.000000 2.692582 2.915476
1.000000 2.692582 2.915476
1.000000 0.500000 0.707107
1.000000 0.500000 0.707107
1.000000 3.500000 3.640055
1.000000 3.500000 3.640055
1.000000 3.041381 3.162278
1.000000 3.500000 3.535534
1.000000 4.000000 4.031129
0.000000 -2.500000 inf
0.000000 -1.414214 1.000000
0.000000 -2.500000 -0.500000
0.000000 -0.500000 1.500000
0.000000 -0.500000 1.000000
0.000000 -1.500000 -0.707107
0.000000 -1.000000 -0.500000
0.000000 -1.000000 -0.500000
0.000000 -1.500000 -1.118034
0.000000 -1.000000 -0.707107
0.000000 -1.000000 -0.707107
0.000000 -1.000000 -0.707107
0.000000 -1.581139 -1.414214
0.000000 -1.118034 -1.000000
0.000000 -1.118034 -1.000000
0.000000 -1.581139 -1.500000
