1.000000 3.162278 9.899495
1.000000 -2.000000 1.000000
1.000000 -1.000000 1.000000
1.000000 7.810250 8.944272
1.000000 3.162278 3.605551
1.000000 8.062258 8.485281
1.000000 1.000000 1.414214
1.000000 1.000000 1.414214
1.000000 8.246211 8.544004
1.000000 5.385165 5.656854
1.000000 7.810250 8.062258
1.000000 7.810250 8.062258
1.000000 6.082763 6.324555
1.000000 5.656854 5.830952
1.000000 8.000000 8.062258
1.000000 8.544004 8.602325
0.000000 -3.162278 inf
0.000000 -2.236068 1.000000
0.000000 -1.000000 1.414214
0.000000 -1.000000 1.000000
0.000000 -1.000000 1.000000
0.000000 -1.000000 1.000000
0.000000 -3.000000 -1.000000
0.000000 -2.000000 -1.000000
0.000000 -2.000000 -1.000000
0.000000 -2.000000 -1.000000
0.000000 -2.000000 -1.414214
0.000000 -2.000000 -1.414214
0.000000 -2.000000 -1.414214
0.000000 -2.000000 -1.414214
0.000000 -2.000000 -1.414214
0.000000 -1.414214 -1.000000
0.000000 -3.000000 -2.828427
