1.000000 -1.000000 1.414214
1.000000 -1.000000 1.000000
1.000000 -1.000000 1.000000
1.000000 -1.000000 1.000000
1.000000 -1.000000 1.000000
1.000000 1.000000 2.828427
1.000000 9.848858 10.295630
1.000000 3.162278 3.605551
1.000000 10.000000 10.440307
1.000000 1.000000 1.414214
1.000000 1.000000 1.414214
1.000000 1.000000 1.414214
1.000000 1.000000 1.414214
1.000000 1.000000 1.414214
1.000000 10.295630 10.630146
1.000000 16.124515 16.401219
1.000000 16.278821 16.552945
1.000000 16.763055 17.029386
1.000000 10.198039 10.440307
1.000000 2.000000 2.236068
1.000000 2.000000 2.236068
1.000000 11.180340 11.401754
1.000000 15.811388 16.000000
1.000000 3.000000 3.162278
1.000000 3.000000 3.162278
1.000000 18.110770 18.248288
1.000000 4.000000 4.123106
1.000000 5.000000 5.099020
1.000000 8.000000 8.062258
1.000000 11.000000 11.045361
1.000000 12.041595 12.083046
0.000000 -2.000000 inf
0.000000 -1.414214 9.848858
0.000000 -1.000000 3.605551
0.000000 -1.000000 3.000000
0.000000 -1.000000 3.000000
0.000000 -1.000000 3.000000
0.000000 -1.414214 1.000000
0.000000 -1.000000 1.000000
0.000000 -1.000000 1.000000
0.000000 -1.000000 1.000000
0.000000 -1.000000 1.000000
0.000000 -1.000000 1.000000
0.000000 -1.000000 1.000000
0.000000 -1.000000 1.000000
0.000000 -1.000000 1.000000
0.000000 -1.000000 1.000000
0.000000 -1.000000 1.000000
0.000000 -1.414214 -1.000000
