1.000000 -1.581139 0.707107
1.000000 -1.000000 0.707107
1.000000 -1.118034 0.500000
1.000000 -1.000000 0.500000
1.000000 -0.707107 0.707107
1.000000 0.500000 0.707107
1.000000 0.500000 0.707107
1.000000 0.500000 0.707107
1.000000 0.500000 0.707107
1.000000 2.061553 2.236068
1.000000 2.500000 2.549510
0.000000 -6.264982 inf
0.000000 -3.201562 -1.414214
0.000000 -4.609772 -3.535534
0.000000 -3.000000 -2.500000
0.000000 -4.242641 -3.807887
0.000000 -2.236068 -1.802776
0.000000 -3.640055 -3.535534
0.000000 -2.915476 -2.828427
