1.000000 12.539936 13.865425
1.000000 -0.500000 0.500000
1.000000 0.500000 1.000000
1.000000 0.500000 1.000000
1.000000 2.236068 2.549510
1.000000 1.118034 1.414214
1.000000 1.118034 1.414214
1.000000 1.118034 1.414214
1.000000 0.707107 1.000000
1.000000 13.200379 13.453624
1.000000 11.412712 11.661904
1.000000 12.747549 12.971122
1.000000 12.083046 12.298374
1.000000 13.656500 13.865425
1.000000 0.500000 0.707107
1.000000 0.500000 0.707107
1.000000 0.500000 0.707107
1.000000 0.500000 0.707107
1.000000 11.313708 11.510864
1.000000 12.649111 12.816006
1.000000 12.649111 12.816006
1.000000 11.236103 11.401754
1.000000 12.500000 12.649111
1.000000 4.123106 4.272002
1.000000 13.509256 13.647344
1.000000 12.854960 12.980755
1.000000 13.313527 13.435029
1.000000 1.000000 1.118034
1.000000 2.121320 2.236068
1.000000 13.038405 13.152946
1.000000 13.124405 13.238202
1.000000 14.807093 14.916434
1.000000 10.295630 10.404326
1.000000 10.977249 11.067972
1.000000 11.629703 11.715375
1.000000 12.093387 12.175796
1.000000 1.500000 1.581139
1.000000 13.928388 14.008926
1.000000 13.124405 13.200379
1.000000 4.242641 4.301163
1.000000 2.500000 2.549510
1.000000 10.511898 10.547512
1.000000 12.349089 12.379418
1.000000 4.500000 4.527693
1.000000 14.534442 14.560220
1.000000 15.206906 15.231546
1.000000 16.507574 16.530275
1.000000 13.453624 13.462912
1.000000 13.500000 13.509256
0.000000 -2.061553 inf
0.000000 -1.118034 4.031129
0.000000 -1.000000 2.000000
0.000000 -0.500000 1.581139
0.000000 -1.000000 1.000000
0.000000 -1.000000 1.000000
0.000000 -0.707107 1.118034
0.000000 -0.707107 1.000000
0.000000 -0.500000 1.000000
0.000000 -0.500000 0.500000
0.000000 -0.500000 0.500000
0.000000 -0.500000 0.500000
0.000000 -0.500000 0.500000
0.000000 -0.500000 0.500000
0.000000 -0.500000 0.500000
0.000000 -1.118034 -0.500000
0.000000 -1.118034 -0.500000
0.000000 -1.000000 -0.500000
0.000000 -1.000000 -0.500000
0.000000 -1.118034 -0.707107
0.000000 -1.500000 -1.118034
0.000000 -1.000000 -0.707107
0.000000 -1.000000 -0.707107
0.000000 -1.000000 -0.707107
0.000000 -1.000000 -0.707107
0.000000 -1.000000 -0.707107
0.000000 -0.707107 -0.500000
0.000000 -0.707107 -0.500000
0.000000 -0.707107 -0.500000
0.000000 -0.707107 -0.500000
0.000000 -0.707107 -0.500000
0.000000 -0.707107 -0.500000
0.000000 -0.707107 -0.500000
