1.000000 -1.414214 4.472136
1.000000 -1.000000 1.000000
1.000000 -1.000000 1.000000
1.000000 2.000000 2.236068
1.000000 2.000000 2.236068
1.000000 6.000000 6.082763
1.000000 8.000000 8.062258
0.000000 -8.485281 inf
0.000000 -4.123106 -1.000000
0.000000 -8.062258 -5.385165
0.000000 -1.000000 1.414214
0.000000 -3.162278 -1.414214
0.000000 -2.236068 -1.414214
0.000000 -2.000000 -1.414214
0.000000 -7.280110 -7.071068
0.000000 -5.830952 -5.656854
0.000000 -3.000000 -2.828427
0.000000 -3.162278 -3.000000
0.000000 -8.062258 -8.000000
