1.000000 -1.414214 13.038405
1.000000 -1.414214 1.000000
1.000000 -1.000000 1.000000
1.000000 -1.000000 1.000000
1.000000 -1.000000 1.000000
1.000000 -1.000000 1.000000
1.000000 1.000000 2.236068
1.000000 3.000000 4.000000
1.000000 1.000000 2.000000
1.000000 2.236068 3.000000
1.000000 3.605551 4.242641
1.000000 1.414214 2.000000
1.000000 1.414214 2.000000
1.000000 4.472136 5.000000
1.000000 1.000000 1.414214
1.000000 1.000000 1.414214
1.000000 1.000000 1.414214
1.000000 3.605551 4.000000
1.000000 3.605551 4.000000
1.000000 5.099020 5.385165
1.000000 8.000000 8.246211
1.000000 2.000000 2.236068
1.000000 2.000000 2.236068
1.000000 4.242641 4.472136
1.000000 12.529964 12.727922
1.000000 12.000000 12.165525
1.000000 4.123106 4.242641
1.000000 5.000000 5.099020
1.000000 12.000000 12.083046
1.000000 6.000000 6.082763
0.000000 -9.486833 inf
0.000000 -6.000000 -1.414214
0.000000 -2.236068 1.414214
0.000000 -5.000000 -3.000000
0.000000 -1.000000 1.000000
0.000000 -1.000000 1.000000
0.000000 -1.000000 1.000000
0.000000 -7.000000 -5.099020
0.000000 -2.828427 -1.414214
0.000000 -2.236068 -1.414214
0.000000 -8.000000 -7.211103
0.000000 -2.000000 -1.414214
0.000000 -2.000000 -1.414214
0.000000 -2.000000 -1.414214
0.000000 -5.656854 -5.099020
0.000000 -1.414214 -1.000000
0.000000 -1.414214 -1.000000
0.000000 -1.414214 -1.000000
0.000000 -5.385165 -5.099020
0.000000 -5.656854 -5.385165
0.000000 -2.236068 -2.000000
