1.000000 -1.118034 6.363961
1.000000 -0.500000 1.000000
1.000000 3.500000 4.123106
1.000000 2.236068 2.500000
1.000000 2.236068 2.500000
1.000000 5.590170 5.830952
1.000000 3.807887 4.031129
1.000000 2.692582 2.915476
1.000000 1.802776 2.000000
1.000000 2.500000 2.692582
1.000000 4.527693 4.716991
1.000000 3.354102 3.535534
1.000000 2.061553 2.236068
1.000000 2.061553 2.236068
1.000000 4.301163 4.472136
1.000000 4.123106 4.272002
1.000000 2.549510 2.692582
1.000000 3.905125 4.031129
1.000000 4.000000 4.123106
1.000000 3.041381 3.162278
1.000000 2.121320 2.236068
1.000000 1.500000 1.581139
1.000000 5.590170 5.656854
1.000000 2.500000 2.549510
1.000000 2.500000 2.549510
1.000000 2.500000 2.549510
1.000000 3.000000 3.041381
1.000000 3.500000 3.535534
1.000000 6.000000 6.020797
0.000000 -3.905125 inf
0.000000 -2.000000 1.500000
0.000000 -1.000000 1.000000
0.000000 -3.640055 -1.802776
0.000000 -3.535534 -2.000000
0.000000 -3.162278 -2.121320
0.000000 -2.236068 -1.500000
0.000000 -3.605551 -3.000000
0.000000 -2.000000 -1.414214
0.000000 -2.000000 -1.500000
0.000000 -2.500000 -2.000000
0.000000 -1.000000 -0.707107
0.000000 -1.000000 -0.707107
0.000000 -2.500000 -2.236068
0.000000 -2.500000 -2.236068
0.000000 -2.500000 -2.236068
0.000000 -2.236068 -2.000000
0.000000 -2.915476 -2.692582
0.000000 -1.802776 -1.581139
0.000000 -1.802776 -1.581139
0.000000 -0.707107 -0.500000
0.000000 -2.236068 -2.061553
0.000000 -2.236068 -2.061553
0.000000 -1.581139 -1.414214
0.000000 -3.162278 -3.041381
0.000000 -1.118034 -1.000000
0.000000 -2.236068 -2.121320
0.000000 -2.915476 -2.828427
0.000000 -3.000000 -2.915476
0.000000 -1.581139 -1.500000
0.000000 -2.061553 -2.000000
0.000000 -2.061553 -2.000000
0.000000 -2.061553 -2.000000
0.000000 -2.061553 -2.000000
0.000000 -3.041381 -3.000000
0.000000 -3.041381 -3.000000
