1.000000 -1.000000 11.401754
1.000000 3.162278 5.385165
1.000000 8.000000 9.055385
1.000000 1.000000 2.000000
1.000000 4.472136 5.000000
1.000000 8.062258 8.544004
1.000000 8.062258 8.544004
1.000000 3.162278 3.605551
1.000000 3.162278 3.605551
1.000000 3.162278 3.605551
1.000000 3.162278 3.605551
1.000000 1.000000 1.414214
1.000000 1.000000 1.414214
1.000000 9.486833 9.848858
1.000000 8.602325 8.944272
1.000000 9.899495 10.198039
1.000000 9.219544 9.433981
1.000000 9.055385 9.219544
1.000000 4.000000 4.123106
1.000000 4.000000 4.123106
1.000000 9.899495 10.000000
1.000000 8.485281 8.544004
1.000000 10.000000 10.049876
0.000000 -5.000000 inf
0.000000 -1.414214 3.162278
0.000000 -1.000000 2.828427
0.000000 -4.472136 -2.000000
0.000000 -1.000000 1.000000
0.000000 -4.000000 -3.000000
0.000000 -2.000000 -1.000000
0.000000 -2.828427 -2.000000
0.000000 -2.236068 -1.414214
0.000000 -3.605551 -2.828427
0.000000 -3.605551 -2.828427
0.000000 -2.828427 -2.236068
0.000000 -2.000000 -1.414214
0.000000 -2.000000 -1.414214
0.000000 -3.605551 -3.162278
0.000000 -1.414214 -1.000000
0.000000 -4.000000 -3.605551
0.000000 -2.236068 -2.000000
0.000000 -2.236068 -2.000000
0.000000 -3.000000 -2.828427
0.000000 -3.162278 -3.000000
0.000000 -3.162278 -3.000000
