 1.000000 22.671568 23.259407
 1.000000 22.472205 23.021729
 1.000000 22.803509 23.345235
 1.000000 22.561028 23.086793
 1.000000 23.345235 23.853721
 1.000000 22.472205 22.847319
 1.000000 24.351591 24.698178
 1.000000 23.706539 24.041631
 1.000000 23.021729 23.345235
 1.000000 23.345235 23.600847
 1.000000 22.803509 23.021729
 1.000000 23.021729 23.194827
 1.000000 25.553865 25.709920
 1.000000 26.305893 26.419690
 1.000000 23.345235 23.430749
 1.000000 24.083189 24.166092
 1.000000 28.017851 28.071338
 1.000000 23.323808 23.345235
 0.000000 -37.363083       inf
 0.000000 -2.828427 22.472205
 0.000000 -2.828427  2.236068
 0.000000 -2.828427 -1.000000
