 1.000000  6.324555  7.810250
 1.000000  5.000000  5.656854
 1.000000  5.000000  5.656854
 1.000000  5.000000  5.656854
 1.000000  5.000000  5.656854
 1.000000  3.605551  4.242641
 1.000000  3.605551  4.242641
 1.000000 31.064449 31.622777
 1.000000  4.472136  5.000000
 1.000000  3.605551  4.123106
 1.000000 31.144823 31.622777
 1.000000 31.304952 31.764760
 1.000000 32.202484 32.649655
 1.000000  5.385165  5.830952
 1.000000  5.385165  5.830952
 1.000000 31.384710 31.827661
 1.000000 20.615528 21.023796
 1.000000 20.615528 21.023796
 1.000000  6.324555  6.708204
 1.000000  6.708204  7.071068
 1.000000  6.708204  7.071068
 1.000000 31.953091 32.310989
 1.000000  6.000000  6.324555
 1.000000 31.890437 32.202484
 1.000000 20.880613 21.189620
 1.000000 20.880613 21.189620
 1.000000 34.176015 34.481879
 1.000000  6.403124  6.708204
 1.000000  5.099020  5.385165
 1.000000 24.413111 24.698178
 1.000000 26.925824 27.202941
 1.000000  5.385165  5.656854
 1.000000  5.385165  5.656854
 1.000000  6.082763  6.324555
 1.000000  6.082763  6.324555
 1.000000  4.242641  4.472136
 1.000000  4.242641  4.472136
 1.000000 33.015148 33.241540
 1.000000 33.615473 33.837849
 1.000000 38.832976 39.051248
 1.000000 21.377558 21.587033
 1.000000 21.377558 21.587033
 1.000000 24.207437 24.413111
 1.000000 22.000000 22.203603
 1.000000 26.400758 26.570661
 1.000000 39.458839 39.623226
 1.000000 31.240999 31.400637
 1.000000 31.240999 31.400637
 1.000000 28.284271 28.442925
 1.000000 20.099751 20.248457
 1.000000 20.099751 20.248457
 1.000000 24.698178 24.839485
 1.000000  4.000000  4.123106
 1.000000  4.123106  4.242641
 1.000000 34.409301 34.525353
 1.000000 22.090722 22.203603
 1.000000 40.199502 40.311289
 1.000000 32.695565 32.802439
 1.000000 33.734256 33.837849
 1.000000 34.785054 34.885527
 1.000000  6.000000  6.082763
 1.000000  6.000000  6.082763
 1.000000  6.000000  6.082763
 1.000000 32.572995 32.649655
 1.000000  7.000000  7.071068
 1.000000  7.000000  7.071068
 1.000000 36.055513 36.124784
 1.000000  7.211103  7.280110
 1.000000 31.764760 31.827661
 1.000000  8.000000  8.062258
 1.000000 25.942244 26.000000
 1.000000  9.000000  9.055385
 1.000000 30.016662 30.066593
 1.000000 31.780497 31.827661
 1.000000 23.000000 23.021729
 1.000000 41.036569 41.048752
 0.000000 -36.359318       inf
 0.000000 -2.828427 31.064449
 0.000000 -2.828427 20.591260
 0.000000 -2.828427 19.646883
 0.000000 -2.828427  5.000000
 0.000000 -2.828427  5.000000
 0.000000 -2.828427  4.242641
 0.000000 -2.828427  3.162278
 0.000000 -2.828427  1.414214
 0.000000 -36.235342 -36.138622
 0.000000 -35.805028 -35.735137
