 1.000000 -8.000000  2.828427
 1.000000 -6.000000  2.828427
 1.000000 -4.472136  2.828427
 1.000000 -3.605551  2.828427
 1.000000 -3.605551  2.828427
 1.000000 -3.162278  2.828427
 1.000000 -2.828427  2.828427
 1.000000 -2.236068  2.828427
 1.000000 -1.414214  2.828427
 1.000000 -1.000000  2.828427
 1.000000  1.000000  2.828427
 1.000000  1.414214  2.828427
 1.000000 25.553865 26.570661
 1.000000  2.000000  2.828427
 1.000000  1.414214  2.236068
 1.000000 20.591260 21.189620
 1.000000  2.236068  2.828427
 1.000000 20.615528 21.095023
 1.000000 20.591260 21.023796
 1.000000 16.552945 16.970563
 1.000000 16.552945 16.970563
 1.000000 20.615528 21.023796
 1.000000 20.615528 21.023796
 1.000000 26.000000 26.400758
 1.000000 26.000000 26.400758
 1.000000 20.223748 20.591260
 1.000000 16.278821 16.643317
 1.000000 16.278821 16.643317
 1.000000 20.248457 20.591260
 1.000000 19.924859 20.248457
 1.000000 26.248809 26.570661
 1.000000 20.518285 20.808652
 1.000000 20.518285 20.808652
 1.000000 21.095023 21.377558
 1.000000 25.806976 26.076810
 1.000000 25.806976 26.076810
 1.000000  2.000000  2.236068
 1.000000  2.000000  2.236068
 1.000000  2.000000  2.236068
 1.000000  2.000000  2.236068
 1.000000  2.000000  2.236068
 1.000000 17.464249 17.691806
 1.000000 11.180340 11.401754
 1.000000 18.110770 18.248288
 1.000000 27.459060 27.586228
 1.000000 28.160256 28.284271
 1.000000 12.041595 12.165525
 1.000000 16.278821 16.401219
 1.000000 16.970563 17.088007
 1.000000 20.518285 20.615528
 1.000000 20.518285 20.615528
 1.000000  7.000000  7.071068
 1.000000  7.000000  7.071068
 1.000000 22.022716 22.090722
 1.000000 26.870058 26.925824
 1.000000 29.017236 29.068884
 1.000000 13.000000 13.038405
 1.000000 17.000000 17.029386
 1.000000 19.000000 19.026298
 1.000000 21.000000 21.023796
 1.000000 21.189620 21.213203
 1.000000 22.000000 22.022716
 0.000000 -53.535035       inf
 0.000000 -2.828427 19.924859
 0.000000 -2.828427 16.278821
 0.000000 -2.828427  6.324555
 0.000000 -2.828427  3.000000
 0.000000 -2.828427  1.414214
 0.000000 -2.828427  1.000000
 0.000000 -12.649111 -9.848858
 0.000000 -11.180340 -8.485281
 0.000000 -12.529964 -11.000000
 0.000000 -6.082763 -5.000000
 0.000000 -11.313708 -10.295630
 0.000000 -9.848858 -9.433981
 0.000000 -9.486833 -9.219544
 0.000000 -9.219544 -9.000000
 0.000000 -3.162278 -3.000000
 0.000000 -10.198039 -10.049876
 0.000000 -10.198039 -10.049876
 0.000000 -10.440307 -10.295630
 0.000000 -10.770330 -10.630146
 0.000000 -10.770330 -10.630146
 0.000000 -53.263496 -53.150729
 0.000000 -5.099020 -5.000000
 0.000000 -8.062258 -8.000000
 0.000000 -11.045361 -11.000000
