1.000000 -3.162278 1.000000
1.000000 1.414214 5.000000
1.000000 -2.236068 1.000000
1.000000 -1.000000 2.000000
1.000000 -1.000000 1.000000
1.000000 7.071068 8.062258
1.000000 3.605551 4.242641
1.000000 3.605551 4.242641
1.000000 3.605551 4.123106
1.000000 1.000000 1.414214
1.000000 1.000000 1.414214
1.000000 1.000000 1.414214
1.000000 7.211103 7.615773
1.000000 10.816654 11.180340
1.000000 13.000000 13.341664
1.000000 7.280110 7.615773
1.000000 2.000000 2.236068
1.000000 2.000000 2.236068
1.000000 7.810250 8.000000
1.000000 8.062258 8.246211
1.000000 14.142136 14.317821
1.000000 7.071068 7.211103
1.000000 4.000000 4.123106
1.000000 4.123106 4.242641
1.000000 12.529964 12.649111
1.000000 11.313708 11.401754
1.000000 11.313708 11.401754
1.000000 10.770330 10.816654
1.000000 15.000000 15.033296
0.000000 -8.062258 inf
0.000000 -6.708204 -1.414214
0.000000 -4.000000 1.000000
0.000000 -6.082763 -3.000000
0.000000 -1.000000 1.000000
0.000000 -1.000000 1.000000
0.000000 -6.403124 -4.472136
0.000000 -6.000000 -5.385165
0.000000 -2.828427 -2.236068
0.000000 -2.000000 -1.414214
0.000000 -5.000000 -4.472136
0.000000 -4.123106 -3.605551
0.000000 -5.830952 -5.385165
0.000000 -1.414214 -1.000000
0.000000 -4.000000 -3.605551
0.000000 -3.162278 -2.828427
0.000000 -5.385165 -5.099020
0.000000 -5.385165 -5.099020
0.000000 -4.242641 -4.000000
0.000000 -2.236068 -2.000000
0.000000 -5.830952 -5.656854
0.000000 -5.830952 -5.656854
0.000000 -3.000000 -2.828427
0.000000 -3.162278 -3.000000
0.000000 -5.099020 -5.000000
