1.000000 -2.000000 9.000000
1.000000 -2.828427 1.000000
1.000000 -1.000000 1.000000
1.000000 -1.000000 1.000000
1.000000 5.000000 6.000000
1.000000 5.099020 6.000000
1.000000 6.403124 7.211103
1.000000 6.403124 7.071068
1.000000 2.236068 2.828427
1.000000 2.236068 2.828427
1.000000 2.236068 2.828427
1.000000 5.000000 5.385165
1.000000 6.708204 7.071068
1.000000 6.403124 6.708204
1.000000 6.403124 6.708204
1.000000 5.099020 5.385165
1.000000 5.099020 5.385165
1.000000 5.385165 5.656854
1.000000 7.000000 7.211103
0.000000 -8.000000 inf
0.000000 -5.000000 -2.000000
0.000000 -4.472136 -2.828427
0.000000 -3.605551 -2.236068
0.000000 -3.000000 -2.000000
0.000000 -2.828427 -2.000000
0.000000 -3.605551 -2.828427
0.000000 -3.000000 -2.236068
0.000000 -2.828427 -2.236068
0.000000 -2.828427 -2.236068
0.000000 -2.828427 -2.236068
0.000000 -3.605551 -3.162278
0.000000 -3.605551 -3.162278
0.000000 -3.162278 -2.828427
0.000000 -2.236068 -2.000000
0.000000 -2.236068 -2.000000
0.000000 -2.236068 -2.000000
0.000000 -2.236068 -2.000000
0.000000 -4.472136 -4.242641
0.000000 -3.000000 -2.828427
0.000000 -3.162278 -3.000000
0.000000 -3.162278 -3.000000
