1.000000 -2.000000 2.828427
1.000000 -1.414214 1.000000
1.000000 -1.000000 1.000000
1.000000 2.000000 3.605551
1.000000 2.236068 2.828427
1.000000 1.000000 1.414214
1.000000 1.000000 1.414214
1.000000 2.828427 3.162278
1.000000 2.828427 3.162278
1.000000 2.000000 2.236068
1.000000 8.000000 8.062258
0.000000 -4.472136 inf
0.000000 -4.472136 2.000000
0.000000 -4.000000 -2.000000
0.000000 -1.000000 1.000000
0.000000 -1.000000 1.000000
0.000000 -1.000000 1.000000
0.000000 -1.000000 1.000000
0.000000 -4.000000 -2.828427
0.000000 -3.162278 -2.000000
0.000000 -3.000000 -2.236068
0.000000 -3.000000 -2.828427
0.000000 -3.162278 -3.000000
