1.000000 -1.788854 5.768882
1.000000 -1.600000 2.400000
1.000000 -1.600000 2.262742
1.000000 -1.600000 1.788854
1.000000 -1.600000 1.600000
1.000000 -1.600000 0.800000
1.000000 -0.800000 1.131371
1.000000 -0.800000 1.131371
1.000000 -0.800000 1.131371
1.000000 -1.131371 0.800000
1.000000 -1.131371 0.800000
1.000000 -0.800000 0.800000
1.000000 -0.800000 0.800000
1.000000 -0.800000 0.800000
1.000000 -0.800000 0.800000
1.000000 0.800000 2.400000
1.000000 0.800000 1.788854
1.000000 0.800000 1.600000
1.000000 0.800000 1.600000
1.000000 0.800000 1.600000
1.000000 1.131371 1.788854
1.000000 1.788854 2.262742
1.000000 1.788854 2.262742
1.000000 1.131371 1.600000
1.000000 1.131371 1.600000
1.000000 1.131371 1.600000
1.000000 2.529822 2.884441
1.000000 0.800000 1.131371
1.000000 0.800000 1.131371
1.000000 0.800000 1.131371
1.000000 0.800000 1.131371
1.000000 0.800000 1.131371
1.000000 0.800000 1.131371
1.000000 0.800000 1.131371
1.000000 0.800000 1.131371
1.000000 0.800000 1.131371
1.000000 0.800000 1.131371
1.000000 0.800000 1.131371
1.000000 0.800000 1.131371
1.000000 0.800000 1.131371
1.000000 0.800000 1.131371
1.000000 1.600000 1.788854
1.000000 1.600000 1.788854
1.000000 4.000000 4.079216
1.000000 5.059644 5.122499
0.000000 -7.879086 inf
0.000000 -6.881860 -2.262742
0.000000 -5.366563 -2.262742
0.000000 -5.366563 -2.529822
0.000000 -2.884441 -0.800000
0.000000 -2.400000 -0.800000
0.000000 -3.577709 -2.400000
0.000000 -1.600000 -0.800000
0.000000 -4.800000 -4.000000
0.000000 -4.000000 -3.298485
0.000000 -4.664762 -4.000000
0.000000 -6.835203 -6.248200
0.000000 -6.835203 -6.449806
0.000000 -2.884441 -2.529822
0.000000 -2.884441 -2.529822
0.000000 -1.131371 -0.800000
0.000000 -1.131371 -0.800000
0.000000 -3.577709 -3.298485
0.000000 -3.577709 -3.298485
0.000000 -4.308132 -4.079216
0.000000 -3.577709 -3.394113
0.000000 -6.596969 -6.449806
0.000000 -4.664762 -4.525483
0.000000 -4.664762 -4.525483
0.000000 -2.400000 -2.262742
0.000000 -2.529822 -2.400000
0.000000 -2.529822 -2.400000
0.000000 -3.298485 -3.200000
0.000000 -3.298485 -3.200000
0.000000 -4.079216 -4.000000
0.000000 -4.079216 -4.000000
0.000000 -4.866210 -4.800000
0.000000 -5.122499 -5.059644
0.000000 -6.835203 -6.788225
0.000000 -6.881860 -6.835203
