1.000000 -1.000000 1.000000
1.000000 -1.000000 1.000000
1.000000 -1.000000 1.000000
1.000000 1.000000 2.236068
1.000000 3.162278 3.605551
1.000000 3.162278 3.605551
1.000000 1.000000 1.414214
1.000000 1.000000 1.414214
1.000000 1.000000 1.414214
1.000000 1.000000 1.414214
1.000000 9.486833 9.848858
1.000000 11.045361 11.401754
1.000000 10.198039 10.440307
1.000000 9.848858 10.000000
1.000000 10.049876 10.198039
1.000000 11.045361 11.180340
1.000000 22.090722 22.203603
1.000000 23.021729 23.086793
1.000000 24.000000 24.020824
0.000000 -2.828427 inf
0.000000 -2.000000 9.433981
0.000000 -1.000000 3.000000
0.000000 -1.000000 3.000000
0.000000 -1.414214 1.000000
0.000000 -1.000000 1.414214
0.000000 -1.000000 1.000000
0.000000 -1.000000 1.000000
0.000000 -1.000000 1.000000
0.000000 -1.000000 1.000000
0.000000 -1.000000 1.000000
0.000000 -1.414214 -1.000000
0.000000 -1.414214 -1.000000
0.000000 -1.414214 -1.000000
