1.000000 -2.000000 5.656854
1.000000 -1.000000 2.828427
1.000000 -2.000000 1.000000
1.000000 -1.000000 1.414214
1.000000 -1.000000 1.000000
1.000000 -1.000000 1.000000
1.000000 -1.000000 1.000000
1.000000 -1.000000 1.000000
1.000000 -1.000000 1.000000
1.000000 1.000000 2.000000
1.000000 2.236068 3.000000
1.000000 6.324555 7.071068
1.000000 5.000000 5.656854
1.000000 2.236068 2.828427
1.000000 2.236068 2.828427
1.000000 1.000000 1.414214
1.000000 1.000000 1.414214
1.000000 1.000000 1.414214
1.000000 1.000000 1.414214
1.000000 1.000000 1.414214
1.000000 1.000000 1.414214
1.000000 5.000000 5.385165
1.000000 2.000000 2.236068
1.000000 4.242641 4.472136
1.000000 3.000000 3.162278
1.000000 3.000000 3.162278
1.000000 3.000000 3.162278
1.000000 3.000000 3.162278
1.000000 3.000000 3.162278
1.000000 13.038405 13.152946
1.000000 7.000000 7.071068
0.000000 -5.000000 inf
0.000000 -1.000000 5.000000
0.000000 -2.000000 2.000000
0.000000 -1.000000 2.828427
0.000000 -1.000000 2.000000
0.000000 -4.123106 -2.000000
0.000000 -1.000000 1.000000
0.000000 -1.000000 1.000000
0.000000 -1.000000 1.000000
0.000000 -1.000000 1.000000
0.000000 -1.000000 1.000000
0.000000 -1.000000 1.000000
0.000000 -1.000000 1.000000
0.000000 -1.000000 1.000000
0.000000 -3.605551 -2.236068
0.000000 -3.605551 -2.236068
0.000000 -4.123106 -3.162278
0.000000 -3.605551 -2.828427
0.000000 -3.605551 -2.828427
0.000000 -2.828427 -2.236068
0.000000 -3.605551 -3.162278
0.000000 -4.000000 -3.605551
0.000000 -4.000000 -3.605551
0.000000 -3.162278 -2.828427
0.000000 -3.162278 -2.828427
0.000000 -2.236068 -2.000000
0.000000 -3.000000 -2.828427
0.000000 -3.162278 -3.000000
