1.000000 -1.414214 8.944272
1.000000 -2.236068 1.000000
1.000000 -1.000000 1.414214
1.000000 -1.000000 1.414214
1.000000 -1.000000 1.000000
1.000000 -1.000000 1.000000
1.000000 -1.000000 1.000000
1.000000 -1.000000 1.000000
1.000000 -1.000000 1.000000
1.000000 -1.000000 1.000000
1.000000 -1.000000 1.000000
1.000000 -1.000000 1.000000
1.000000 -1.000000 1.000000
1.000000 -1.000000 1.000000
1.000000 -1.000000 1.000000
1.000000 -1.000000 1.000000
1.000000 -1.000000 1.000000
1.000000 2.236068 3.605551
1.000000 2.000000 3.162278
1.000000 1.000000 2.000000
1.000000 8.000000 8.944272
1.000000 6.403124 7.071068
1.000000 2.236068 2.828427
1.000000 2.236068 2.828427
1.000000 2.236068 2.828427
1.000000 3.162278 3.605551
1.000000 1.000000 1.414214
1.000000 1.000000 1.414214
1.000000 1.000000 1.414214
1.000000 1.000000 1.414214
1.000000 1.000000 1.414214
1.000000 1.000000 1.414214
1.000000 6.708204 7.071068
1.000000 6.708204 7.071068
1.000000 2.000000 2.236068
1.000000 2.000000 2.236068
1.000000 8.062258 8.246211
1.000000 3.000000 3.162278
1.000000 4.000000 4.123106
0.000000 -5.000000 inf
0.000000 -5.000000 -2.000000
0.000000 -1.000000 2.000000
0.000000 -4.472136 -2.236068
0.000000 -4.242641 -2.236068
0.000000 -1.000000 1.000000
0.000000 -1.000000 1.000000
0.000000 -3.162278 -1.414214
0.000000 -3.605551 -2.000000
0.000000 -3.000000 -2.000000
0.000000 -3.162278 -2.236068
0.000000 -3.605551 -3.000000
0.000000 -2.828427 -2.236068
0.000000 -2.828427 -2.236068
0.000000 -2.000000 -1.414214
0.000000 -2.000000 -1.414214
0.000000 -2.000000 -1.414214
0.000000 -2.000000 -1.414214
0.000000 -5.000000 -4.472136
0.000000 -1.414214 -1.000000
0.000000 -1.414214 -1.000000
0.000000 -1.414214 -1.000000
0.000000 -1.414214 -1.000000
0.000000 -4.000000 -3.605551
0.000000 -3.000000 -2.828427
0.000000 -3.162278 -3.000000
0.000000 -3.162278 -3.000000
0.000000 -3.162278 -3.000000
0.000000 -4.123106 -4.000000
0.000000 -4.123106 -4.000000
