1.000000 1.000000 8.000000
1.000000 -2.000000 1.000000
1.000000 -1.414214 1.414214
1.000000 -1.414214 1.000000
1.000000 -1.414214 1.000000
1.000000 -1.000000 1.000000
1.000000 -1.000000 1.000000
1.000000 -1.000000 1.000000
1.000000 4.472136 5.000000
1.000000 1.000000 1.414214
1.000000 1.000000 1.414214
1.000000 1.000000 1.414214
1.000000 5.000000 5.385165
1.000000 5.000000 5.385165
1.000000 6.082763 6.324555
1.000000 2.000000 2.236068
1.000000 3.000000 3.162278
1.000000 7.000000 7.071068
0.000000 -4.472136 inf
0.000000 -1.414214 1.414214
0.000000 -3.162278 -1.000000
0.000000 -1.000000 1.000000
0.000000 -3.162278 -1.414214
0.000000 -3.000000 -1.414214
0.000000 -2.000000 -1.000000
0.000000 -3.162278 -2.236068
0.000000 -2.828427 -2.000000
0.000000 -2.828427 -2.000000
0.000000 -2.236068 -1.414214
0.000000 -2.828427 -2.236068
0.000000 -2.000000 -1.414214
0.000000 -2.000000 -1.414214
0.000000 -1.414214 -1.000000
0.000000 -1.414214 -1.000000
0.000000 -1.414214 -1.000000
0.000000 -3.162278 -2.828427
0.000000 -3.000000 -2.828427
