1.000000 -0.707107 3.640055
1.000000 -1.500000 0.500000
1.000000 -0.707107 0.707107
1.000000 0.500000 1.802776
1.000000 -0.500000 0.707107
1.000000 -0.500000 0.500000
1.000000 -0.500000 0.500000
1.000000 1.500000 2.500000
1.000000 0.500000 1.118034
1.000000 1.118034 1.500000
1.000000 2.828427 3.201562
1.000000 1.118034 1.414214
1.000000 1.118034 1.414214
1.000000 2.915476 3.201562
1.000000 1.581139 1.802776
1.000000 0.500000 0.707107
1.000000 0.500000 0.707107
1.000000 2.121320 2.236068
1.000000 1.500000 1.581139
1.000000 2.000000 2.061553
1.000000 3.162278 3.201562
1.000000 3.500000 3.535534
0.000000 -8.062258 inf
0.000000 -5.000000 -1.581139
0.000000 -0.500000 1.414214
0.000000 -0.500000 1.000000
0.000000 -0.707107 0.500000
0.000000 -0.707107 0.500000
0.000000 -3.041381 -2.121320
0.000000 -3.905125 -3.000000
0.000000 -1.500000 -0.707107
0.000000 -2.121320 -1.500000
0.000000 -2.549510 -2.236068
0.000000 -1.000000 -0.707107
0.000000 -3.354102 -3.201562
0.000000 -3.354102 -3.201562
0.000000 -2.915476 -2.828427
0.000000 -6.184658 -6.103278
0.000000 -1.581139 -1.500000
0.000000 -6.082763 -6.020797
0.000000 -2.121320 -2.061553
0.000000 -3.041381 -3.000000
0.000000 -6.020797 -6.000000
0.000000 -6.519202 -6.500000
