1.000000 -0.500000 9.000000
1.000000 -0.500000 1.000000
1.000000 -1.000000 0.500000
1.000000 -1.000000 0.500000
1.000000 -0.500000 0.707107
1.000000 1.802776 2.915476
1.000000 1.414214 2.500000
1.000000 -0.500000 0.500000
1.000000 -0.500000 0.500000
1.000000 -0.500000 0.500000
1.000000 0.707107 1.414214
1.000000 7.071068 7.632169
1.000000 0.707107 1.118034
1.000000 1.118034 1.500000
1.000000 7.106335 7.433034
1.000000 7.106335 7.433034
1.000000 1.118034 1.414214
1.000000 1.118034 1.414214
1.000000 0.707107 1.000000
1.000000 0.707107 1.000000
1.000000 0.707107 1.000000
1.000000 2.236068 2.500000
1.000000 2.236068 2.500000
1.000000 1.802776 2.061553
1.000000 7.211103 7.433034
1.000000 7.211103 7.433034
1.000000 0.500000 0.707107
1.000000 0.500000 0.707107
1.000000 0.500000 0.707107
1.000000 1.802776 2.000000
1.000000 7.433034 7.615773
1.000000 3.354102 3.535534
1.000000 7.280110 7.433034
1.000000 4.123106 4.272002
1.000000 2.549510 2.692582
1.000000 5.099020 5.220153
1.000000 1.000000 1.118034
1.000000 1.000000 1.118034
1.000000 1.000000 1.118034
1.000000 1.000000 1.118034
1.000000 1.000000 1.118034
1.000000 1.000000 1.118034
1.000000 1.000000 1.118034
1.000000 1.000000 1.118034
1.000000 7.382412 7.500000
1.000000 3.535534 3.640055
1.000000 7.516648 7.615773
1.000000 8.062258 8.139410
1.000000 12.093387 12.165525
1.000000 5.522681 5.590170
1.000000 2.000000 2.061553
1.000000 2.000000 2.061553
1.000000 2.000000 2.061553
1.000000 2.000000 2.061553
1.000000 2.061553 2.121320
1.000000 7.382412 7.433034
1.000000 7.762087 7.810250
1.000000 4.500000 4.527693
1.000000 6.000000 6.020797
1.000000 13.000000 13.009612
0.000000 -3.905125 inf
0.000000 -1.000000 4.000000
0.000000 -0.500000 1.802776
0.000000 -2.500000 -0.707107
0.000000 -1.000000 0.707107
0.000000 -2.236068 -0.707107
0.000000 -2.549510 -1.118034
0.000000 -2.000000 -0.707107
0.000000 -0.500000 0.707107
0.000000 -1.802776 -0.707107
0.000000 -0.500000 0.500000
0.000000 -2.000000 -1.000000
0.000000 -2.500000 -1.581139
0.000000 -1.802776 -1.000000
0.000000 -1.118034 -0.500000
0.000000 -2.000000 -1.414214
0.000000 -2.000000 -1.414214
0.000000 -1.581139 -1.000000
0.000000 -1.000000 -0.500000
0.000000 -1.500000 -1.000000
0.000000 -1.000000 -0.500000
0.000000 -1.000000 -0.500000
0.000000 -1.414214 -1.000000
0.000000 -1.414214 -1.000000
0.000000 -1.000000 -0.707107
0.000000 -1.000000 -0.707107
0.000000 -1.802776 -1.581139
0.000000 -0.707107 -0.500000
0.000000 -0.707107 -0.500000
0.000000 -2.236068 -2.061553
0.000000 -1.118034 -1.000000
0.000000 -1.118034 -1.000000
0.000000 -1.118034 -1.000000
0.000000 -1.118034 -1.000000
0.000000 -1.500000 -1.414214
0.000000 -1.581139 -1.500000
