1.000000 -0.707107 8.732125
1.000000 -2.000000 0.500000
1.000000 2.500000 4.031129
1.000000 4.924429 6.324555
1.000000 -0.707107 0.500000
1.000000 -0.500000 0.707107
1.000000 5.500000 6.519202
1.000000 0.500000 1.118034
1.000000 2.828427 3.354102
1.000000 1.581139 2.061553
1.000000 1.000000 1.414214
1.000000 0.707107 1.118034
1.000000 0.707107 1.118034
1.000000 5.000000 5.315073
1.000000 3.201562 3.500000
1.000000 1.118034 1.414214
1.000000 1.118034 1.414214
1.000000 1.118034 1.414214
1.000000 1.118034 1.414214
1.000000 0.707107 1.000000
1.000000 5.147815 5.408327
1.000000 3.354102 3.605551
1.000000 2.915476 3.162278
1.000000 1.581139 1.802776
1.000000 1.581139 1.802776
1.000000 1.581139 1.802776
1.000000 0.500000 0.707107
1.000000 0.500000 0.707107
1.000000 0.500000 0.707107
1.000000 0.500000 0.707107
1.000000 0.500000 0.707107
1.000000 5.385165 5.590170
1.000000 3.605551 3.807887
1.000000 3.605551 3.807887
1.000000 1.802776 2.000000
1.000000 6.082763 6.264982
1.000000 8.321658 8.500000
1.000000 6.020797 6.184658
1.000000 3.201562 3.354102
1.000000 5.700877 5.852350
1.000000 5.000000 5.147815
1.000000 7.516648 7.648529
1.000000 5.099020 5.220153
1.000000 1.000000 1.118034
1.000000 1.000000 1.118034
1.000000 1.000000 1.118034
1.000000 1.000000 1.118034
1.000000 1.000000 1.118034
1.000000 5.590170 5.700877
1.000000 6.082763 6.184658
1.000000 6.403124 6.500000
1.000000 5.220153 5.315073
1.000000 2.828427 2.915476
1.000000 1.500000 1.581139
1.000000 1.500000 1.581139
1.000000 1.500000 1.581139
1.000000 8.200610 8.276473
1.000000 3.535534 3.605551
1.000000 3.535534 3.605551
1.000000 5.522681 5.590170
1.000000 2.000000 2.061553
1.000000 6.670832 6.726812
1.000000 7.017834 7.071068
1.000000 7.017834 7.071068
1.000000 3.162278 3.201562
1.000000 3.500000 3.535534
1.000000 5.500000 5.522681
1.000000 5.500000 5.522681
0.000000 -4.301163 inf
0.000000 -4.031129 -1.000000
0.000000 -3.640055 -1.414214
0.000000 -3.354102 -1.414214
0.000000 -3.000000 -1.118034
0.000000 -0.707107 1.118034
0.000000 -2.828427 -1.118034
0.000000 -0.500000 1.000000
0.000000 -0.500000 1.000000
0.000000 -2.828427 -1.500000
0.000000 -0.500000 0.707107
0.000000 -2.549510 -1.581139
0.000000 -2.828427 -2.000000
0.000000 -2.692582 -2.000000
0.000000 -2.121320 -1.500000
0.000000 -3.162278 -2.549510
0.000000 -2.061553 -1.500000
0.000000 -1.000000 -0.500000
0.000000 -4.031129 -3.535534
0.000000 -2.061553 -1.581139
0.000000 -2.000000 -1.581139
0.000000 -2.000000 -1.581139
0.000000 -2.121320 -1.802776
0.000000 -1.802776 -1.500000
0.000000 -1.802776 -1.500000
0.000000 -1.000000 -0.707107
0.000000 -1.000000 -0.707107
0.000000 -1.000000 -0.707107
0.000000 -1.000000 -0.707107
0.000000 -1.000000 -0.707107
0.000000 -2.500000 -2.236068
0.000000 -2.061553 -1.802776
0.000000 -2.061553 -1.802776
0.000000 -2.061553 -1.802776
0.000000 -2.236068 -2.000000
0.000000 -2.915476 -2.692582
0.000000 -1.802776 -1.581139
0.000000 -2.000000 -1.802776
0.000000 -2.000000 -1.802776
0.000000 -2.692582 -2.500000
0.000000 -2.692582 -2.500000
0.000000 -2.692582 -2.500000
0.000000 -2.236068 -2.061553
0.000000 -1.581139 -1.414214
0.000000 -2.692582 -2.549510
0.000000 -2.828427 -2.692582
0.000000 -2.121320 -2.000000
0.000000 -2.121320 -2.000000
0.000000 -1.581139 -1.500000
0.000000 -1.581139 -1.500000
0.000000 -1.581139 -1.500000
0.000000 -1.581139 -1.500000
0.000000 -2.061553 -2.000000
0.000000 -2.061553 -2.000000
0.000000 -2.061553 -2.000000
0.000000 -2.061553 -2.000000
0.000000 -2.549510 -2.500000
