1.000000 -2.400000 0.800000
1.000000 -1.788854 0.800000
1.000000 -1.131371 0.800000
1.000000 -0.800000 0.800000
1.000000 1.788854 2.262742
1.000000 1.600000 1.788854
1.000000 1.600000 1.788854
1.000000 2.400000 2.529822
0.000000 -5.768882 inf
0.000000 -5.768882 -2.400000
0.000000 -0.800000 1.600000
0.000000 -3.298485 -2.529822
0.000000 -2.884441 -2.400000
0.000000 -1.131371 -0.800000
0.000000 -3.577709 -3.394113
0.000000 -2.529822 -2.400000
0.000000 -2.529822 -2.400000
0.000000 -3.298485 -3.200000
0.000000 -5.656854 -5.600000
