1.000000 -1.000000 1.500000
1.000000 -0.500000 1.414214
1.000000 -0.500000 1.000000
1.000000 -0.707107 0.500000
1.000000 -0.500000 0.707107
1.000000 -0.500000 0.500000
1.000000 -0.500000 0.500000
1.000000 1.802776 2.549510
1.000000 4.242641 4.949747
1.000000 0.500000 1.118034
1.000000 0.500000 1.000000
1.000000 2.000000 2.500000
1.000000 0.500000 1.000000
1.000000 6.946222 7.433034
1.000000 0.707107 1.118034
1.000000 0.707107 1.118034
1.000000 11.704700 12.093387
1.000000 4.609772 4.949747
1.000000 2.500000 2.828427
1.000000 2.500000 2.828427
1.000000 1.802776 2.121320
1.000000 4.609772 4.924429
1.000000 7.500000 7.810250
1.000000 1.500000 1.802776
1.000000 1.118034 1.414214
1.000000 0.707107 1.000000
1.000000 2.915476 3.201562
1.000000 2.236068 2.500000
1.000000 2.236068 2.500000
1.000000 2.236068 2.500000
1.000000 5.147815 5.408327
1.000000 2.915476 3.162278
1.000000 25.942244 26.177280
1.000000 2.692582 2.915476
1.000000 1.581139 1.802776
1.000000 1.581139 1.802776
1.000000 1.581139 1.802776
1.000000 1.581139 1.802776
1.000000 4.716991 4.924429
1.000000 4.716991 4.924429
1.000000 0.500000 0.707107
1.000000 0.500000 0.707107
1.000000 0.500000 0.707107
1.000000 0.500000 0.707107
1.000000 0.500000 0.707107
1.000000 0.500000 0.707107
1.000000 0.500000 0.707107
1.000000 0.500000 0.707107
1.000000 12.093387 12.298374
1.000000 9.300538 9.500000
1.000000 2.500000 2.692582
1.000000 25.519600 25.709920
1.000000 3.354102 3.535534
1.000000 4.743416 4.924429
1.000000 12.349089 12.529964
1.000000 11.704700 11.884864
1.000000 7.632169 7.810250
1.000000 2.061553 2.236068
1.000000 7.905694 8.077747
1.000000 7.211103 7.382412
1.000000 4.301163 4.472136
1.000000 4.301163 4.472136
1.000000 3.640055 3.807887
1.000000 11.926860 12.093387
1.000000 5.220153 5.385165
1.000000 9.962429 10.124228
1.000000 26.767518 26.925824
1.000000 25.656383 25.811819
1.000000 3.201562 3.354102
1.000000 26.162951 26.315395
1.000000 5.700877 5.852350
1.000000 5.700877 5.852350
1.000000 27.041635 27.189152
1.000000 9.708244 9.848858
1.000000 11.884864 12.020815
1.000000 11.884864 12.020815
1.000000 2.692582 2.828427
1.000000 7.632169 7.762087
1.000000 6.670832 6.800735
1.000000 11.800424 11.926860
1.000000 11.800424 11.926860
1.000000 3.041381 3.162278
1.000000 28.257742 28.376927
1.000000 9.433981 9.552487
1.000000 1.000000 1.118034
1.000000 1.000000 1.118034
1.000000 1.000000 1.118034
1.000000 1.000000 1.118034
1.000000 1.000000 1.118034
1.000000 1.000000 1.118034
1.000000 25.869867 25.985573
1.000000 5.590170 5.700877
1.000000 4.609772 4.716991
1.000000 8.139410 8.246211
1.000000 8.139410 8.246211
1.000000 7.106335 7.211103
1.000000 7.106335 7.211103
1.000000 12.103718 12.206556
1.000000 12.649111 12.747549
1.000000 6.403124 6.500000
1.000000 7.810250 7.905694
1.000000 7.905694 8.000000
1.000000 11.715375 11.800424
1.000000 11.715375 11.800424
1.000000 1.500000 1.581139
1.000000 1.500000 1.581139
1.000000 1.500000 1.581139
1.000000 11.101802 11.180340
1.000000 6.500000 6.576473
1.000000 27.950850 28.022313
1.000000 29.769951 29.841247
1.000000 5.315073 5.385165
1.000000 5.522681 5.590170
1.000000 6.020797 6.082763
1.000000 2.000000 2.061553
1.000000 2.000000 2.061553
1.000000 8.139410 8.200610
1.000000 2.061553 2.121320
1.000000 4.242641 4.301163
1.000000 7.516648 7.566373
1.000000 2.500000 2.549510
1.000000 2.500000 2.549510
1.000000 5.099020 5.147815
1.000000 7.778175 7.826238
1.000000 8.514693 8.558621
1.000000 11.672618 11.715375
1.000000 11.672618 11.715375
1.000000 6.000000 6.041523
1.000000 3.162278 3.201562
1.000000 3.500000 3.535534
1.000000 3.500000 3.535534
1.000000 3.605551 3.640055
1.000000 11.067972 11.101802
1.000000 11.510864 11.543396
1.000000 4.000000 4.031129
1.000000 4.000000 4.031129
1.000000 4.000000 4.031129
1.000000 12.509996 12.539936
1.000000 26.627054 26.655206
1.000000 31.535694 31.563428
1.000000 4.500000 4.527693
1.000000 10.770330 10.793517
1.000000 6.000000 6.020797
1.000000 12.980755 13.000000
1.000000 7.500000 7.516648
1.000000 8.500000 8.514693
1.000000 9.000000 9.013878
1.000000 9.604686 9.617692
1.000000 12.500000 12.509996
1.000000 14.500000 14.508618
0.000000 -4.609772 inf
0.000000 -0.500000 11.672618
0.000000 -4.301163 2.500000
0.000000 -1.118034 5.590170
0.000000 -1.118034 5.147815
0.000000 -1.414214 3.000000
0.000000 -0.500000 3.640055
0.000000 -2.121320 0.500000
0.000000 -0.500000 2.121320
0.000000 -1.000000 1.414214
0.000000 -4.123106 -2.121320
0.000000 -0.500000 1.500000
0.000000 -0.707107 1.000000
0.000000 -0.500000 1.118034
0.000000 -0.500000 1.000000
0.000000 -1.000000 0.500000
0.000000 -1.000000 0.500000
0.000000 -0.500000 1.000000
0.000000 -0.500000 1.000000
0.000000 -2.061553 -0.707107
0.000000 -0.500000 0.500000
0.000000 -3.905125 -3.201562
0.000000 -1.802776 -1.118034
0.000000 -2.915476 -2.236068
0.000000 -1.118034 -0.500000
0.000000 -3.500000 -2.915476
0.000000 -1.581139 -1.000000
0.000000 -1.581139 -1.000000
0.000000 -1.000000 -0.500000
0.000000 -1.000000 -0.500000
0.000000 -1.500000 -1.118034
0.000000 -1.500000 -1.118034
0.000000 -1.414214 -1.118034
0.000000 -1.000000 -0.707107
0.000000 -1.000000 -0.707107
0.000000 -1.000000 -0.707107
0.000000 -1.000000 -0.707107
0.000000 -1.000000 -0.707107
0.000000 -3.162278 -2.915476
0.000000 -0.707107 -0.500000
0.000000 -0.707107 -0.500000
0.000000 -0.707107 -0.500000
0.000000 -0.707107 -0.500000
0.000000 -1.581139 -1.414214
0.000000 -3.354102 -3.201562
0.000000 -3.162278 -3.041381
0.000000 -3.162278 -3.041381
0.000000 -1.118034 -1.000000
0.000000 -1.118034 -1.000000
0.000000 -3.640055 -3.535534
0.000000 -4.123106 -4.031129
0.000000 -1.581139 -1.500000
0.000000 -1.581139 -1.500000
0.000000 -2.061553 -2.000000
0.000000 -3.041381 -3.000000
0.000000 -3.535534 -3.500000
