1.000000 -0.800000 9.633276
1.000000 -0.800000 1.788854
1.000000 -1.788854 0.800000
1.000000 -1.788854 0.800000
1.000000 2.400000 4.866210
1.000000 1.788854 4.000000
1.000000 -0.800000 1.131371
1.000000 -0.800000 0.800000
1.000000 -0.800000 0.800000
1.000000 -0.800000 0.800000
1.000000 -0.800000 0.800000
1.000000 -0.800000 0.800000
1.000000 -0.800000 0.800000
1.000000 0.800000 2.400000
1.000000 2.884441 4.000000
1.000000 0.800000 1.600000
1.000000 0.800000 1.600000
1.000000 4.000000 4.800000
1.000000 1.131371 1.788854
1.000000 2.262742 2.884441
1.000000 5.122499 5.656854
1.000000 2.884441 3.394113
1.000000 1.131371 1.600000
1.000000 3.577709 4.000000
1.000000 2.884441 3.298485
1.000000 5.366563 5.768882
1.000000 2.529822 2.884441
1.000000 2.529822 2.884441
1.000000 2.529822 2.884441
1.000000 2.529822 2.884441
1.000000 7.200000 7.547185
1.000000 0.800000 1.131371
1.000000 0.800000 1.131371
1.000000 0.800000 1.131371
1.000000 4.000000 4.308132
1.000000 4.000000 4.308132
1.000000 3.298485 3.577709
1.000000 3.298485 3.577709
1.000000 3.298485 3.577709
1.000000 5.824088 6.092618
1.000000 4.308132 4.525483
1.000000 8.944272 9.121403
1.000000 2.400000 2.529822
1.000000 2.400000 2.529822
1.000000 3.200000 3.298485
1.000000 3.200000 3.298485
1.000000 3.200000 3.298485
1.000000 3.298485 3.394113
1.000000 3.298485 3.394113
1.000000 4.000000 4.079216
0.000000 -8.944272 inf
0.000000 -6.788225 -1.600000
0.000000 -6.835203 -3.200000
0.000000 -0.800000 2.262742
0.000000 -5.122499 -2.262742
0.000000 -4.664762 -2.262742
0.000000 -0.800000 1.131371
0.000000 -4.000000 -2.400000
0.000000 -0.800000 0.800000
0.000000 -0.800000 0.800000
0.000000 -0.800000 0.800000
0.000000 -0.800000 0.800000
0.000000 -4.000000 -2.884441
0.000000 -4.000000 -2.884441
0.000000 -3.394113 -2.400000
0.000000 -2.529822 -1.600000
0.000000 -7.155418 -6.400000
0.000000 -2.262742 -1.788854
0.000000 -2.262742 -1.788854
0.000000 -2.262742 -1.788854
0.000000 -1.600000 -1.131371
0.000000 -4.000000 -3.577709
0.000000 -4.664762 -4.308132
0.000000 -2.884441 -2.529822
0.000000 -1.131371 -0.800000
0.000000 -1.131371 -0.800000
0.000000 -3.577709 -3.298485
0.000000 -3.577709 -3.298485
0.000000 -2.529822 -2.262742
0.000000 -2.529822 -2.262742
0.000000 -4.664762 -4.525483
0.000000 -2.529822 -2.400000
0.000000 -3.298485 -3.200000
0.000000 -3.298485 -3.200000
0.000000 -4.866210 -4.800000
