1.000000 -1.600000 3.577709
1.000000 -1.600000 3.200000
1.000000 -1.131371 1.788854
1.000000 -0.800000 1.788854
1.000000 -1.600000 0.800000
1.000000 -0.800000 0.800000
1.000000 -0.800000 0.800000
1.000000 1.131371 2.262742
1.000000 0.800000 1.600000
1.000000 1.788854 2.262742
1.000000 0.800000 1.131371
1.000000 2.884441 3.200000
1.000000 2.262742 2.529822
1.000000 1.600000 1.788854
1.000000 5.600000 5.768882
1.000000 6.449806 6.596969
1.000000 3.298485 3.394113
1.000000 5.600000 5.656854
0.000000 -6.092618 inf
0.000000 -4.000000 -1.788854
0.000000 -0.800000 0.800000
0.000000 -2.884441 -1.600000
0.000000 -5.122499 -4.079216
0.000000 -2.529822 -1.600000
0.000000 -4.866210 -4.000000
0.000000 -1.600000 -0.800000
0.000000 -4.000000 -3.298485
0.000000 -2.262742 -1.600000
0.000000 -2.262742 -1.788854
0.000000 -1.600000 -1.131371
0.000000 -1.600000 -1.131371
0.000000 -1.600000 -1.131371
0.000000 -4.664762 -4.308132
0.000000 -1.788854 -1.600000
0.000000 -1.788854 -1.600000
0.000000 -2.529822 -2.400000
0.000000 -2.529822 -2.400000
0.000000 -4.079216 -4.000000
0.000000 -4.866210 -4.800000
0.000000 -4.866210 -4.800000
