1.000000 0.666667 3.399346
1.000000 1.333333 3.333333
1.000000 -0.666667 1.333333
1.000000 -0.666667 1.333333
1.000000 -0.666667 0.666667
1.000000 -0.666667 0.666667
1.000000 -0.666667 0.666667
1.000000 -0.666667 0.666667
1.000000 -0.666667 0.666667
1.000000 -0.666667 0.666667
1.000000 1.490712 2.403701
1.000000 2.666667 3.333333
1.000000 0.666667 1.333333
1.000000 1.490712 2.108185
1.000000 1.490712 1.885618
1.000000 7.453560 7.803133
1.000000 0.666667 0.942809
1.000000 0.666667 0.942809
1.000000 0.666667 0.942809
1.000000 0.666667 0.942809
1.000000 1.333333 1.490712
1.000000 2.828427 2.981424
1.000000 2.666667 2.748737
1.000000 8.000000 8.027730
1.000000 10.666667 10.687480
0.000000 -4.666667 inf
0.000000 -0.666667 7.453560
0.000000 -0.666667 2.666667
0.000000 -1.333333 1.885618
0.000000 -4.000000 -1.333333
0.000000 -0.666667 1.333333
0.000000 -0.666667 0.942809
0.000000 -0.666667 0.666667
0.000000 -1.885618 -0.942809
0.000000 -2.828427 -2.000000
0.000000 -1.490712 -0.666667
0.000000 -1.490712 -0.666667
0.000000 -1.333333 -0.666667
0.000000 -1.885618 -1.333333
0.000000 -1.885618 -1.333333
0.000000 -1.885618 -1.333333
0.000000 -1.333333 -0.942809
0.000000 -1.333333 -0.942809
0.000000 -1.333333 -0.942809
0.000000 -2.403701 -2.108185
0.000000 -0.942809 -0.666667
0.000000 -0.942809 -0.666667
0.000000 -0.942809 -0.666667
0.000000 -0.942809 -0.666667
0.000000 -2.108185 -1.885618
0.000000 -1.490712 -1.333333
0.000000 -2.108185 -2.000000
