1.000000 -1.000000 4.000000
1.000000 1.000000 3.605551
1.000000 -1.000000 1.000000
1.000000 -1.000000 1.000000
1.000000 -1.000000 1.000000
1.000000 -1.000000 1.000000
1.000000 1.000000 1.414214
1.000000 2.000000 2.236068
0.000000 -8.000000 inf
0.000000 -3.000000 -1.000000
0.000000 -1.000000 1.000000
0.000000 -1.000000 1.000000
0.000000 -4.000000 -3.000000
0.000000 -2.236068 -1.414214
0.000000 -2.000000 -1.414214
0.000000 -7.615773 -7.280110
0.000000 -7.615773 -7.280110
0.000000 -2.236068 -2.000000
0.000000 -2.236068 -2.000000
0.000000 -2.236068 -2.000000
