1.000000 1.000000 3.605551
1.000000 -1.000000 1.000000
1.000000 6.082763 8.062258
1.000000 7.071068 7.810250
1.000000 7.211103 7.810250
1.000000 2.236068 2.828427
1.000000 1.414214 2.000000
1.000000 9.000000 9.486833
1.000000 1.000000 1.414214
1.000000 7.211103 7.615773
1.000000 2.000000 2.236068
1.000000 9.000000 9.219544
1.000000 7.615773 7.810250
1.000000 5.000000 5.099020
1.000000 6.000000 6.082763
0.000000 -6.708204 inf
0.000000 -1.000000 5.000000
0.000000 -4.000000 -1.000000
0.000000 -1.000000 1.000000
0.000000 -1.000000 1.000000
0.000000 -1.000000 1.000000
0.000000 -2.000000 -1.414214
