1.000000 9.486833 12.083046
1.000000 5.830952 7.280110
1.000000 10.049876 10.770330
1.000000 1.414214 2.000000
1.000000 7.615773 8.062258
1.000000 1.000000 1.414214
1.000000 1.000000 1.414214
1.000000 9.486833 9.848858
1.000000 6.708204 7.000000
1.000000 10.049876 10.295630
1.000000 6.082763 6.324555
1.000000 6.082763 6.324555
1.000000 6.082763 6.324555
1.000000 2.000000 2.236068
1.000000 2.000000 2.236068
1.000000 2.000000 2.236068
1.000000 11.180340 11.401754
1.000000 8.062258 8.246211
1.000000 5.656854 5.830952
1.000000 3.000000 3.162278
1.000000 10.049876 10.198039
1.000000 10.049876 10.198039
1.000000 6.324555 6.403124
0.000000 -4.000000 inf
0.000000 -1.414214 9.219544
0.000000 -2.000000 5.099020
0.000000 -2.828427 3.000000
0.000000 -2.000000 2.236068
0.000000 -1.414214 1.414214
0.000000 -1.000000 1.414214
0.000000 -1.000000 1.000000
0.000000 -1.000000 1.000000
0.000000 -1.000000 1.000000
0.000000 -1.000000 1.000000
0.000000 -3.162278 -1.414214
0.000000 -2.828427 -2.236068
0.000000 -1.414214 -1.000000
