1.000000 -1.000000 3.000000
1.000000 -1.500000 1.500000
1.000000 -1.500000 0.707107
1.000000 1.000000 3.000000
1.000000 -0.500000 1.118034
1.000000 -1.000000 0.500000
1.000000 -1.000000 0.500000
1.000000 1.500000 2.828427
1.000000 -0.707107 0.500000
1.000000 -0.707107 0.500000
1.000000 -0.500000 0.500000
1.000000 1.500000 2.061553
1.000000 0.500000 1.000000
1.000000 0.500000 1.000000
1.000000 1.500000 2.000000
1.000000 2.500000 2.828427
1.000000 2.500000 2.828427
1.000000 2.500000 2.828427
1.000000 2.236068 2.549510
1.000000 0.707107 1.000000
1.000000 0.707107 1.000000
1.000000 1.802776 2.061553
1.000000 1.581139 1.802776
1.000000 1.581139 1.802776
1.000000 1.581139 1.802776
1.000000 0.500000 0.707107
1.000000 0.500000 0.707107
1.000000 0.500000 0.707107
1.000000 2.500000 2.692582
1.000000 2.500000 2.692582
1.000000 2.500000 2.692582
1.000000 2.061553 2.236068
1.000000 2.061553 2.236068
1.000000 2.692582 2.828427
1.000000 2.692582 2.828427
1.000000 1.000000 1.118034
1.000000 1.000000 1.118034
1.000000 1.000000 1.118034
1.000000 1.500000 1.581139
1.000000 1.500000 1.581139
1.000000 2.061553 2.121320
1.000000 2.500000 2.549510
1.000000 2.500000 2.549510
1.000000 2.500000 2.549510
0.000000 -4.949747 inf
0.000000 -4.500000 -1.118034
0.000000 -1.414214 0.500000
0.000000 -3.201562 -1.414214
0.000000 -2.828427 -1.581139
0.000000 -1.802776 -0.707107
0.000000 -0.500000 0.500000
0.000000 -0.500000 0.500000
0.000000 -2.915476 -2.000000
0.000000 -2.692582 -2.000000
0.000000 -2.549510 -2.000000
0.000000 -3.041381 -2.549510
0.000000 -1.581139 -1.118034
0.000000 -2.000000 -1.581139
0.000000 -1.802776 -1.414214
0.000000 -1.000000 -0.707107
0.000000 -1.000000 -0.707107
0.000000 -1.000000 -0.707107
0.000000 -3.162278 -2.915476
0.000000 -1.802776 -1.581139
0.000000 -1.802776 -1.581139
0.000000 -0.707107 -0.500000
0.000000 -0.707107 -0.500000
0.000000 -0.707107 -0.500000
0.000000 -0.707107 -0.500000
0.000000 -0.707107 -0.500000
0.000000 -0.707107 -0.500000
0.000000 -2.000000 -1.802776
0.000000 -2.000000 -1.802776
0.000000 -2.692582 -2.500000
0.000000 -4.301163 -4.123106
0.000000 -2.236068 -2.061553
0.000000 -2.236068 -2.061553
0.000000 -3.807887 -3.640055
0.000000 -1.581139 -1.414214
0.000000 -4.272002 -4.123106
0.000000 -2.236068 -2.121320
0.000000 -2.236068 -2.121320
0.000000 -1.500000 -1.414214
0.000000 -1.581139 -1.500000
0.000000 -2.061553 -2.000000
0.000000 -4.301163 -4.242641
0.000000 -2.549510 -2.500000
