1.000000 -0.707107 6.264982
1.000000 -1.414214 0.500000
1.000000 -1.118034 0.500000
1.000000 1.000000 2.500000
1.000000 -0.707107 0.500000
1.000000 1.118034 2.121320
1.000000 1.118034 1.414214
1.000000 1.118034 1.414214
1.000000 0.500000 0.707107
1.000000 1.802776 2.000000
1.000000 1.802776 2.000000
1.000000 4.123106 4.272002
1.000000 4.527693 4.609772
1.000000 2.000000 2.061553
1.000000 5.000000 5.024938
0.000000 -2.692582 inf
0.000000 -1.000000 0.500000
0.000000 -2.236068 -1.000000
0.000000 -0.500000 0.500000
0.000000 -1.802776 -1.118034
0.000000 -2.236068 -1.581139
0.000000 -1.500000 -1.000000
0.000000 -2.500000 -2.000000
0.000000 -2.500000 -2.000000
0.000000 -2.000000 -1.581139
0.000000 -2.000000 -1.581139
0.000000 -1.414214 -1.000000
0.000000 -1.802776 -1.414214
0.000000 -1.500000 -1.118034
0.000000 -1.802776 -1.500000
0.000000 -1.414214 -1.118034
0.000000 -1.000000 -0.707107
0.000000 -2.061553 -1.802776
0.000000 -2.236068 -2.121320
0.000000 -1.500000 -1.414214
0.000000 -2.061553 -2.000000
