1.000000 4.000000 11.661904
1.000000 -1.414214 1.000000
1.000000 -1.414214 1.000000
1.000000 1.000000 1.414214
1.000000 1.000000 1.414214
1.000000 10.816654 11.180340
1.000000 9.219544 9.433981
1.000000 10.295630 10.440307
1.000000 4.000000 4.123106
0.000000 -3.000000 inf
0.000000 -2.000000 1.000000
0.000000 -2.000000 1.000000
0.000000 -1.414214 1.000000
0.000000 -1.000000 1.000000
0.000000 -1.000000 1.000000
0.000000 -1.000000 1.000000
0.000000 -2.000000 -1.000000
0.000000 -2.000000 -1.000000
0.000000 -2.828427 -2.236068
0.000000 -2.000000 -1.414214
0.000000 -2.000000 -1.414214
0.000000 -2.000000 -1.414214
0.000000 -2.000000 -1.414214
0.000000 -2.000000 -1.414214
0.000000 -2.000000 -1.414214
0.000000 -1.414214 -1.000000
0.000000 -2.236068 -2.000000
