1.000000 -1.500000 3.201562
1.000000 -2.121320 0.707107
1.000000 -2.061553 0.707107
1.000000 -2.000000 0.707107
1.000000 -1.500000 1.118034
1.000000 -1.802776 0.500000
1.000000 -1.118034 1.000000
1.000000 -1.118034 1.000000
1.000000 -1.500000 0.500000
1.000000 -1.414214 0.500000
1.000000 -0.707107 1.000000
1.000000 -0.500000 1.118034
1.000000 -1.000000 0.500000
1.000000 -1.000000 0.500000
1.000000 -0.500000 1.000000
1.000000 -0.707107 0.707107
1.000000 -0.707107 0.707107
1.000000 -0.707107 0.707107
1.000000 -0.707107 0.500000
1.000000 -0.707107 0.500000
1.000000 -0.500000 0.707107
1.000000 -0.500000 0.500000
1.000000 -0.500000 0.500000
1.000000 -0.500000 0.500000
1.000000 2.000000 2.915476
1.000000 0.500000 1.118034
1.000000 0.500000 1.118034
1.000000 0.500000 1.000000
1.000000 0.707107 1.118034
1.000000 1.118034 1.500000
1.000000 1.118034 1.414214
1.000000 0.707107 1.000000
1.000000 0.707107 1.000000
1.000000 0.500000 0.707107
1.000000 0.500000 0.707107
1.000000 0.500000 0.707107
1.000000 0.500000 0.707107
1.000000 0.500000 0.707107
1.000000 0.500000 0.707107
1.000000 0.500000 0.707107
1.000000 0.500000 0.707107
1.000000 4.272002 4.472136
1.000000 2.549510 2.692582
1.000000 1.000000 1.118034
1.000000 1.000000 1.118034
1.000000 1.000000 1.118034
1.000000 6.576473 6.670832
1.000000 4.527693 4.609772
1.000000 6.264982 6.324555
1.000000 8.015610 8.062258
1.000000 7.615773 7.648529
0.000000 -5.385165 inf
0.000000 -5.220153 -2.121320
0.000000 -3.905125 -1.581139
0.000000 -4.924429 -2.915476
0.000000 -3.354102 -1.802776
0.000000 -4.000000 -2.549510
0.000000 -3.535534 -2.236068
0.000000 -0.707107 0.500000
0.000000 -4.031129 -3.000000
0.000000 -0.500000 0.500000
0.000000 -0.500000 0.500000
0.000000 -3.640055 -2.828427
0.000000 -3.807887 -3.000000
0.000000 -3.201562 -2.500000
0.000000 -1.000000 -0.500000
0.000000 -3.041381 -2.549510
0.000000 -3.162278 -2.828427
0.000000 -2.828427 -2.500000
0.000000 -2.549510 -2.236068
0.000000 -3.807887 -3.500000
0.000000 -3.000000 -2.692582
0.000000 -1.000000 -0.707107
0.000000 -1.000000 -0.707107
0.000000 -2.828427 -2.549510
0.000000 -2.500000 -2.236068
0.000000 -2.061553 -1.802776
0.000000 -2.236068 -2.000000
0.000000 -1.802776 -1.581139
0.000000 -2.692582 -2.500000
0.000000 -2.692582 -2.500000
0.000000 -3.807887 -3.640055
0.000000 -3.807887 -3.640055
0.000000 -3.354102 -3.201562
0.000000 -2.692582 -2.549510
0.000000 -3.640055 -3.500000
0.000000 -4.031129 -3.905125
0.000000 -3.041381 -2.915476
0.000000 -3.162278 -3.041381
0.000000 -2.236068 -2.121320
0.000000 -2.915476 -2.828427
0.000000 -3.201562 -3.162278
0.000000 -3.535534 -3.500000
0.000000 -3.535534 -3.500000
