1.000000 28.319605 29.000000
1.000000 28.425341 29.000000
1.000000 28.425341 29.000000
1.000000 28.600699 29.068884
1.000000 28.600699 29.000000
1.000000 28.844410 29.206164
1.000000 32.015621 32.280025
1.000000 32.015621 32.280025
1.000000 29.154759 29.410882
1.000000 31.384710 31.622777
1.000000 28.844410 29.068884
1.000000 29.529646 29.681644
1.000000 30.870698 31.016125
1.000000 32.756679 32.893768
1.000000 34.234486 34.365681
1.000000 29.154759 29.206164
1.000000 29.966648 30.016662
1.000000 30.413813 30.463092
0.000000 -3.000000 inf
0.000000 -2.000000 28.319605
