1.000000 -1.000000 3.500000
1.000000 -1.000000 1.802776
1.000000 -1.500000 1.118034
1.000000 -1.000000 1.118034
1.000000 -1.000000 1.118034
1.000000 -0.500000 1.414214
1.000000 -1.000000 0.707107
1.000000 -0.707107 0.707107
1.000000 -0.707107 0.707107
1.000000 -0.500000 0.707107
1.000000 -0.500000 0.707107
1.000000 -0.500000 0.707107
1.000000 -0.707107 0.500000
1.000000 -0.707107 0.500000
1.000000 -0.500000 0.707107
1.000000 1.000000 2.121320
1.000000 -0.500000 0.500000
1.000000 1.000000 1.802776
1.000000 0.500000 1.118034
1.000000 0.500000 1.000000
1.000000 1.500000 1.802776
1.000000 0.707107 1.000000
1.000000 0.707107 1.000000
1.000000 0.500000 0.707107
1.000000 0.500000 0.707107
1.000000 0.500000 0.707107
1.000000 0.500000 0.707107
1.000000 0.500000 0.707107
1.000000 0.500000 0.707107
1.000000 0.500000 0.707107
1.000000 3.162278 3.354102
1.000000 1.414214 1.581139
1.000000 3.201562 3.354102
1.000000 2.692582 2.828427
1.000000 3.041381 3.162278
1.000000 1.000000 1.118034
1.000000 1.000000 1.118034
1.000000 1.000000 1.118034
1.000000 2.828427 2.915476
1.000000 1.500000 1.581139
1.000000 1.500000 1.581139
0.000000 -5.024938 inf
0.000000 -4.609772 -1.500000
0.000000 -4.123106 -1.500000
0.000000 -3.354102 -1.581139
0.000000 -3.041381 -1.581139
0.000000 -0.500000 0.500000
0.000000 -0.500000 0.500000
0.000000 -1.000000 -0.500000
0.000000 -2.500000 -2.061553
0.000000 -2.000000 -1.581139
0.000000 -1.414214 -1.000000
0.000000 -2.500000 -2.121320
0.000000 -1.802776 -1.500000
0.000000 -1.414214 -1.118034
0.000000 -1.414214 -1.118034
0.000000 -1.000000 -0.707107
0.000000 -1.000000 -0.707107
0.000000 -1.000000 -0.707107
0.000000 -1.802776 -1.581139
0.000000 -0.707107 -0.500000
0.000000 -0.707107 -0.500000
0.000000 -0.707107 -0.500000
0.000000 -0.707107 -0.500000
0.000000 -4.031129 -3.905125
0.000000 -4.031129 -3.905125
0.000000 -1.118034 -1.000000
0.000000 -1.118034 -1.000000
0.000000 -1.118034 -1.000000
0.000000 -1.581139 -1.500000
0.000000 -1.581139 -1.500000
0.000000 -2.061553 -2.000000
0.000000 -2.549510 -2.500000
