1.000000 0.500000 6.264982
1.000000 -0.707107 0.500000
1.000000 0.707107 1.000000
1.000000 0.707107 1.000000
1.000000 5.830952 6.103278
1.000000 5.830952 6.041523
1.000000 0.500000 0.707107
1.000000 4.949747 5.147815
1.000000 5.830952 6.020797
1.000000 5.656854 5.830952
1.000000 5.220153 5.315073
1.000000 6.020797 6.103278
1.000000 1.500000 1.581139
1.000000 4.924429 5.000000
1.000000 5.522681 5.590170
1.000000 5.656854 5.700877
1.000000 6.020797 6.041523
0.000000 -11.000000 inf
0.000000 -1.000000 0.500000
0.000000 -2.000000 -0.500000
0.000000 -2.121320 -1.118034
0.000000 -0.500000 0.500000
0.000000 -1.000000 -0.500000
0.000000 -1.000000 -0.707107
0.000000 -1.000000 -0.707107
0.000000 -4.272002 -4.031129
0.000000 -0.707107 -0.500000
0.000000 -0.707107 -0.500000
0.000000 -2.236068 -2.061553
0.000000 -1.118034 -1.000000
0.000000 -2.236068 -2.121320
0.000000 -4.272002 -4.242641
0.000000 -4.527693 -4.500000
