1.000000 -1.000000 15.443445
1.000000 -0.500000 0.707107
1.000000 -0.500000 0.707107
1.000000 -0.500000 0.500000
1.000000 -0.500000 0.500000
1.000000 0.500000 1.000000
1.000000 0.500000 1.000000
1.000000 1.000000 1.414214
1.000000 0.707107 1.000000
1.000000 0.707107 1.000000
1.000000 0.707107 1.000000
1.000000 0.500000 0.707107
1.000000 0.500000 0.707107
1.000000 0.500000 0.707107
1.000000 0.500000 0.707107
1.000000 0.500000 0.707107
1.000000 0.500000 0.707107
1.000000 0.500000 0.707107
1.000000 0.500000 0.707107
1.000000 2.549510 2.692582
1.000000 14.866069 15.000000
1.000000 1.000000 1.118034
1.000000 1.000000 1.118034
1.000000 1.000000 1.118034
1.000000 11.672618 11.768602
1.000000 2.000000 2.061553
1.000000 2.061553 2.121320
1.000000 2.061553 2.121320
1.000000 12.041595 12.093387
1.000000 15.182226 15.206906
1.000000 11.401754 11.412712
1.000000 12.500000 12.509996
0.000000 -2.828427 inf
0.000000 -1.000000 1.802776
0.000000 -0.500000 1.000000
0.000000 -2.500000 -1.118034
0.000000 -0.707107 0.500000
0.000000 -0.707107 0.500000
0.000000 -0.707107 0.500000
0.000000 -2.236068 -1.118034
0.000000 -0.500000 0.500000
0.000000 -0.500000 0.500000
0.000000 -1.414214 -0.500000
0.000000 -2.692582 -2.000000
0.000000 -2.000000 -1.414214
0.000000 -1.000000 -0.500000
0.000000 -1.000000 -0.500000
0.000000 -1.581139 -1.118034
0.000000 -2.000000 -1.581139
0.000000 -1.118034 -0.707107
0.000000 -1.802776 -1.414214
0.000000 -1.802776 -1.414214
0.000000 -1.500000 -1.118034
0.000000 -1.500000 -1.118034
0.000000 -1.500000 -1.118034
0.000000 -1.414214 -1.118034
0.000000 -1.414214 -1.118034
0.000000 -1.414214 -1.118034
0.000000 -1.414214 -1.118034
0.000000 -1.414214 -1.118034
0.000000 -2.236068 -2.000000
0.000000 -1.802776 -1.581139
0.000000 -1.802776 -1.581139
0.000000 -1.802776 -1.581139
0.000000 -1.802776 -1.581139
0.000000 -0.707107 -0.500000
0.000000 -2.236068 -2.061553
0.000000 -2.236068 -2.061553
0.000000 -1.581139 -1.414214
0.000000 -1.581139 -1.414214
0.000000 -1.581139 -1.414214
0.000000 -1.581139 -1.414214
0.000000 -2.236068 -2.121320
0.000000 -1.500000 -1.414214
0.000000 -1.500000 -1.414214
0.000000 -1.581139 -1.500000
0.000000 -1.581139 -1.500000
0.000000 -2.061553 -2.000000
0.000000 -2.061553 -2.000000
