1.000000 2.500000 6.184658
1.000000 2.500000 2.828427
1.000000 2.692582 2.915476
1.000000 5.385165 5.590170
1.000000 2.692582 2.828427
1.000000 3.041381 3.162278
1.000000 1.000000 1.118034
1.000000 1.500000 1.581139
1.000000 5.315073 5.385165
1.000000 6.041523 6.082763
1.000000 3.500000 3.535534
0.000000 -1.581139 inf
0.000000 -1.581139 1.500000
0.000000 -1.500000 1.500000
0.000000 -1.000000 1.000000
0.000000 -1.000000 -0.707107
0.000000 -0.707107 -0.500000
0.000000 -0.707107 -0.500000
0.000000 -1.500000 -1.414214
