1.000000 -0.800000 13.971399
1.000000 -0.800000 0.800000
1.000000 -0.800000 0.800000
1.000000 -0.800000 0.800000
1.000000 1.788854 2.262742
1.000000 13.600000 13.971399
1.000000 0.800000 1.131371
1.000000 0.800000 1.131371
1.000000 0.800000 1.131371
1.000000 0.800000 1.131371
1.000000 13.670406 13.810141
1.000000 12.026637 12.106197
0.000000 -3.200000 inf
0.000000 -2.262742 1.131371
0.000000 -0.800000 0.800000
0.000000 -0.800000 0.800000
0.000000 -0.800000 0.800000
0.000000 -2.400000 -0.800000
0.000000 -2.400000 -0.800000
0.000000 -2.400000 -0.800000
0.000000 -2.262742 -1.131371
0.000000 -1.788854 -0.800000
0.000000 -2.529822 -1.600000
0.000000 -2.262742 -1.600000
0.000000 -1.788854 -1.131371
0.000000 -2.262742 -1.788854
0.000000 -2.262742 -1.788854
0.000000 -1.600000 -1.131371
0.000000 -1.600000 -1.131371
0.000000 -1.600000 -1.131371
0.000000 -1.788854 -1.600000
0.000000 -1.788854 -1.600000
0.000000 -2.400000 -2.262742
0.000000 -2.400000 -2.262742
