1.000000 3.000000 9.486833
1.000000 4.123106 8.602325
1.000000 -1.000000 1.000000
1.000000 7.071068 8.602325
1.000000 7.810250 8.485281
1.000000 7.211103 7.810250
1.000000 2.236068 2.828427
1.000000 8.062258 8.485281
1.000000 1.000000 1.414214
1.000000 8.544004 8.944272
1.000000 2.000000 2.236068
1.000000 2.000000 2.236068
1.000000 2.000000 2.236068
1.000000 7.615773 7.810250
1.000000 9.055385 9.219544
1.000000 8.944272 9.055385
1.000000 5.000000 5.099020
1.000000 8.000000 8.062258
0.000000 -4.000000 inf
0.000000 -1.414214 2.236068
0.000000 -1.414214 2.000000
0.000000 -1.414214 1.414214
0.000000 -1.414214 1.414214
0.000000 -1.000000 1.414214
0.000000 -1.414214 1.000000
0.000000 -1.000000 1.000000
0.000000 -1.000000 1.000000
0.000000 -1.000000 1.000000
0.000000 -2.236068 -1.000000
0.000000 -2.000000 -1.000000
0.000000 -2.828427 -2.000000
0.000000 -2.236068 -1.414214
0.000000 -2.000000 -1.414214
0.000000 -2.000000 -1.414214
0.000000 -1.414214 -1.000000
0.000000 -1.414214 -1.000000
0.000000 -1.414214 -1.000000
0.000000 -1.414214 -1.000000
0.000000 -2.236068 -2.000000
0.000000 -2.236068 -2.000000
