1.000000 3.162278 15.297059
1.000000 14.422205 15.000000
1.000000 14.422205 14.764823
1.000000 14.866069 15.000000
1.000000 14.866069 15.000000
0.000000 -3.605551 inf
0.000000 -2.000000 3.000000
0.000000 -1.000000 1.000000
0.000000 -2.828427 -2.000000
0.000000 -2.828427 -2.000000
0.000000 -2.236068 -1.414214
0.000000 -3.000000 -2.236068
0.000000 -2.828427 -2.236068
0.000000 -2.828427 -2.236068
0.000000 -2.828427 -2.236068
0.000000 -2.000000 -1.414214
0.000000 -1.414214 -1.000000
0.000000 -1.414214 -1.000000
0.000000 -1.414214 -1.000000
0.000000 -2.236068 -2.000000
0.000000 -2.236068 -2.000000
0.000000 -3.162278 -3.000000
