1.000000 9.433981 14.035669
1.000000 -1.000000 1.000000
1.000000 -1.000000 1.000000
1.000000 3.605551 5.000000
1.000000 9.433981 10.000000
1.000000 1.000000 1.414214
1.000000 1.000000 1.414214
1.000000 7.280110 7.615773
1.000000 10.198039 10.440307
1.000000 10.295630 10.440307
1.000000 11.045361 11.180340
1.000000 4.000000 4.123106
1.000000 4.000000 4.123106
1.000000 4.123106 4.242641
1.000000 9.848858 9.899495
1.000000 9.848858 9.899495
0.000000 -2.828427 inf
0.000000 -2.000000 3.000000
0.000000 -2.000000 1.000000
0.000000 -1.000000 1.414214
0.000000 -1.000000 1.000000
0.000000 -1.000000 1.000000
0.000000 -1.000000 1.000000
0.000000 -1.414214 -1.000000
0.000000 -1.414214 -1.000000
0.000000 -1.414214 -1.000000
0.000000 -1.414214 -1.000000
