1.000000 1.000000 9.055385
1.000000 -1.414214 2.000000
1.000000 5.385165 8.000000
1.000000 -1.000000 1.414214
1.000000 -1.414214 1.000000
1.000000 1.000000 3.162278
1.000000 -1.000000 1.000000
1.000000 2.236068 4.123106
1.000000 1.000000 2.828427
1.000000 1.000000 2.000000
1.000000 2.000000 2.828427
1.000000 1.414214 2.236068
1.000000 1.414214 2.236068
1.000000 2.236068 2.828427
1.000000 8.062258 8.544004
1.000000 7.615773 8.062258
1.000000 5.385165 5.830952
1.000000 8.062258 8.485281
1.000000 1.000000 1.414214
1.000000 1.000000 1.414214
1.000000 1.000000 1.414214
1.000000 1.000000 1.414214
1.000000 1.000000 1.414214
1.000000 1.000000 1.414214
1.000000 1.000000 1.414214
1.000000 1.000000 1.414214
1.000000 1.000000 1.414214
1.000000 1.000000 1.414214
1.000000 2.828427 3.162278
1.000000 8.246211 8.544004
1.000000 6.082763 6.324555
1.000000 2.000000 2.236068
1.000000 2.000000 2.236068
1.000000 2.000000 2.236068
1.000000 2.000000 2.236068
1.000000 2.000000 2.236068
1.000000 7.071068 7.280110
1.000000 7.615773 7.810250
1.000000 8.062258 8.246211
1.000000 5.656854 5.830952
1.000000 3.000000 3.162278
1.000000 3.000000 3.162278
1.000000 6.000000 6.082763
1.000000 6.000000 6.082763
1.000000 7.211103 7.280110
1.000000 8.944272 9.000000
1.000000 9.000000 9.055385
0.000000 -3.605551 inf
0.000000 -1.000000 5.000000
0.000000 -2.236068 1.000000
0.000000 -2.236068 1.000000
0.000000 -1.414214 1.000000
0.000000 -1.000000 1.000000
0.000000 -1.000000 1.000000
0.000000 -1.000000 1.000000
0.000000 -2.236068 -1.000000
0.000000 -2.236068 -1.000000
0.000000 -2.000000 -1.000000
0.000000 -2.000000 -1.000000
0.000000 -2.000000 -1.000000
0.000000 -2.000000 -1.000000
0.000000 -2.000000 -1.000000
0.000000 -3.000000 -2.000000
0.000000 -2.000000 -1.000000
0.000000 -3.162278 -2.236068
0.000000 -2.236068 -1.414214
0.000000 -2.000000 -1.414214
0.000000 -2.000000 -1.414214
0.000000 -2.000000 -1.414214
0.000000 -1.414214 -1.000000
0.000000 -1.414214 -1.000000
0.000000 -1.414214 -1.000000
0.000000 -1.414214 -1.000000
0.000000 -1.414214 -1.000000
0.000000 -1.414214 -1.000000
0.000000 -1.414214 -1.000000
0.000000 -1.414214 -1.000000
0.000000 -1.414214 -1.000000
0.000000 -2.236068 -2.000000
0.000000 -2.236068 -2.000000
