1.000000 -2.915476 1.118034
1.000000 -1.000000 1.118034
1.000000 -1.118034 0.500000
1.000000 -0.500000 0.500000
1.000000 0.707107 1.000000
1.000000 1.000000 1.118034
1.000000 1.000000 1.118034
1.000000 1.000000 1.118034
1.000000 1.000000 1.118034
0.000000 -9.000000 inf
0.000000 -1.000000 1.118034
0.000000 -0.500000 0.707107
0.000000 -6.500000 -5.385165
0.000000 -6.403124 -6.041523
0.000000 -0.707107 -0.500000
0.000000 -0.707107 -0.500000
0.000000 -3.354102 -3.201562
0.000000 -3.354102 -3.201562
0.000000 -3.162278 -3.041381
0.000000 -6.184658 -6.082763
0.000000 -5.590170 -5.500000
0.000000 -6.264982 -6.184658
0.000000 -6.103278 -6.041523
0.000000 -3.535534 -3.500000
0.000000 -4.031129 -4.000000
0.000000 -6.020797 -6.000000
