1.000000 1.500000 2.500000
1.000000 0.500000 1.000000
1.000000 5.700877 6.020797
1.000000 5.700877 6.020797
1.000000 1.118034 1.414214
1.000000 0.707107 1.000000
1.000000 5.830952 6.103278
1.000000 5.830952 6.103278
1.000000 6.041523 6.264982
1.000000 6.041523 6.264982
1.000000 3.807887 4.031129
1.000000 6.726812 6.946222
1.000000 7.615773 7.826238
1.000000 0.500000 0.707107
1.000000 0.500000 0.707107
1.000000 0.500000 0.707107
1.000000 0.500000 0.707107
1.000000 10.606602 10.793517
1.000000 7.648529 7.826238
1.000000 6.324555 6.500000
1.000000 6.324555 6.500000
1.000000 6.800735 6.946222
1.000000 2.549510 2.692582
1.000000 2.549510 2.692582
1.000000 6.670832 6.800735
1.000000 6.670832 6.800735
1.000000 3.041381 3.162278
1.000000 1.000000 1.118034
1.000000 1.000000 1.118034
1.000000 1.000000 1.118034
1.000000 6.964194 7.071068
1.000000 4.031129 4.123106
1.000000 7.071068 7.158911
1.000000 7.071068 7.158911
1.000000 2.828427 2.915476
1.000000 1.500000 1.581139
1.000000 1.500000 1.581139
1.000000 7.211103 7.280110
1.000000 7.566373 7.632169
1.000000 2.000000 2.061553
1.000000 2.000000 2.061553
1.000000 7.516648 7.566373
1.000000 7.516648 7.566373
1.000000 8.015610 8.062258
1.000000 4.500000 4.527693
1.000000 8.000000 8.015610
1.000000 8.000000 8.015610
1.000000 11.000000 11.011358
0.000000 -3.535534 inf
0.000000 -0.500000 5.656854
0.000000 -2.500000 1.000000
0.000000 -0.500000 2.828427
0.000000 -1.118034 2.000000
0.000000 -1.118034 1.500000
0.000000 -1.802776 0.707107
0.000000 -2.000000 0.500000
0.000000 -0.500000 1.802776
0.000000 -1.118034 0.500000
0.000000 -1.000000 0.500000
0.000000 -0.707107 0.707107
0.000000 -0.500000 0.707107
0.000000 -0.707107 0.500000
0.000000 -0.707107 0.500000
0.000000 -0.500000 0.500000
0.000000 -0.500000 0.500000
0.000000 -0.500000 0.500000
0.000000 -1.414214 -0.500000
0.000000 -1.118034 -0.707107
0.000000 -1.118034 -0.707107
0.000000 -1.000000 -0.707107
0.000000 -1.000000 -0.707107
0.000000 -1.802776 -1.581139
0.000000 -2.692582 -2.500000
