1.000000 4.000000 9.055385
1.000000 -1.000000 1.000000
1.000000 5.000000 6.324555
1.000000 5.099020 6.000000
1.000000 4.472136 5.000000
1.000000 5.385165 5.830952
1.000000 3.162278 3.605551
1.000000 1.000000 1.414214
1.000000 1.000000 1.414214
1.000000 1.000000 1.414214
1.000000 5.000000 5.385165
1.000000 6.324555 6.708204
1.000000 5.385165 5.656854
1.000000 5.385165 5.656854
1.000000 5.830952 6.082763
1.000000 5.656854 5.830952
1.000000 4.000000 4.123106
1.000000 4.000000 4.123106
1.000000 4.000000 4.123106
1.000000 5.000000 5.099020
1.000000 9.000000 9.055385
0.000000 -3.605551 inf
0.000000 -1.000000 3.605551
0.000000 -2.236068 2.236068
0.000000 -1.000000 3.162278
0.000000 -2.236068 1.000000
0.000000 -1.000000 1.000000
0.000000 -1.000000 1.000000
0.000000 -2.236068 -1.000000
0.000000 -2.236068 -1.414214
0.000000 -2.000000 -1.414214
0.000000 -2.000000 -1.414214
0.000000 -2.000000 -1.414214
0.000000 -1.414214 -1.000000
0.000000 -3.000000 -2.828427
