1.000000 2.500000 12.658989
1.000000 0.500000 1.118034
1.000000 0.707107 1.000000
1.000000 11.236103 11.401754
1.000000 11.401754 11.543396
1.000000 11.884864 12.020815
1.000000 1.000000 1.118034
1.000000 3.535534 3.605551
1.000000 12.000000 12.020815
0.000000 -3.807887 inf
0.000000 -3.500000 -1.000000
0.000000 -0.500000 1.414214
0.000000 -2.236068 -1.000000
0.000000 -2.121320 -1.414214
0.000000 -1.802776 -1.118034
0.000000 -2.000000 -1.414214
0.000000 -1.500000 -1.000000
0.000000 -2.061553 -1.581139
0.000000 -1.414214 -1.000000
0.000000 -1.802776 -1.414214
0.000000 -3.535534 -3.201562
0.000000 -1.414214 -1.118034
0.000000 -1.414214 -1.118034
0.000000 -1.414214 -1.118034
0.000000 -1.802776 -1.581139
0.000000 -1.802776 -1.581139
0.000000 -1.802776 -1.581139
0.000000 -2.000000 -1.802776
0.000000 -2.000000 -1.802776
0.000000 -1.581139 -1.414214
0.000000 -1.581139 -1.414214
0.000000 -1.118034 -1.000000
0.000000 -1.118034 -1.000000
0.000000 -1.118034 -1.000000
0.000000 -1.500000 -1.414214
0.000000 -1.500000 -1.414214
0.000000 -1.581139 -1.500000
0.000000 -2.061553 -2.000000
0.000000 -2.121320 -2.061553
0.000000 -2.549510 -2.500000
