1.000000 -2.000000 1.414214
1.000000 -2.500000 0.500000
1.000000 -1.000000 1.118034
1.000000 -0.500000 1.000000
1.000000 -0.500000 0.500000
1.000000 -0.500000 0.500000
1.000000 -0.500000 0.500000
1.000000 -0.500000 0.500000
1.000000 0.500000 1.000000
1.000000 1.118034 1.581139
1.000000 1.118034 1.414214
1.000000 0.707107 1.000000
1.000000 0.707107 1.000000
1.000000 0.500000 0.707107
1.000000 0.500000 0.707107
1.000000 0.500000 0.707107
1.000000 0.500000 0.707107
1.000000 0.500000 0.707107
1.000000 1.000000 1.118034
1.000000 1.500000 1.581139
1.000000 1.500000 1.581139
0.000000 -5.522681 inf
0.000000 -4.272002 -1.118034
0.000000 -1.802776 0.500000
0.000000 -4.472136 -2.500000
0.000000 -4.031129 -2.828427
0.000000 -4.000000 -3.354102
0.000000 -1.000000 -0.500000
0.000000 -2.500000 -2.236068
0.000000 -0.707107 -0.500000
0.000000 -3.201562 -3.000000
0.000000 -3.354102 -3.162278
0.000000 -4.272002 -4.123106
0.000000 -3.162278 -3.041381
0.000000 -3.162278 -3.041381
0.000000 -2.915476 -2.828427
0.000000 -5.099020 -5.024938
0.000000 -3.605551 -3.535534
0.000000 -3.605551 -3.535534
0.000000 -2.549510 -2.500000
0.000000 -3.535534 -3.500000
