1.000000 -1.000000 13.152946
1.000000 11.661904 12.529964
1.000000 12.041595 12.649111
1.000000 2.236068 2.828427
1.000000 12.206556 12.727922
1.000000 12.529964 13.000000
1.000000 12.041595 12.369317
1.000000 12.206556 12.529964
1.000000 12.529964 12.806248
1.000000 12.041595 12.206556
1.000000 12.041595 12.206556
1.000000 3.000000 3.162278
1.000000 11.000000 11.045361
0.000000 -4.123106 inf
0.000000 -1.000000 1.000000
0.000000 -4.000000 -2.236068
0.000000 -3.605551 -2.000000
0.000000 -3.605551 -2.236068
0.000000 -3.000000 -2.000000
0.000000 -2.828427 -2.000000
0.000000 -2.828427 -2.236068
0.000000 -2.828427 -2.236068
0.000000 -2.828427 -2.236068
0.000000 -2.828427 -2.236068
0.000000 -2.236068 -2.000000
0.000000 -2.236068 -2.000000
0.000000 -2.236068 -2.000000
0.000000 -2.236068 -2.000000
0.000000 -2.236068 -2.000000
0.000000 -3.162278 -3.000000
