1.000000 0.707107 5.830952
1.000000 0.707107 3.201562
1.000000 1.000000 3.354102
1.000000 -0.500000 1.802776
1.000000 -1.000000 0.500000
1.000000 -0.500000 1.000000
1.000000 2.500000 3.605551
1.000000 2.236068 2.828427
1.000000 0.500000 1.000000
1.000000 0.500000 1.000000
1.000000 1.000000 1.500000
1.000000 0.707107 1.118034
1.000000 1.414214 1.802776
1.000000 1.414214 1.802776
1.000000 1.414214 1.802776
1.000000 1.414214 1.802776
1.000000 2.121320 2.500000
1.000000 1.118034 1.414214
1.000000 1.118034 1.414214
1.000000 1.118034 1.414214
1.000000 0.707107 1.000000
1.000000 0.707107 1.000000
1.000000 0.707107 1.000000
1.000000 0.707107 1.000000
1.000000 0.707107 1.000000
1.000000 2.236068 2.500000
1.000000 2.236068 2.500000
1.000000 1.581139 1.802776
1.000000 1.581139 1.802776
1.000000 1.581139 1.802776
1.000000 1.581139 1.802776
1.000000 1.581139 1.802776
1.000000 0.500000 0.707107
1.000000 0.500000 0.707107
1.000000 0.500000 0.707107
1.000000 0.500000 0.707107
1.000000 0.500000 0.707107
1.000000 0.500000 0.707107
1.000000 0.500000 0.707107
1.000000 0.500000 0.707107
1.000000 0.500000 0.707107
1.000000 0.500000 0.707107
1.000000 0.500000 0.707107
1.000000 0.500000 0.707107
1.000000 0.500000 0.707107
1.000000 0.500000 0.707107
1.000000 0.500000 0.707107
1.000000 2.500000 2.692582
1.000000 2.500000 2.692582
1.000000 2.500000 2.692582
1.000000 5.408327 5.590170
1.000000 5.700877 5.830952
1.000000 3.041381 3.162278
1.000000 1.000000 1.118034
1.000000 1.000000 1.118034
1.000000 1.000000 1.118034
1.000000 1.000000 1.118034
1.000000 1.000000 1.118034
1.000000 2.121320 2.236068
1.000000 5.315073 5.408327
1.000000 2.828427 2.915476
1.000000 2.828427 2.915476
1.000000 1.414214 1.500000
1.000000 1.414214 1.500000
1.000000 2.915476 3.000000
1.000000 1.500000 1.581139
1.000000 1.500000 1.581139
1.000000 1.500000 1.581139
1.000000 3.535534 3.605551
1.000000 2.000000 2.061553
1.000000 2.000000 2.061553
1.000000 2.500000 2.549510
1.000000 3.162278 3.201562
0.000000 -4.272002 inf
0.000000 -1.414214 1.000000
0.000000 -3.807887 -1.802776
0.000000 -3.000000 -1.000000
0.000000 -4.000000 -2.000000
0.000000 -1.414214 0.500000
0.000000 -1.000000 0.500000
0.000000 -1.000000 0.500000
0.000000 -1.802776 -0.500000
0.000000 -2.000000 -0.707107
0.000000 -0.707107 0.500000
0.000000 -0.707107 0.500000
0.000000 -1.581139 -0.707107
0.000000 -1.581139 -0.707107
0.000000 -1.581139 -0.707107
0.000000 -1.500000 -0.707107
0.000000 -1.414214 -0.707107
0.000000 -1.000000 -0.500000
0.000000 -1.000000 -0.500000
0.000000 -1.000000 -0.500000
0.000000 -2.500000 -2.061553
0.000000 -2.236068 -1.802776
0.000000 -1.414214 -1.000000
0.000000 -1.414214 -1.000000
0.000000 -1.414214 -1.118034
0.000000 -1.414214 -1.118034
0.000000 -1.414214 -1.118034
0.000000 -1.000000 -0.707107
0.000000 -1.000000 -0.707107
0.000000 -1.000000 -0.707107
0.000000 -1.000000 -0.707107
0.000000 -1.000000 -0.707107
0.000000 -1.000000 -0.707107
0.000000 -1.000000 -0.707107
0.000000 -1.000000 -0.707107
0.000000 -3.162278 -2.915476
0.000000 -4.272002 -4.031129
0.000000 -0.707107 -0.500000
0.000000 -0.707107 -0.500000
0.000000 -0.707107 -0.500000
0.000000 -2.236068 -2.061553
0.000000 -3.807887 -3.640055
0.000000 -1.581139 -1.414214
0.000000 -1.118034 -1.000000
0.000000 -1.118034 -1.000000
0.000000 -1.118034 -1.000000
0.000000 -2.236068 -2.121320
0.000000 -1.581139 -1.500000
0.000000 -2.061553 -2.000000
0.000000 -2.549510 -2.500000
