1.000000 -1.000000 3.905125
1.000000 -1.000000 2.549510
1.000000 -0.500000 2.236068
1.000000 -1.118034 0.500000
1.000000 -1.000000 0.500000
1.000000 -0.707107 0.500000
1.000000 -0.500000 0.500000
1.000000 1.000000 1.581139
1.000000 0.500000 1.000000
1.000000 1.118034 1.414214
1.000000 0.707107 1.000000
1.000000 4.031129 4.301163
1.000000 4.031129 4.301163
1.000000 1.802776 2.061553
1.000000 4.031129 4.242641
1.000000 3.605551 3.807887
1.000000 4.123106 4.272002
1.000000 5.220153 5.315073
1.000000 4.527693 4.609772
1.000000 2.061553 2.121320
1.000000 4.949747 5.000000
1.000000 4.242641 4.272002
1.000000 6.000000 6.020797
0.000000 -4.301163 inf
0.000000 -2.500000 24.046829
0.000000 -1.000000 4.031129
0.000000 -2.828427 -1.118034
0.000000 -3.354102 -2.236068
0.000000 -2.828427 -1.802776
0.000000 -2.000000 -1.000000
0.000000 -0.500000 0.500000
0.000000 -2.500000 -1.581139
0.000000 -1.581139 -1.000000
0.000000 -1.500000 -1.000000
0.000000 -1.500000 -1.118034
0.000000 -1.500000 -1.118034
0.000000 -1.000000 -0.707107
0.000000 -2.236068 -2.061553
0.000000 -3.162278 -3.041381
0.000000 -1.118034 -1.000000
0.000000 -1.118034 -1.000000
0.000000 -1.500000 -1.414214
0.000000 -1.581139 -1.500000
0.000000 -2.061553 -2.000000
0.000000 -2.121320 -2.061553
0.000000 -4.301163 -4.242641
0.000000 -2.549510 -2.500000
0.000000 -2.549510 -2.500000
