1.000000 1.000000 8.062258
1.000000 -1.000000 1.000000
1.000000 -1.000000 1.000000
1.000000 1.000000 1.414214
1.000000 1.000000 1.414214
1.000000 7.280110 7.615773
1.000000 2.000000 2.236068
1.000000 2.000000 2.236068
1.000000 2.000000 2.236068
1.000000 7.071068 7.211103
1.000000 6.000000 6.082763
0.000000 -3.605551 inf
0.000000 -3.605551 -1.000000
0.000000 -3.605551 -1.414214
0.000000 -2.828427 -1.414214
0.000000 -2.236068 -1.414214
0.000000 -2.236068 -1.414214
0.000000 -2.000000 -1.414214
0.000000 -2.000000 -1.414214
0.000000 -3.605551 -3.162278
0.000000 -1.414214 -1.000000
0.000000 -2.236068 -2.000000
0.000000 -3.162278 -3.000000
