1.000000 -1.000000 5.590170
1.000000 -1.000000 0.500000
1.000000 -0.500000 0.500000
1.000000 -0.500000 0.500000
1.000000 4.743416 5.408327
1.000000 0.500000 1.118034
1.000000 0.500000 1.000000
1.000000 0.707107 1.000000
1.000000 2.915476 3.162278
1.000000 1.581139 1.802776
1.000000 1.581139 1.802776
1.000000 0.500000 0.707107
1.000000 0.500000 0.707107
1.000000 0.500000 0.707107
1.000000 0.500000 0.707107
1.000000 2.500000 2.692582
1.000000 3.162278 3.354102
1.000000 5.147815 5.315073
1.000000 2.549510 2.692582
1.000000 1.000000 1.118034
1.000000 2.828427 2.915476
1.000000 3.535534 3.605551
1.000000 2.000000 2.061553
1.000000 4.272002 4.301163
1.000000 4.500000 4.527693
1.000000 5.000000 5.024938
1.000000 5.000000 5.024938
0.000000 -3.807887 inf
0.000000 -1.414214 1.500000
0.000000 -1.414214 0.500000
0.000000 -3.000000 -1.414214
0.000000 -2.915476 -1.500000
0.000000 -0.707107 0.500000
0.000000 -0.500000 0.500000
0.000000 -0.500000 0.500000
0.000000 -3.354102 -2.549510
0.000000 -2.692582 -2.061553
0.000000 -1.500000 -1.000000
0.000000 -1.500000 -1.000000
0.000000 -3.000000 -2.549510
0.000000 -1.414214 -1.000000
0.000000 -1.802776 -1.414214
0.000000 -2.500000 -2.121320
0.000000 -2.121320 -1.802776
0.000000 -1.802776 -1.500000
0.000000 -1.414214 -1.118034
0.000000 -2.061553 -1.802776
0.000000 -2.061553 -1.802776
0.000000 -1.802776 -1.581139
0.000000 -2.692582 -2.549510
0.000000 -2.236068 -2.121320
0.000000 -2.236068 -2.121320
0.000000 -2.549510 -2.500000
