1.000000 0.500000 7.826238
1.000000 0.707107 2.500000
1.000000 1.118034 2.121320
1.000000 3.354102 3.905125
1.000000 1.802776 2.236068
1.000000 1.118034 1.500000
1.000000 3.201562 3.535534
1.000000 1.118034 1.414214
1.000000 1.118034 1.414214
1.000000 1.118034 1.414214
1.000000 2.236068 2.500000
1.000000 3.354102 3.605551
1.000000 3.354102 3.605551
1.000000 1.581139 1.802776
1.000000 1.581139 1.802776
1.000000 0.500000 0.707107
1.000000 0.500000 0.707107
1.000000 3.605551 3.807887
1.000000 1.802776 2.000000
1.000000 3.640055 3.807887
1.000000 3.640055 3.807887
1.000000 3.201562 3.354102
1.000000 3.041381 3.162278
1.000000 1.000000 1.118034
1.000000 1.000000 1.118034
1.000000 1.000000 1.118034
1.000000 2.121320 2.236068
1.000000 2.121320 2.236068
1.000000 1.414214 1.500000
1.000000 1.500000 1.581139
1.000000 1.500000 1.581139
1.000000 3.535534 3.605551
1.000000 2.000000 2.061553
1.000000 2.061553 2.121320
1.000000 2.061553 2.121320
1.000000 2.061553 2.121320
1.000000 7.516648 7.566373
1.000000 2.500000 2.549510
1.000000 4.000000 4.031129
0.000000 -5.147815 inf
0.000000 -1.414214 2.500000
0.000000 -5.000000 -2.000000
0.000000 -4.123106 -2.000000
0.000000 -1.118034 0.500000
0.000000 -0.500000 0.707107
0.000000 -0.707107 0.500000
0.000000 -0.500000 0.500000
0.000000 -3.201562 -2.236068
0.000000 -2.500000 -1.802776
0.000000 -2.500000 -2.000000
0.000000 -2.000000 -1.500000
0.000000 -1.000000 -0.500000
0.000000 -2.915476 -2.500000
0.000000 -1.500000 -1.118034
0.000000 -2.828427 -2.500000
0.000000 -2.500000 -2.236068
0.000000 -2.236068 -2.000000
0.000000 -3.807887 -3.605551
0.000000 -4.472136 -4.272002
0.000000 -2.000000 -1.802776
0.000000 -2.000000 -1.802776
0.000000 -1.581139 -1.414214
0.000000 -4.743416 -4.609772
0.000000 -4.031129 -3.905125
0.000000 -2.549510 -2.500000
