1.000000 -1.500000 6.519202
1.000000 -1.500000 1.118034
1.000000 -1.000000 0.707107
1.000000 -0.707107 0.500000
1.000000 3.905125 4.743416
1.000000 1.500000 2.000000
1.000000 1.118034 1.414214
1.000000 2.692582 2.915476
1.000000 4.527693 4.716991
1.000000 2.692582 2.828427
1.000000 3.905125 4.031129
1.000000 4.123106 4.242641
1.000000 4.123106 4.242641
1.000000 1.500000 1.581139
1.000000 1.500000 1.581139
1.000000 2.500000 2.549510
1.000000 3.000000 3.041381
1.000000 3.000000 3.041381
1.000000 4.500000 4.527693
1.000000 4.500000 4.527693
0.000000 -6.964194 inf
0.000000 -4.500000 -2.236068
0.000000 -0.500000 1.000000
0.000000 -2.500000 -1.414214
0.000000 -2.500000 -1.802776
0.000000 -3.000000 -2.549510
0.000000 -2.500000 -2.121320
0.000000 -3.162278 -2.828427
0.000000 -2.121320 -1.802776
0.000000 -2.121320 -1.802776
0.000000 -6.708204 -6.403124
0.000000 -2.915476 -2.692582
0.000000 -1.802776 -1.581139
0.000000 -1.802776 -1.581139
0.000000 -2.692582 -2.500000
0.000000 -2.692582 -2.500000
0.000000 -2.692582 -2.500000
0.000000 -2.692582 -2.549510
0.000000 -2.692582 -2.549510
