1.000000 3.162278 7.071068
1.000000 -1.000000 1.000000
1.000000 1.000000 2.000000
1.000000 3.162278 3.605551
1.000000 5.000000 5.385165
1.000000 6.324555 6.708204
1.000000 4.242641 4.472136
1.000000 6.000000 6.082763
0.000000 -5.000000 inf
0.000000 -1.000000 1.000000
0.000000 -1.000000 1.000000
0.000000 -2.828427 -1.000000
0.000000 -2.000000 -1.000000
0.000000 -2.828427 -2.000000
0.000000 -2.000000 -1.414214
0.000000 -2.000000 -1.414214
0.000000 -2.000000 -1.414214
0.000000 -2.000000 -1.414214
0.000000 -5.000000 -4.472136
0.000000 -1.414214 -1.000000
0.000000 -4.242641 -4.123106
