1.000000 2.500000 9.552487
1.000000 -5.700877 0.500000
1.000000 -2.500000 2.549510
1.000000 -1.118034 0.500000
1.000000 -0.500000 0.500000
1.000000 1.802776 2.500000
1.000000 2.236068 2.915476
1.000000 1.000000 1.414214
1.000000 1.118034 1.500000
1.000000 1.802776 2.121320
1.000000 1.802776 2.121320
1.000000 1.802776 2.121320
1.000000 1.118034 1.414214
1.000000 2.236068 2.500000
1.000000 2.236068 2.500000
1.000000 2.236068 2.500000
1.000000 1.802776 2.061553
1.000000 1.802776 2.061553
1.000000 8.500000 8.732125
1.000000 1.581139 1.802776
1.000000 4.527693 4.743416
1.000000 9.178780 9.394147
1.000000 9.300538 9.513149
1.000000 5.385165 5.590170
1.000000 2.500000 2.692582
1.000000 2.061553 2.236068
1.000000 8.732125 8.902247
1.000000 9.013878 9.178780
1.000000 2.000000 2.121320
1.000000 5.099020 5.220153
1.000000 1.000000 1.118034
1.000000 8.902247 9.013878
1.000000 8.514693 8.602325
1.000000 1.414214 1.500000
1.000000 7.500000 7.566373
1.000000 2.500000 2.549510
1.000000 2.500000 2.549510
1.000000 2.500000 2.549510
1.000000 5.656854 5.700877
1.000000 4.000000 4.031129
0.000000 -13.462912 inf
0.000000 -6.082763 -3.605551
0.000000 -2.549510 -1.000000
0.000000 -4.123106 -2.692582
0.000000 -8.015610 -6.708204
0.000000 -4.472136 -3.535534
0.000000 -9.192388 -8.276473
0.000000 -6.708204 -5.852350
0.000000 -3.354102 -2.500000
0.000000 -5.024938 -4.272002
0.000000 -2.236068 -1.802776
0.000000 -1.414214 -1.000000
0.000000 -13.152946 -12.747549
0.000000 -3.354102 -3.000000
0.000000 -3.162278 -2.828427
0.000000 -6.576473 -6.264982
0.000000 -4.924429 -4.743416
0.000000 -8.500000 -8.321658
0.000000 -6.500000 -6.324555
0.000000 -3.807887 -3.640055
0.000000 -6.946222 -6.800735
0.000000 -6.946222 -6.800735
0.000000 -6.946222 -6.800735
0.000000 -2.692582 -2.549510
0.000000 -8.500000 -8.381527
0.000000 -12.971122 -12.854960
0.000000 -4.609772 -4.500000
0.000000 -3.640055 -3.535534
0.000000 -6.500000 -6.403124
0.000000 -6.800735 -6.708204
0.000000 -2.915476 -2.828427
0.000000 -12.816006 -12.747549
0.000000 -12.971122 -12.903488
0.000000 -9.178780 -9.124144
0.000000 -2.549510 -2.500000
0.000000 -3.041381 -3.000000
0.000000 -12.816006 -12.776932
0.000000 -13.124405 -13.086252
0.000000 -7.106335 -7.071068
0.000000 -3.640055 -3.605551
0.000000 -8.544004 -8.514693
0.000000 -8.631338 -8.602325
0.000000 -4.527693 -4.500000
0.000000 -6.020797 -6.000000
0.000000 -6.020797 -6.000000
0.000000 -6.041523 -6.020797
0.000000 -6.041523 -6.020797
0.000000 -6.519202 -6.500000
