1.000000 -1.414214 2.000000
1.000000 -1.000000 2.236068
1.000000 -1.414214 1.000000
1.000000 -1.414214 1.000000
1.000000 -1.000000 1.000000
1.000000 -1.000000 1.000000
1.000000 -1.000000 1.000000
1.000000 -1.000000 1.000000
1.000000 7.211103 7.810250
1.000000 1.000000 1.414214
1.000000 2.000000 2.236068
1.000000 2.000000 2.236068
1.000000 2.000000 2.236068
1.000000 7.615773 7.810250
1.000000 8.062258 8.246211
1.000000 3.000000 3.162278
1.000000 3.000000 3.162278
1.000000 7.071068 7.211103
1.000000 4.000000 4.123106
0.000000 -8.062258 inf
0.000000 -1.414214 7.000000
0.000000 -1.000000 3.000000
0.000000 -1.000000 2.000000
0.000000 -1.000000 1.414214
0.000000 -1.000000 1.000000
0.000000 -1.000000 1.000000
0.000000 -5.000000 -3.162278
0.000000 -3.162278 -1.414214
0.000000 -4.123106 -3.162278
0.000000 -2.828427 -2.236068
0.000000 -2.000000 -1.414214
0.000000 -4.123106 -3.605551
0.000000 -4.472136 -4.123106
0.000000 -3.162278 -2.828427
0.000000 -8.000000 -7.810250
0.000000 -3.162278 -3.000000
