1.000000 -2.262742 11.811858
1.000000 -1.131371 0.800000
1.000000 -0.800000 0.800000
1.000000 -0.800000 0.800000
1.000000 -0.800000 0.800000
1.000000 -0.800000 0.800000
1.000000 8.000000 8.944272
1.000000 5.059644 5.600000
1.000000 1.788854 2.262742
1.000000 1.788854 2.262742
1.000000 1.788854 2.262742
1.000000 0.800000 1.131371
1.000000 11.537764 11.811858
1.000000 8.000000 8.158431
1.000000 6.092618 6.248200
1.000000 8.504117 8.653323
1.000000 2.400000 2.529822
1.000000 11.113955 11.200000
1.000000 11.370136 11.454257
1.000000 5.600000 5.656854
0.000000 -5.824088 inf
0.000000 -5.656854 -2.400000
0.000000 -5.059644 -2.884441
0.000000 -0.800000 0.800000
0.000000 -4.000000 -2.884441
0.000000 -4.308132 -3.298485
0.000000 -1.600000 -0.800000
0.000000 -4.000000 -3.200000
0.000000 -4.000000 -3.200000
0.000000 -3.200000 -2.529822
0.000000 -5.122499 -4.525483
0.000000 -4.525483 -4.000000
0.000000 -4.525483 -4.079216
0.000000 -5.059644 -4.664762
0.000000 -1.131371 -0.800000
0.000000 -5.656854 -5.366563
0.000000 -3.577709 -3.298485
0.000000 -5.059644 -4.800000
0.000000 -4.308132 -4.079216
0.000000 -3.577709 -3.394113
0.000000 -3.577709 -3.394113
0.000000 -2.529822 -2.400000
0.000000 -3.298485 -3.200000
0.000000 -4.079216 -4.000000
0.000000 -4.079216 -4.000000
0.000000 -4.079216 -4.000000
0.000000 -4.079216 -4.000000
0.000000 -5.122499 -5.059644
