1.000000 3.000000 15.231546
1.000000 -1.414214 1.000000
1.000000 -1.000000 1.000000
1.000000 -1.000000 1.000000
1.000000 -1.000000 1.000000
1.000000 -1.000000 1.000000
1.000000 6.082763 7.615773
1.000000 1.000000 2.000000
1.000000 7.071068 7.810250
1.000000 11.401754 12.041595
1.000000 3.000000 3.605551
1.000000 7.211103 7.810250
1.000000 7.211103 7.810250
1.000000 1.414214 2.000000
1.000000 11.180340 11.661904
1.000000 7.615773 8.062258
1.000000 1.000000 1.414214
1.000000 1.000000 1.414214
1.000000 1.000000 1.414214
1.000000 1.000000 1.414214
1.000000 1.000000 1.414214
1.000000 1.000000 1.414214
1.000000 10.770330 11.180340
1.000000 11.661904 12.041595
1.000000 7.280110 7.615773
1.000000 11.401754 11.704700
1.000000 12.369317 12.649111
1.000000 8.246211 8.485281
1.000000 2.000000 2.236068
1.000000 2.000000 2.236068
1.000000 11.180340 11.401754
1.000000 14.142136 14.317821
1.000000 12.041595 12.206556
1.000000 3.000000 3.162278
1.000000 7.071068 7.211103
1.000000 4.123106 4.242641
1.000000 13.038405 13.152946
1.000000 9.000000 9.055385
0.000000 -3.605551 inf
0.000000 -3.162278 2.000000
0.000000 -2.000000 2.000000
0.000000 -2.000000 1.000000
0.000000 -1.414214 1.000000
0.000000 -1.414214 1.000000
0.000000 -1.414214 1.000000
0.000000 -1.414214 1.000000
0.000000 -1.414214 1.000000
0.000000 -1.000000 1.000000
0.000000 -1.000000 1.000000
0.000000 -1.000000 1.000000
0.000000 -1.000000 1.000000
0.000000 -1.000000 1.000000
0.000000 -1.000000 1.000000
0.000000 -1.000000 1.000000
0.000000 -1.000000 1.000000
0.000000 -3.000000 -1.000000
0.000000 -2.828427 -1.414214
0.000000 -2.236068 -1.000000
0.000000 -2.236068 -1.000000
0.000000 -2.000000 -1.000000
0.000000 -3.000000 -2.000000
0.000000 -1.414214 -1.000000
0.000000 -1.414214 -1.000000
0.000000 -1.414214 -1.000000
0.000000 -1.414214 -1.000000
0.000000 -1.414214 -1.000000
0.000000 -1.414214 -1.000000
0.000000 -1.414214 -1.000000
0.000000 -1.414214 -1.000000
0.000000 -1.414214 -1.000000
0.000000 -1.414214 -1.000000
0.000000 -1.414214 -1.000000
