1.000000 0.500000 6.082763
1.000000 -1.000000 2.500000
1.000000 -1.000000 1.000000
1.000000 -1.118034 0.500000
1.000000 -0.500000 1.000000
1.000000 -1.000000 0.500000
1.000000 -0.707107 0.707107
1.000000 -0.500000 0.707107
1.000000 -0.500000 0.707107
1.000000 -0.707107 0.500000
1.000000 -0.707107 0.500000
1.000000 1.000000 1.500000
1.000000 0.500000 1.000000
1.000000 0.500000 1.000000
1.000000 0.707107 1.000000
1.000000 0.707107 1.000000
1.000000 0.707107 1.000000
1.000000 2.236068 2.500000
1.000000 1.581139 1.802776
1.000000 0.500000 0.707107
1.000000 2.061553 2.236068
1.000000 2.061553 2.236068
1.000000 4.472136 4.609772
1.000000 3.041381 3.162278
1.000000 1.000000 1.118034
1.000000 4.609772 4.716991
1.000000 5.024938 5.099020
1.000000 2.000000 2.061553
1.000000 3.000000 3.041381
1.000000 4.716991 4.743416
1.000000 6.000000 6.020797
0.000000 -3.535534 inf
0.000000 -0.707107 2.000000
0.000000 -3.201562 -1.118034
0.000000 -2.500000 -1.118034
0.000000 -2.061553 -1.000000
0.000000 -0.500000 0.500000
0.000000 -1.802776 -1.000000
0.000000 -1.000000 -0.500000
0.000000 -1.581139 -1.118034
0.000000 -1.581139 -1.118034
0.000000 -1.581139 -1.118034
0.000000 -2.000000 -1.581139
0.000000 -1.500000 -1.118034
0.000000 -2.121320 -1.802776
0.000000 -2.121320 -1.802776
0.000000 -1.414214 -1.118034
0.000000 -1.414214 -1.118034
0.000000 -1.000000 -0.707107
0.000000 -1.000000 -0.707107
0.000000 -2.061553 -1.802776
0.000000 -0.707107 -0.500000
0.000000 -1.581139 -1.414214
0.000000 -2.828427 -2.692582
0.000000 -2.121320 -2.000000
0.000000 -1.118034 -1.000000
0.000000 -1.500000 -1.414214
0.000000 -1.581139 -1.500000
0.000000 -1.581139 -1.500000
0.000000 -1.581139 -1.500000
0.000000 -2.061553 -2.000000
0.000000 -2.061553 -2.000000
0.000000 -2.061553 -2.000000
