1.000000 1.000000 19.209373
1.000000 -1.000000 1.000000
1.000000 -1.000000 1.000000
1.000000 2.236068 3.605551
1.000000 2.236068 2.828427
1.000000 18.384776 18.867962
1.000000 3.162278 3.605551
1.000000 16.552945 16.970563
1.000000 18.788294 19.104973
1.000000 18.681542 18.973666
1.000000 2.000000 2.236068
1.000000 17.492856 17.720045
1.000000 18.384776 18.601075
1.000000 2.828427 3.000000
1.000000 3.000000 3.162278
1.000000 3.000000 3.162278
1.000000 3.000000 3.162278
1.000000 3.000000 3.162278
1.000000 18.248288 18.357560
1.000000 18.357560 18.439089
0.000000 -5.000000 inf
0.000000 -4.000000 -1.000000
0.000000 -1.000000 2.000000
0.000000 -1.000000 2.000000
0.000000 -1.000000 1.000000
0.000000 -1.000000 1.000000
0.000000 -1.000000 1.000000
0.000000 -1.000000 1.000000
0.000000 -4.472136 -3.000000
0.000000 -4.000000 -3.000000
0.000000 -2.000000 -1.000000
0.000000 -4.000000 -3.162278
0.000000 -2.828427 -2.000000
0.000000 -2.000000 -1.414214
0.000000 -2.000000 -1.414214
0.000000 -4.123106 -3.605551
0.000000 -3.605551 -3.162278
0.000000 -1.414214 -1.000000
0.000000 -1.414214 -1.000000
0.000000 -1.414214 -1.000000
0.000000 -1.414214 -1.000000
0.000000 -1.414214 -1.000000
0.000000 -1.414214 -1.000000
0.000000 -4.000000 -3.605551
0.000000 -4.000000 -3.605551
0.000000 -4.472136 -4.242641
