1.000000 2.500000 9.055385
1.000000 3.905125 6.020797
1.000000 -0.500000 1.000000
1.000000 4.000000 5.099020
1.000000 1.000000 2.061553
1.000000 -0.500000 0.500000
1.000000 1.414214 2.000000
1.000000 4.527693 5.099020
1.000000 4.609772 4.949747
1.000000 4.609772 4.924429
1.000000 4.716991 5.000000
1.000000 8.139410 8.381527
1.000000 4.924429 5.147815
1.000000 4.031129 4.242641
1.000000 4.031129 4.242641
1.000000 7.615773 7.826238
1.000000 0.500000 0.707107
1.000000 7.905694 8.077747
1.000000 5.220153 5.385165
1.000000 1.000000 1.118034
1.000000 1.000000 1.118034
1.000000 1.000000 1.118034
1.000000 5.590170 5.700877
1.000000 5.220153 5.315073
1.000000 5.500000 5.590170
1.000000 4.527693 4.609772
1.000000 7.382412 7.433034
1.000000 2.500000 2.549510
1.000000 4.272002 4.301163
1.000000 6.020797 6.041523
1.000000 8.500000 8.514693
1.000000 9.000000 9.013878
0.000000 -2.500000 inf
0.000000 -1.118034 2.500000
0.000000 -1.118034 1.500000
0.000000 -1.000000 1.500000
0.000000 -1.000000 1.000000
0.000000 -1.500000 0.500000
0.000000 -2.121320 -0.500000
0.000000 -0.500000 1.000000
0.000000 -0.707107 0.707107
0.000000 -0.500000 0.500000
0.000000 -1.500000 -0.707107
0.000000 -2.061553 -1.414214
0.000000 -1.000000 -0.500000
0.000000 -1.000000 -0.500000
0.000000 -1.000000 -0.500000
0.000000 -1.000000 -0.500000
0.000000 -2.000000 -1.581139
0.000000 -1.414214 -1.000000
0.000000 -1.118034 -0.707107
0.000000 -2.121320 -1.802776
0.000000 -1.414214 -1.118034
0.000000 -1.000000 -0.707107
0.000000 -1.000000 -0.707107
0.000000 -1.000000 -0.707107
0.000000 -1.000000 -0.707107
0.000000 -1.000000 -0.707107
0.000000 -1.000000 -0.707107
0.000000 -1.000000 -0.707107
0.000000 -1.000000 -0.707107
0.000000 -0.707107 -0.500000
0.000000 -0.707107 -0.500000
0.000000 -0.707107 -0.500000
0.000000 -0.707107 -0.500000
0.000000 -1.118034 -1.000000
0.000000 -1.118034 -1.000000
0.000000 -2.121320 -2.061553
