1.000000 -1.414214 0.500000
1.000000 0.500000 1.000000
1.000000 9.000000 9.486833
1.000000 0.707107 1.000000
1.000000 3.807887 4.031129
1.000000 8.732125 8.944272
1.000000 0.500000 0.707107
1.000000 0.500000 0.707107
1.000000 0.500000 0.707107
1.000000 0.500000 0.707107
1.000000 2.549510 2.692582
1.000000 3.905125 4.031129
1.000000 4.123106 4.242641
1.000000 4.031129 4.123106
1.000000 9.000000 9.055385
1.000000 9.000000 9.055385
1.000000 8.514693 8.558621
1.000000 4.500000 4.527693
0.000000 -4.031129 inf
0.000000 -1.414214 3.807887
0.000000 -1.000000 2.549510
0.000000 -0.707107 1.000000
0.000000 -1.118034 0.500000
0.000000 -1.000000 0.500000
0.000000 -0.707107 0.500000
0.000000 -0.707107 0.500000
0.000000 -3.162278 -2.061553
0.000000 -0.500000 0.500000
0.000000 -0.500000 0.500000
0.000000 -1.000000 -0.500000
0.000000 -1.000000 -0.500000
0.000000 -2.500000 -2.000000
0.000000 -1.414214 -1.000000
0.000000 -1.000000 -0.707107
0.000000 -2.500000 -2.236068
0.000000 -0.707107 -0.500000
0.000000 -0.707107 -0.500000
0.000000 -2.692582 -2.549510
0.000000 -1.118034 -1.000000
0.000000 -2.236068 -2.121320
0.000000 -2.236068 -2.121320
