1.000000 -1.000000 4.716991
1.000000 -1.000000 1.581139
1.000000 -1.414214 1.118034
1.000000 1.414214 3.535534
1.000000 -1.118034 0.707107
1.000000 -0.707107 1.000000
1.000000 3.041381 3.500000
1.000000 1.802776 2.121320
1.000000 1.802776 2.121320
1.000000 4.301163 4.609772
1.000000 1.500000 1.802776
1.000000 4.472136 4.716991
1.000000 1.581139 1.802776
1.000000 1.581139 1.802776
1.000000 4.031129 4.242641
1.000000 0.500000 0.707107
1.000000 0.500000 0.707107
1.000000 0.500000 0.707107
1.000000 0.500000 0.707107
1.000000 0.500000 0.707107
1.000000 0.500000 0.707107
1.000000 0.500000 0.707107
1.000000 3.605551 3.807887
1.000000 2.061553 2.236068
1.000000 4.472136 4.609772
1.000000 3.905125 4.031129
1.000000 2.915476 3.041381
1.000000 3.041381 3.162278
1.000000 3.041381 3.162278
1.000000 4.500000 4.609772
1.000000 4.609772 4.716991
1.000000 3.807887 3.905125
1.000000 2.000000 2.061553
1.000000 2.000000 2.061553
1.000000 2.000000 2.061553
1.000000 2.000000 2.061553
1.000000 2.061553 2.121320
1.000000 4.272002 4.301163
0.000000 -3.605551 inf
0.000000 -1.000000 1.500000
0.000000 -2.915476 -1.414214
0.000000 -2.500000 -1.118034
0.000000 -3.041381 -1.802776
0.000000 -2.500000 -1.414214
0.000000 -1.802776 -1.000000
0.000000 -1.802776 -1.118034
0.000000 -2.236068 -1.581139
0.000000 -1.581139 -1.118034
0.000000 -1.414214 -1.000000
0.000000 -2.121320 -1.802776
0.000000 -1.802776 -1.500000
0.000000 -1.802776 -1.500000
0.000000 -1.414214 -1.118034
0.000000 -1.414214 -1.118034
0.000000 -1.414214 -1.118034
0.000000 -1.414214 -1.118034
0.000000 -2.061553 -1.802776
0.000000 -2.061553 -1.802776
0.000000 -2.236068 -2.000000
0.000000 -1.802776 -1.581139
0.000000 -1.802776 -1.581139
0.000000 -2.000000 -1.802776
0.000000 -1.581139 -1.414214
0.000000 -1.581139 -1.414214
0.000000 -2.692582 -2.549510
0.000000 -1.118034 -1.000000
0.000000 -1.118034 -1.000000
0.000000 -1.500000 -1.414214
0.000000 -1.500000 -1.414214
0.000000 -1.500000 -1.414214
0.000000 -1.500000 -1.414214
0.000000 -3.000000 -2.915476
0.000000 -1.581139 -1.500000
0.000000 -1.581139 -1.500000
0.000000 -1.581139 -1.500000
0.000000 -1.581139 -1.500000
0.000000 -1.581139 -1.500000
0.000000 -1.581139 -1.500000
0.000000 -2.061553 -2.000000
