1.000000 12.000000 13.416408
1.000000 12.041595 13.416408
1.000000 12.649111 13.000000
1.000000 12.649111 13.000000
1.000000 10.440307 10.770330
1.000000 12.206556 12.529964
1.000000 12.206556 12.529964
1.000000 12.041595 12.206556
1.000000 12.041595 12.206556
1.000000 11.045361 11.180340
1.000000 10.000000 10.049876
1.000000 11.000000 11.045361
0.000000 -2.000000 inf
0.000000 -1.000000 9.219544
0.000000 -1.000000 9.219544
0.000000 -1.000000 9.000000
0.000000 -1.000000 3.000000
0.000000 -1.000000 2.000000
0.000000 -1.000000 1.414214
0.000000 -1.000000 1.000000
