1.000000 -2.000000 5.000000
1.000000 -2.828427 1.000000
1.000000 -1.414214 1.000000
1.000000 -1.000000 1.000000
1.000000 -1.000000 1.000000
1.000000 -1.000000 1.000000
1.000000 1.414214 3.162278
1.000000 1.414214 2.828427
1.000000 2.236068 3.162278
1.000000 1.414214 2.236068
1.000000 1.000000 1.414214
1.000000 1.000000 1.414214
1.000000 4.123106 4.472136
1.000000 8.602325 8.944272
1.000000 2.000000 2.236068
1.000000 2.000000 2.236068
1.000000 2.000000 2.236068
1.000000 2.000000 2.236068
1.000000 9.219544 9.433981
1.000000 8.062258 8.246211
1.000000 8.062258 8.246211
1.000000 3.000000 3.162278
1.000000 14.000000 14.035669
0.000000 -7.071068 inf
0.000000 -1.414214 7.615773
0.000000 -6.324555 -2.000000
0.000000 -5.830952 -3.000000
0.000000 -1.000000 1.000000
0.000000 -1.000000 1.000000
0.000000 -5.099020 -3.605551
0.000000 -3.162278 -2.000000
0.000000 -3.000000 -2.236068
0.000000 -2.828427 -2.236068
0.000000 -2.828427 -2.236068
0.000000 -2.828427 -2.236068
0.000000 -3.605551 -3.162278
0.000000 -1.414214 -1.000000
0.000000 -1.414214 -1.000000
0.000000 -2.236068 -2.000000
0.000000 -2.236068 -2.000000
0.000000 -4.472136 -4.242641
0.000000 -4.472136 -4.242641
0.000000 -3.162278 -3.000000
0.000000 -4.123106 -4.000000
