1.000000 -1.000000 1.581139
1.000000 -1.118034 0.500000
1.000000 -1.118034 0.500000
1.000000 -0.500000 0.500000
1.000000 1.118034 1.500000
1.000000 1.118034 1.414214
1.000000 0.500000 0.707107
0.000000 -4.031129 inf
0.000000 -2.236068 -1.414214
0.000000 -2.061553 -1.414214
0.000000 -2.061553 -1.500000
0.000000 -1.802776 -1.414214
0.000000 -2.061553 -1.802776
0.000000 -2.000000 -1.802776
0.000000 -3.905125 -3.807887
0.000000 -1.581139 -1.500000
0.000000 -1.581139 -1.500000
0.000000 -2.061553 -2.000000
0.000000 -3.535534 -3.500000
