1.000000 2.000000 7.632169
1.000000 -0.500000 1.118034
1.000000 0.500000 2.000000
1.000000 3.640055 5.000000
1.000000 1.581139 2.915476
1.000000 1.500000 2.061553
1.000000 5.590170 6.103278
1.000000 0.500000 1.000000
1.000000 2.061553 2.500000
1.000000 1.000000 1.414214
1.000000 0.707107 1.118034
1.000000 2.121320 2.500000
1.000000 3.041381 3.354102
1.000000 1.500000 1.802776
1.000000 1.118034 1.414214
1.000000 0.707107 1.000000
1.000000 0.707107 1.000000
1.000000 3.535534 3.807887
1.000000 2.236068 2.500000
1.000000 5.590170 5.830952
1.000000 1.581139 1.802776
1.000000 4.716991 4.924429
1.000000 3.640055 3.807887
1.000000 1.414214 1.581139
1.000000 5.700877 5.852350
1.000000 5.700877 5.852350
1.000000 3.041381 3.162278
1.000000 1.000000 1.118034
1.000000 1.000000 1.118034
1.000000 1.000000 1.118034
1.000000 1.000000 1.118034
1.000000 1.000000 1.118034
1.000000 2.121320 2.236068
1.000000 2.121320 2.236068
1.000000 2.121320 2.236068
1.000000 3.807887 3.905125
1.000000 4.031129 4.123106
1.000000 2.915476 3.000000
1.000000 2.915476 3.000000
1.000000 1.500000 1.581139
1.000000 1.500000 1.581139
1.000000 3.535534 3.605551
1.000000 6.020797 6.082763
1.000000 4.000000 4.031129
1.000000 4.924429 4.949747
1.000000 7.500000 7.516648
0.000000 -3.041381 inf
0.000000 -0.500000 1.581139
0.000000 -0.500000 1.500000
0.000000 -1.414214 0.500000
0.000000 -1.000000 0.500000
0.000000 -1.000000 0.500000
0.000000 -2.000000 -0.707107
0.000000 -0.707107 0.500000
0.000000 -0.707107 0.500000
0.000000 -2.000000 -1.118034
0.000000 -1.581139 -0.707107
0.000000 -2.061553 -1.414214
0.000000 -1.500000 -1.000000
0.000000 -1.000000 -0.500000
0.000000 -1.000000 -0.500000
0.000000 -1.500000 -1.000000
0.000000 -1.414214 -1.000000
0.000000 -1.118034 -0.707107
0.000000 -1.118034 -0.707107
0.000000 -1.118034 -0.707107
0.000000 -1.802776 -1.414214
0.000000 -1.000000 -0.707107
0.000000 -1.000000 -0.707107
0.000000 -1.000000 -0.707107
0.000000 -1.000000 -0.707107
0.000000 -1.000000 -0.707107
0.000000 -2.500000 -2.236068
0.000000 -0.707107 -0.500000
0.000000 -0.707107 -0.500000
0.000000 -0.707107 -0.500000
0.000000 -1.581139 -1.414214
0.000000 -1.118034 -1.000000
0.000000 -1.118034 -1.000000
0.000000 -1.118034 -1.000000
0.000000 -1.118034 -1.000000
0.000000 -1.118034 -1.000000
0.000000 -1.118034 -1.000000
0.000000 -2.915476 -2.828427
0.000000 -1.500000 -1.414214
0.000000 -1.581139 -1.500000
0.000000 -1.581139 -1.500000
0.000000 -2.061553 -2.000000
0.000000 -2.549510 -2.500000
