1.000000 -2.976744 5.953488
1.000000 -2.806501 1.984496
1.000000 -2.218734 0.992248
1.000000 -0.992248 1.984496
1.000000 -0.992248 1.984496
1.000000 -1.403251 0.992248
1.000000 -0.992248 0.992248
1.000000 -0.992248 0.992248
1.000000 -0.992248 0.992248
1.000000 -0.992248 0.992248
1.000000 -0.992248 0.992248
1.000000 -0.992248 0.992248
1.000000 -0.992248 0.992248
1.000000 -0.992248 0.992248
1.000000 -0.992248 0.992248
1.000000 -0.992248 0.992248
1.000000 0.992248 2.806501
1.000000 0.992248 1.984496
1.000000 2.218734 3.137764
1.000000 2.218734 2.806501
1.000000 1.403251 1.984496
1.000000 1.403251 1.984496
1.000000 1.403251 1.984496
1.000000 1.403251 1.984496
1.000000 0.992248 1.403251
1.000000 0.992248 1.403251
1.000000 5.059492 5.343419
1.000000 4.961240 5.059492
0.000000 -8.535641 inf
0.000000 -1.403251 1.984496
0.000000 -1.984496 0.992248
0.000000 -6.656202 -3.968992
0.000000 -0.992248 0.992248
0.000000 -4.091144 -2.218734
0.000000 -4.961240 -3.137764
0.000000 -5.343419 -3.577601
0.000000 -4.437468 -3.137764
0.000000 -4.091144 -2.976744
0.000000 -4.091144 -3.137764
0.000000 -3.577601 -2.806501
0.000000 -5.613003 -4.961240
0.000000 -4.209752 -3.577601
0.000000 -1.984496 -1.403251
0.000000 -1.984496 -1.403251
0.000000 -1.984496 -1.403251
0.000000 -4.437468 -3.968992
0.000000 -1.403251 -0.992248
0.000000 -1.403251 -0.992248
0.000000 -3.968992 -3.577601
0.000000 -3.137764 -2.806501
0.000000 -5.343419 -5.059492
0.000000 -2.218734 -1.984496
0.000000 -2.218734 -1.984496
0.000000 -4.437468 -4.209752
0.000000 -5.785751 -5.613003
0.000000 -3.137764 -2.976744
0.000000 -3.137764 -2.976744
0.000000 -4.091144 -3.968992
0.000000 -4.209752 -4.091144
