1.000000 0.500000 2.236068
1.000000 -1.000000 0.500000
1.000000 -1.000000 0.500000
1.000000 -0.500000 0.707107
1.000000 -0.707107 0.500000
1.000000 -0.500000 0.500000
1.000000 -0.500000 0.500000
1.000000 -0.500000 0.500000
1.000000 1.414214 2.000000
1.000000 1.500000 2.061553
1.000000 1.500000 2.000000
1.000000 1.500000 2.000000
1.000000 0.707107 1.118034
1.000000 1.118034 1.414214
1.000000 1.118034 1.414214
1.000000 2.236068 2.500000
1.000000 1.581139 1.802776
1.000000 0.500000 0.707107
1.000000 0.500000 0.707107
1.000000 0.500000 0.707107
1.000000 1.000000 1.118034
1.000000 1.000000 1.118034
1.000000 1.000000 1.118034
1.000000 1.000000 1.118034
1.000000 1.500000 1.581139
1.000000 1.500000 1.581139
1.000000 1.500000 1.581139
1.000000 1.500000 1.581139
1.000000 1.500000 1.581139
0.000000 -5.000000 inf
0.000000 -1.000000 1.000000
0.000000 -0.707107 1.118034
0.000000 -0.500000 1.118034
0.000000 -4.716991 -3.162278
0.000000 -2.000000 -1.000000
0.000000 -1.000000 -0.500000
0.000000 -3.354102 -2.915476
0.000000 -1.414214 -1.000000
0.000000 -1.414214 -1.118034
0.000000 -1.000000 -0.707107
0.000000 -1.000000 -0.707107
0.000000 -1.000000 -0.707107
0.000000 -5.000000 -4.716991
0.000000 -0.707107 -0.500000
0.000000 -4.472136 -4.272002
0.000000 -2.236068 -2.061553
0.000000 -3.000000 -2.828427
0.000000 -1.118034 -1.000000
0.000000 -4.123106 -4.031129
0.000000 -1.581139 -1.500000
0.000000 -4.743416 -4.716991
