1.000000 4.031129 6.519202
1.000000 5.315073 5.656854
1.000000 5.408327 5.656854
1.000000 5.656854 5.830952
1.000000 5.852350 6.020797
1.000000 5.590170 5.700877
1.000000 6.082763 6.184658
1.000000 2.500000 2.549510
0.000000 -1.581139 inf
0.000000 -1.000000 2.549510
0.000000 -1.000000 1.118034
0.000000 -1.414214 -0.500000
0.000000 -1.000000 -0.500000
0.000000 -1.000000 -0.500000
0.000000 -1.414214 -1.000000
0.000000 -1.118034 -0.707107
0.000000 -1.118034 -0.707107
0.000000 -1.414214 -1.118034
0.000000 -1.000000 -0.707107
0.000000 -0.707107 -0.500000
0.000000 -1.500000 -1.414214
