1.000000 2.000000 5.830952
1.000000 -1.414214 0.707107
1.000000 -1.118034 0.500000
1.000000 1.500000 2.915476
1.000000 4.716991 5.522681
1.000000 2.000000 2.500000
1.000000 2.236068 2.549510
1.000000 3.605551 3.905125
1.000000 1.118034 1.414214
1.000000 2.549510 2.828427
1.000000 3.535534 3.807887
1.000000 4.031129 4.272002
1.000000 3.807887 4.031129
1.000000 1.581139 1.802776
1.000000 4.500000 4.716991
1.000000 4.716991 4.924429
1.000000 0.500000 0.707107
1.000000 0.500000 0.707107
1.000000 4.272002 4.472136
1.000000 4.272002 4.472136
1.000000 5.522681 5.700877
1.000000 1.414214 1.581139
1.000000 1.414214 1.581139
1.000000 2.549510 2.692582
1.000000 4.609772 4.743416
1.000000 1.000000 1.118034
1.000000 1.000000 1.118034
1.000000 4.609772 4.716991
1.000000 1.414214 1.500000
1.000000 1.500000 1.581139
1.000000 1.500000 1.581139
1.000000 1.500000 1.581139
1.000000 5.024938 5.099020
1.000000 2.000000 2.061553
1.000000 2.000000 2.061553
1.000000 2.000000 2.061553
1.000000 2.061553 2.121320
1.000000 2.500000 2.549510
1.000000 3.000000 3.041381
1.000000 3.500000 3.535534
1.000000 3.500000 3.535534
1.000000 4.242641 4.272002
1.000000 4.500000 4.527693
1.000000 5.000000 5.024938
1.000000 5.000000 5.024938
1.000000 5.000000 5.024938
0.000000 -4.924429 inf
0.000000 -0.500000 2.500000
0.000000 -1.000000 1.414214
0.000000 -0.500000 1.500000
0.000000 -3.201562 -1.414214
0.000000 -0.707107 1.000000
0.000000 -1.118034 0.500000
0.000000 -1.000000 0.500000
0.000000 -0.500000 1.000000
0.000000 -3.500000 -2.121320
0.000000 -0.707107 0.500000
0.000000 -0.707107 0.500000
0.000000 -0.500000 0.500000
0.000000 -0.500000 0.500000
0.000000 -4.123106 -3.162278
0.000000 -1.000000 -0.500000
0.000000 -1.000000 -0.500000
0.000000 -2.549510 -2.061553
0.000000 -3.162278 -2.692582
0.000000 -1.802776 -1.414214
0.000000 -3.905125 -3.605551
0.000000 -1.000000 -0.707107
0.000000 -1.000000 -0.707107
0.000000 -2.000000 -1.802776
0.000000 -3.354102 -3.162278
0.000000 -3.041381 -2.915476
0.000000 -1.118034 -1.000000
0.000000 -2.236068 -2.121320
0.000000 -2.236068 -2.121320
0.000000 -1.581139 -1.500000
0.000000 -2.549510 -2.500000
