1.000000 2.400000 16.704490
1.000000 -0.800000 0.800000
1.000000 -0.800000 0.800000
1.000000 10.430724 12.000000
1.000000 15.283979 16.198765
1.000000 4.866210 5.656854
1.000000 11.313708 12.000000
1.000000 1.131371 1.788854
1.000000 15.283979 15.839192
1.000000 15.367498 15.879547
1.000000 15.367498 15.839192
1.000000 15.533190 16.000000
1.000000 11.313708 11.648176
1.000000 15.778466 16.099689
1.000000 15.533190 15.839192
1.000000 15.839192 16.099689
1.000000 10.430724 10.673331
1.000000 4.079216 4.308132
1.000000 16.198765 16.414628
1.000000 1.600000 1.788854
1.000000 2.400000 2.529822
1.000000 15.778466 15.839192
1.000000 7.200000 7.244308
0.000000 -7.589466 inf
0.000000 -4.866210 1.788854
0.000000 -1.131371 3.298485
0.000000 -4.664762 -1.788854
0.000000 -7.200000 -5.059644
0.000000 -4.000000 -2.262742
0.000000 -2.884441 -1.600000
0.000000 -2.884441 -1.600000
0.000000 -4.000000 -2.884441
0.000000 -4.000000 -3.200000
0.000000 -7.155418 -6.400000
0.000000 -7.155418 -6.449806
0.000000 -4.000000 -3.298485
0.000000 -4.000000 -3.298485
0.000000 -4.664762 -4.000000
0.000000 -1.788854 -1.131371
0.000000 -4.000000 -3.394113
0.000000 -2.262742 -1.788854
0.000000 -2.262742 -1.788854
0.000000 -4.000000 -3.577709
0.000000 -4.000000 -3.577709
0.000000 -1.131371 -0.800000
0.000000 -4.308132 -4.000000
0.000000 -2.529822 -2.262742
0.000000 -2.529822 -2.262742
0.000000 -4.308132 -4.079216
0.000000 -6.596969 -6.400000
0.000000 -1.788854 -1.600000
0.000000 -1.788854 -1.600000
0.000000 -3.577709 -3.394113
0.000000 -7.547185 -7.375636
0.000000 -2.400000 -2.262742
0.000000 -2.400000 -2.262742
0.000000 -4.079216 -4.000000
