1.000000 -0.500000 7.905694
1.000000 -1.414214 1.000000
1.000000 -1.802776 0.500000
1.000000 -1.118034 1.000000
1.000000 -0.500000 1.500000
1.000000 -0.707107 1.118034
1.000000 -0.500000 1.000000
1.000000 -0.707107 0.500000
1.000000 -0.707107 0.500000
1.000000 -0.500000 0.500000
1.000000 -0.500000 0.500000
1.000000 -0.500000 0.500000
1.000000 6.082763 7.017834
1.000000 1.000000 1.581139
1.000000 1.581139 2.061553
1.000000 1.118034 1.414214
1.000000 0.707107 1.000000
1.000000 0.707107 1.000000
1.000000 0.707107 1.000000
1.000000 0.707107 1.000000
1.000000 0.707107 1.000000
1.000000 0.707107 1.000000
1.000000 2.236068 2.500000
1.000000 1.802776 2.061553
1.000000 1.802776 2.061553
1.000000 6.082763 6.324555
1.000000 1.581139 1.802776
1.000000 1.581139 1.802776
1.000000 0.500000 0.707107
1.000000 0.500000 0.707107
1.000000 0.500000 0.707107
1.000000 0.500000 0.707107
1.000000 0.500000 0.707107
1.000000 5.700877 5.852350
1.000000 5.700877 5.852350
1.000000 5.700877 5.852350
1.000000 1.000000 1.118034
1.000000 1.000000 1.118034
1.000000 5.590170 5.700877
1.000000 5.590170 5.700877
1.000000 6.082763 6.184658
1.000000 1.414214 1.500000
1.000000 2.000000 2.061553
1.000000 2.000000 2.061553
1.000000 2.000000 2.061553
1.000000 2.000000 2.061553
1.000000 2.000000 2.061553
1.000000 6.519202 6.576473
1.000000 2.500000 2.549510
1.000000 6.082763 6.103278
1.000000 6.500000 6.519202
1.000000 6.500000 6.519202
1.000000 6.500000 6.519202
1.000000 6.500000 6.519202
0.000000 -5.315073 inf
0.000000 -0.500000 5.408327
0.000000 -1.581139 0.707107
0.000000 -3.605551 -2.000000
0.000000 -0.707107 0.500000
0.000000 -2.000000 -1.000000
0.000000 -0.500000 0.500000
0.000000 -2.000000 -1.000000
0.000000 -3.000000 -2.061553
0.000000 -1.414214 -0.500000
0.000000 -1.414214 -0.707107
0.000000 -2.692582 -2.000000
0.000000 -1.581139 -1.000000
0.000000 -1.581139 -1.000000
0.000000 -1.414214 -1.000000
0.000000 -1.118034 -0.707107
0.000000 -1.118034 -0.707107
0.000000 -2.828427 -2.500000
0.000000 -2.121320 -1.802776
0.000000 -1.000000 -0.707107
0.000000 -1.000000 -0.707107
0.000000 -1.000000 -0.707107
0.000000 -1.000000 -0.707107
0.000000 -2.500000 -2.236068
0.000000 -2.500000 -2.236068
0.000000 -2.500000 -2.236068
0.000000 -1.802776 -1.581139
0.000000 -0.707107 -0.500000
0.000000 -0.707107 -0.500000
0.000000 -3.807887 -3.605551
0.000000 -1.581139 -1.414214
0.000000 -1.581139 -1.414214
0.000000 -2.692582 -2.549510
0.000000 -2.828427 -2.692582
0.000000 -1.118034 -1.000000
0.000000 -1.118034 -1.000000
0.000000 -1.118034 -1.000000
0.000000 -1.500000 -1.414214
0.000000 -1.500000 -1.414214
0.000000 -1.500000 -1.414214
0.000000 -1.581139 -1.500000
0.000000 -2.061553 -2.000000
0.000000 -2.549510 -2.500000
