1.000000 -2.236068 1.000000
1.000000 -2.000000 1.000000
1.000000 -1.414214 1.000000
1.000000 -1.414214 1.000000
1.000000 4.123106 6.324555
1.000000 -1.000000 1.000000
1.000000 -1.000000 1.000000
1.000000 -1.000000 1.000000
1.000000 -1.000000 1.000000
1.000000 4.242641 5.000000
1.000000 4.472136 5.000000
1.000000 4.123106 4.472136
1.000000 6.000000 6.324555
1.000000 5.099020 5.385165
0.000000 -7.810250 inf
0.000000 -1.414214 1.000000
0.000000 -1.000000 1.000000
0.000000 -3.162278 -2.236068
0.000000 -3.000000 -2.236068
0.000000 -2.828427 -2.236068
0.000000 -1.414214 -1.000000
0.000000 -1.414214 -1.000000
0.000000 -1.414214 -1.000000
0.000000 -1.414214 -1.000000
0.000000 -3.162278 -3.000000
0.000000 -7.071068 -7.000000
