1.000000 -1.000000 0.707107
1.000000 -0.500000 0.500000
1.000000 -0.500000 0.500000
1.000000 -0.500000 0.500000
1.000000 -0.500000 0.500000
1.000000 0.500000 1.000000
1.000000 1.414214 1.802776
1.000000 4.272002 4.609772
1.000000 1.118034 1.414214
1.000000 4.472136 4.743416
1.000000 1.581139 1.802776
1.000000 0.500000 0.707107
1.000000 4.272002 4.472136
1.000000 4.301163 4.472136
1.000000 4.500000 4.609772
1.000000 1.500000 1.581139
1.000000 2.000000 2.061553
1.000000 2.000000 2.061553
1.000000 2.061553 2.121320
1.000000 2.500000 2.549510
0.000000 -3.162278 inf
0.000000 -0.707107 3.041381
0.000000 -1.118034 1.500000
0.000000 -1.118034 1.000000
0.000000 -0.500000 1.118034
0.000000 -0.500000 1.000000
0.000000 -1.000000 0.500000
0.000000 -0.500000 0.707107
0.000000 -3.000000 -2.121320
0.000000 -2.828427 -2.000000
0.000000 -1.414214 -1.118034
0.000000 -2.500000 -2.236068
0.000000 -0.707107 -0.500000
0.000000 -2.236068 -2.121320
