1.000000 0.500000 6.519202
1.000000 -1.414214 1.414214
1.000000 -1.581139 0.500000
1.000000 -1.581139 0.500000
1.000000 -0.707107 1.000000
1.000000 1.000000 1.581139
1.000000 0.500000 1.000000
1.000000 0.500000 1.000000
1.000000 1.118034 1.414214
1.000000 1.118034 1.414214
1.000000 0.707107 1.000000
1.000000 2.236068 2.500000
1.000000 3.640055 3.807887
1.000000 1.414214 1.581139
1.000000 2.549510 2.692582
1.000000 3.905125 4.031129
1.000000 4.123106 4.242641
1.000000 1.000000 1.118034
1.000000 2.121320 2.236068
1.000000 3.500000 3.605551
1.000000 3.500000 3.535534
1.000000 4.500000 4.527693
0.000000 -3.535534 inf
0.000000 -2.549510 -1.000000
0.000000 -3.201562 -2.121320
0.000000 -2.061553 -1.118034
0.000000 -1.802776 -1.118034
0.000000 -2.915476 -2.236068
0.000000 -1.581139 -1.000000
0.000000 -1.581139 -1.118034
0.000000 -2.500000 -2.061553
0.000000 -2.549510 -2.121320
0.000000 -1.500000 -1.118034
0.000000 -1.802776 -1.500000
0.000000 -1.414214 -1.118034
0.000000 -2.500000 -2.236068
0.000000 -2.061553 -1.802776
0.000000 -2.915476 -2.692582
0.000000 -0.707107 -0.500000
0.000000 -0.707107 -0.500000
0.000000 -0.707107 -0.500000
0.000000 -2.000000 -1.802776
0.000000 -3.354102 -3.162278
0.000000 -1.118034 -1.000000
0.000000 -1.118034 -1.000000
0.000000 -2.236068 -2.121320
0.000000 -2.915476 -2.828427
0.000000 -3.000000 -2.915476
0.000000 -1.581139 -1.500000
