1.000000 -3.162278 1.000000
1.000000 -1.000000 2.828427
1.000000 -2.000000 1.000000
1.000000 -1.000000 2.000000
1.000000 1.414214 2.000000
1.000000 1.414214 2.000000
1.000000 1.414214 2.000000
1.000000 1.000000 1.414214
1.000000 1.000000 1.414214
1.000000 2.000000 2.236068
1.000000 2.000000 2.236068
1.000000 2.000000 2.236068
1.000000 2.000000 2.236068
1.000000 4.123106 4.242641
1.000000 11.313708 11.401754
0.000000 -12.041595 inf
0.000000 -3.162278 1.414214
0.000000 -6.000000 -2.828427
0.000000 -1.414214 1.000000
0.000000 -4.123106 -2.236068
0.000000 -6.708204 -6.000000
0.000000 -2.000000 -1.414214
0.000000 -1.414214 -1.000000
0.000000 -1.414214 -1.000000
0.000000 -5.385165 -5.000000
0.000000 -4.472136 -4.123106
0.000000 -3.162278 -2.828427
0.000000 -6.708204 -6.403124
