1.000000 1.414214 10.198039
1.000000 -1.414214 2.000000
1.000000 -1.000000 1.414214
1.000000 -1.000000 1.000000
1.000000 -1.000000 1.000000
1.000000 4.472136 6.082763
1.000000 6.082763 7.615773
1.000000 1.000000 2.000000
1.000000 1.414214 2.236068
1.000000 2.236068 2.828427
1.000000 2.236068 2.828427
1.000000 1.000000 1.414214
1.000000 1.000000 1.414214
1.000000 1.000000 1.414214
1.000000 6.708204 7.071068
1.000000 2.000000 2.236068
1.000000 3.000000 3.162278
1.000000 3.000000 3.162278
1.000000 3.000000 3.162278
1.000000 4.000000 4.123106
1.000000 5.000000 5.099020
1.000000 5.000000 5.099020
1.000000 9.000000 9.055385
1.000000 9.848858 9.899495
0.000000 -4.242641 inf
0.000000 -3.000000 3.000000
0.000000 -4.123106 1.000000
0.000000 -1.414214 3.000000
0.000000 -1.000000 1.414214
0.000000 -1.000000 1.000000
0.000000 -1.000000 1.000000
0.000000 -1.000000 1.000000
0.000000 -3.162278 -1.414214
0.000000 -3.605551 -2.000000
0.000000 -3.162278 -2.000000
0.000000 -3.000000 -2.000000
0.000000 -3.000000 -2.000000
0.000000 -3.162278 -2.236068
0.000000 -2.828427 -2.000000
0.000000 -2.828427 -2.000000
0.000000 -2.828427 -2.000000
0.000000 -2.828427 -2.236068
0.000000 -2.828427 -2.236068
0.000000 -3.162278 -2.828427
0.000000 -3.162278 -2.828427
0.000000 -2.236068 -2.000000
0.000000 -2.236068 -2.000000
0.000000 -2.236068 -2.000000
0.000000 -2.236068 -2.000000
