1.000000 -1.000000 3.162278
1.000000 -0.707107 1.802776
1.000000 -1.000000 0.500000
1.000000 -1.000000 0.500000
1.000000 -1.000000 0.500000
1.000000 -0.500000 1.000000
1.000000 1.000000 2.500000
1.000000 -0.707107 0.707107
1.000000 -0.707107 0.500000
1.000000 1.118034 2.236068
1.000000 -0.500000 0.500000
1.000000 0.707107 1.414214
1.000000 0.500000 1.000000
1.000000 1.118034 1.581139
1.000000 1.000000 1.414214
1.000000 0.707107 1.118034
1.000000 2.828427 3.162278
1.000000 1.118034 1.414214
1.000000 1.118034 1.414214
1.000000 1.118034 1.414214
1.000000 0.707107 1.000000
1.000000 25.124689 25.243811
1.000000 25.124689 25.243811
1.000000 1.000000 1.118034
1.000000 1.000000 1.118034
1.000000 1.000000 1.118034
1.000000 1.000000 1.118034
1.000000 1.000000 1.118034
1.000000 1.000000 1.118034
1.000000 1.000000 1.118034
1.000000 1.000000 1.118034
1.000000 25.894015 25.985573
1.000000 2.828427 2.915476
1.000000 26.172505 26.234519
1.000000 2.000000 2.061553
1.000000 2.000000 2.061553
1.000000 2.500000 2.549510
1.000000 26.542419 26.575365
1.000000 25.500000 25.519600
1.000000 25.500000 25.519600
1.000000 27.000000 27.004629
0.000000 -4.242641 inf
0.000000 -0.500000 25.005000
0.000000 -0.500000 2.500000
0.000000 -0.707107 1.000000
0.000000 -0.500000 1.118034
0.000000 -2.500000 -1.000000
0.000000 -2.500000 -1.118034
0.000000 -2.236068 -1.000000
0.000000 -0.707107 0.500000
0.000000 -0.707107 0.500000
0.000000 -0.500000 0.500000
0.000000 -2.236068 -1.500000
0.000000 -2.061553 -1.581139
0.000000 -1.581139 -1.118034
0.000000 -1.802776 -1.414214
0.000000 -1.500000 -1.118034
0.000000 -1.414214 -1.118034
0.000000 -2.236068 -2.000000
0.000000 -1.802776 -1.581139
0.000000 -0.707107 -0.500000
0.000000 -3.807887 -3.640055
0.000000 -2.236068 -2.121320
0.000000 -1.500000 -1.414214
0.000000 -1.581139 -1.500000
0.000000 -1.581139 -1.500000
0.000000 -2.061553 -2.000000
0.000000 -2.061553 -2.000000
