1.000000 2.000000 9.055385
1.000000 2.236068 8.544004
1.000000 7.000000 8.000000
1.000000 1.414214 2.000000
1.000000 1.000000 1.414214
1.000000 7.211103 7.615773
1.000000 7.280110 7.615773
1.000000 8.246211 8.544004
1.000000 8.246211 8.544004
1.000000 7.810250 8.062258
1.000000 2.000000 2.236068
1.000000 2.000000 2.236068
1.000000 2.000000 2.236068
1.000000 7.071068 7.280110
1.000000 7.615773 7.810250
1.000000 7.071068 7.211103
1.000000 6.000000 6.082763
0.000000 -2.828427 inf
0.000000 -2.236068 1.414214
0.000000 -2.000000 1.000000
0.000000 -1.000000 2.000000
0.000000 -2.000000 1.000000
0.000000 -1.414214 1.000000
0.000000 -1.000000 1.414214
0.000000 -1.414214 1.000000
0.000000 -1.000000 1.000000
0.000000 -1.000000 1.000000
0.000000 -2.236068 -1.000000
0.000000 -2.236068 -1.000000
0.000000 -2.000000 -1.000000
0.000000 -2.000000 -1.000000
0.000000 -2.000000 -1.414214
0.000000 -1.414214 -1.000000
0.000000 -1.414214 -1.000000
0.000000 -1.414214 -1.000000
0.000000 -1.414214 -1.000000
0.000000 -1.414214 -1.000000
0.000000 -1.414214 -1.000000
0.000000 -1.414214 -1.000000
0.000000 -2.236068 -2.000000
