1.000000 -2.000000 2.000000
1.000000 -1.414214 2.236068
1.000000 -1.414214 2.000000
1.000000 -1.414214 1.000000
1.000000 -1.414214 1.000000
1.000000 -1.000000 1.414214
1.000000 -1.000000 1.000000
1.000000 -1.000000 1.000000
1.000000 -1.000000 1.000000
1.000000 -1.000000 1.000000
1.000000 -1.000000 1.000000
1.000000 -1.000000 1.000000
1.000000 -1.000000 1.000000
1.000000 2.000000 3.162278
1.000000 5.385165 6.082763
1.000000 3.000000 3.605551
1.000000 2.236068 2.828427
1.000000 6.708204 7.211103
1.000000 3.162278 3.605551
1.000000 3.162278 3.605551
1.000000 3.162278 3.605551
1.000000 1.000000 1.414214
1.000000 1.000000 1.414214
1.000000 1.000000 1.414214
1.000000 1.000000 1.414214
1.000000 6.708204 7.071068
1.000000 11.704700 12.041595
1.000000 7.071068 7.280110
1.000000 12.165525 12.369317
1.000000 5.000000 5.099020
1.000000 5.000000 5.099020
1.000000 6.000000 6.082763
1.000000 13.000000 13.038405
0.000000 -6.708204 inf
0.000000 -1.000000 6.000000
0.000000 -2.000000 4.472136
0.000000 -1.000000 3.000000
0.000000 -1.000000 2.828427
0.000000 -1.414214 2.000000
0.000000 -1.000000 2.000000
0.000000 -1.000000 1.414214
0.000000 -1.000000 1.000000
0.000000 -1.000000 1.000000
0.000000 -5.099020 -3.605551
0.000000 -2.828427 -2.236068
0.000000 -2.000000 -1.414214
0.000000 -2.000000 -1.414214
0.000000 -6.403124 -5.830952
0.000000 -4.123106 -3.605551
0.000000 -1.414214 -1.000000
0.000000 -4.000000 -3.605551
0.000000 -3.162278 -2.828427
0.000000 -6.708204 -6.403124
0.000000 -6.324555 -6.082763
0.000000 -4.472136 -4.242641
0.000000 -3.000000 -2.828427
0.000000 -4.242641 -4.123106
0.000000 -6.082763 -6.000000
