1.000000 6.324555 12.806248
1.000000 -1.000000 1.000000
1.000000 -1.000000 1.000000
1.000000 -1.000000 1.000000
1.000000 -1.000000 1.000000
1.000000 -1.000000 1.000000
1.000000 -1.000000 1.000000
1.000000 8.544004 10.049876
1.000000 6.324555 7.810250
1.000000 2.828427 4.000000
1.000000 10.000000 11.000000
1.000000 6.324555 7.000000
1.000000 5.830952 6.403124
1.000000 5.830952 6.403124
1.000000 10.295630 10.816654
1.000000 6.708204 7.211103
1.000000 3.162278 3.605551
1.000000 3.162278 3.605551
1.000000 3.162278 3.605551
1.000000 1.000000 1.414214
1.000000 1.000000 1.414214
1.000000 8.544004 8.944272
1.000000 8.544004 8.944272
1.000000 6.324555 6.708204
1.000000 6.708204 7.071068
1.000000 10.440307 10.770330
1.000000 6.000000 6.324555
1.000000 2.000000 2.236068
1.000000 7.071068 7.280110
1.000000 7.071068 7.280110
1.000000 10.630146 10.816654
1.000000 2.828427 3.000000
1.000000 9.055385 9.219544
1.000000 11.180340 11.313708
1.000000 4.000000 4.123106
1.000000 4.000000 4.123106
1.000000 5.000000 5.099020
1.000000 6.000000 6.082763
1.000000 7.000000 7.071068
1.000000 7.000000 7.071068
1.000000 8.000000 8.062258
1.000000 12.000000 12.041595
0.000000 -4.242641 inf
0.000000 -2.000000 5.656854
0.000000 -2.828427 3.605551
0.000000 -1.000000 3.162278
0.000000 -3.000000 1.000000
0.000000 -1.000000 3.000000
0.000000 -2.236068 1.000000
0.000000 -1.000000 2.000000
0.000000 -1.000000 2.000000
0.000000 -1.000000 2.000000
0.000000 -1.000000 2.000000
0.000000 -1.414214 1.414214
0.000000 -1.414214 1.000000
0.000000 -1.000000 1.000000
0.000000 -1.000000 1.000000
0.000000 -1.000000 1.000000
0.000000 -4.123106 -2.828427
0.000000 -2.236068 -1.000000
0.000000 -2.236068 -1.000000
0.000000 -2.000000 -1.000000
0.000000 -2.000000 -1.000000
0.000000 -2.000000 -1.414214
0.000000 -2.000000 -1.414214
0.000000 -1.414214 -1.000000
0.000000 -1.414214 -1.000000
0.000000 -1.414214 -1.000000
0.000000 -1.414214 -1.000000
0.000000 -4.000000 -3.605551
0.000000 -2.236068 -2.000000
0.000000 -3.000000 -2.828427
