1.000000 1.118034 3.162278
1.000000 5.500000 7.382412
1.000000 -0.500000 1.118034
1.000000 -0.500000 1.000000
1.000000 -0.707107 0.707107
1.000000 2.500000 3.605551
1.000000 0.500000 1.000000
1.000000 2.061553 2.500000
1.000000 2.121320 2.549510
1.000000 1.000000 1.414214
1.000000 3.905125 4.242641
1.000000 6.403124 6.726812
1.000000 1.802776 2.121320
1.000000 0.707107 1.000000
1.000000 2.236068 2.500000
1.000000 2.236068 2.500000
1.000000 6.519202 6.726812
1.000000 0.500000 0.707107
1.000000 0.500000 0.707107
1.000000 1.802776 2.000000
1.000000 2.061553 2.236068
1.000000 6.800735 6.964194
1.000000 2.549510 2.692582
1.000000 2.549510 2.692582
1.000000 3.905125 4.031129
1.000000 4.123106 4.242641
1.000000 1.000000 1.118034
1.000000 1.000000 1.118034
1.000000 1.000000 1.118034
1.000000 1.000000 1.118034
1.000000 1.000000 1.118034
1.000000 2.121320 2.236068
1.000000 1.500000 1.581139
1.000000 5.522681 5.590170
1.000000 2.061553 2.121320
1.000000 7.158911 7.211103
1.000000 4.000000 4.031129
1.000000 4.500000 4.527693
1.000000 6.708204 6.726812
0.000000 -3.535534 inf
0.000000 -2.500000 0.500000
0.000000 -1.000000 1.118034
0.000000 -1.581139 0.500000
0.000000 -1.000000 0.707107
0.000000 -0.500000 0.707107
0.000000 -1.581139 -0.500000
0.000000 -1.500000 -0.500000
0.000000 -0.500000 0.500000
0.000000 -0.500000 0.500000
0.000000 -2.000000 -1.118034
0.000000 -1.500000 -0.707107
0.000000 -1.000000 -0.500000
0.000000 -1.000000 -0.500000
0.000000 -1.414214 -1.000000
0.000000 -1.118034 -0.707107
0.000000 -1.500000 -1.118034
0.000000 -1.000000 -0.707107
0.000000 -1.000000 -0.707107
0.000000 -1.000000 -0.707107
0.000000 -1.000000 -0.707107
0.000000 -1.000000 -0.707107
0.000000 -0.707107 -0.500000
0.000000 -0.707107 -0.500000
0.000000 -0.707107 -0.500000
0.000000 -0.707107 -0.500000
0.000000 -0.707107 -0.500000
0.000000 -1.581139 -1.414214
0.000000 -3.162278 -3.041381
0.000000 -1.118034 -1.000000
0.000000 -1.118034 -1.000000
0.000000 -1.118034 -1.000000
0.000000 -1.581139 -1.500000
0.000000 -1.581139 -1.500000
