1.000000 -1.000000 7.071068
1.000000 -2.000000 1.000000
1.000000 -2.000000 1.000000
1.000000 -1.000000 1.414214
1.000000 -1.414214 1.000000
1.000000 -1.000000 1.000000
1.000000 -1.000000 1.000000
1.000000 5.000000 6.082763
1.000000 5.000000 5.656854
1.000000 5.385165 5.830952
1.000000 5.385165 5.830952
1.000000 1.000000 1.414214
1.000000 4.123106 4.472136
1.000000 6.000000 6.324555
1.000000 6.000000 6.324555
1.000000 6.708204 7.000000
1.000000 5.000000 5.099020
1.000000 5.000000 5.099020
0.000000 -8.062258 inf
0.000000 -3.162278 -1.414214
0.000000 -3.000000 -1.414214
0.000000 -5.385165 -4.123106
0.000000 -2.236068 -1.000000
0.000000 -3.000000 -2.000000
0.000000 -2.828427 -2.000000
0.000000 -2.236068 -1.414214
0.000000 -2.828427 -2.236068
0.000000 -2.828427 -2.236068
0.000000 -2.828427 -2.236068
0.000000 -5.385165 -5.000000
0.000000 -5.099020 -5.000000
0.000000 -5.099020 -5.000000
0.000000 -6.082763 -6.000000
