1.000000 -1.118034 1.802776
1.000000 -1.500000 0.500000
1.000000 -1.000000 0.500000
1.000000 -0.500000 0.500000
1.000000 0.500000 1.500000
1.000000 1.118034 1.414214
1.000000 2.692582 2.915476
1.000000 2.692582 2.915476
1.000000 2.692582 2.915476
1.000000 0.500000 0.707107
1.000000 0.500000 0.707107
1.000000 1.414214 1.581139
1.000000 2.915476 3.041381
1.000000 1.000000 1.118034
1.000000 1.500000 1.581139
1.000000 3.162278 3.201562
0.000000 -4.000000 inf
0.000000 -1.000000 2.500000
0.000000 -3.807887 -1.581139
0.000000 -3.354102 -1.802776
0.000000 -0.500000 0.500000
0.000000 -0.500000 0.500000
0.000000 -1.000000 -0.500000
0.000000 -2.236068 -1.802776
0.000000 -0.707107 -0.500000
0.000000 -3.354102 -3.201562
0.000000 -1.118034 -1.000000
0.000000 -2.061553 -2.000000
0.000000 -3.535534 -3.500000
