1.000000 2.000000 14.080128
1.000000 0.500000 2.549510
1.000000 -0.707107 1.000000
1.000000 -0.500000 0.707107
1.000000 -0.707107 0.500000
1.000000 -0.707107 0.500000
1.000000 0.500000 1.414214
1.000000 1.000000 1.414214
1.000000 1.118034 1.414214
1.000000 1.118034 1.414214
1.000000 0.707107 1.000000
1.000000 0.500000 0.707107
1.000000 2.500000 2.692582
1.000000 6.324555 6.500000
1.000000 1.000000 1.118034
1.000000 1.000000 1.118034
1.000000 1.000000 1.118034
1.000000 4.527693 4.609772
1.000000 4.242641 4.301163
1.000000 6.670832 6.708204
0.000000 -2.549510 inf
0.000000 -1.581139 2.000000
0.000000 -0.500000 1.802776
0.000000 -2.236068 -0.500000
0.000000 -0.707107 1.000000
0.000000 -1.000000 0.500000
0.000000 -1.000000 0.500000
0.000000 -1.000000 0.500000
0.000000 -0.707107 0.500000
0.000000 -0.707107 0.500000
0.000000 -0.500000 0.500000
0.000000 -0.500000 0.500000
0.000000 -1.581139 -0.707107
0.000000 -1.802776 -1.000000
0.000000 -1.414214 -0.707107
0.000000 -1.118034 -0.500000
0.000000 -1.581139 -1.000000
0.000000 -1.000000 -0.500000
0.000000 -1.118034 -0.707107
0.000000 -1.414214 -1.118034
0.000000 -1.414214 -1.118034
0.000000 -1.414214 -1.118034
0.000000 -1.000000 -0.707107
0.000000 -1.000000 -0.707107
0.000000 -1.000000 -0.707107
0.000000 -1.000000 -0.707107
0.000000 -1.000000 -0.707107
0.000000 -1.000000 -0.707107
0.000000 -1.000000 -0.707107
0.000000 -0.707107 -0.500000
0.000000 -1.581139 -1.414214
0.000000 -1.581139 -1.414214
0.000000 -1.118034 -1.000000
0.000000 -1.118034 -1.000000
0.000000 -1.500000 -1.414214
0.000000 -1.500000 -1.414214
0.000000 -1.581139 -1.500000
0.000000 -1.581139 -1.500000
