1.000000 -1.000000 16.007811
1.000000 0.500000 1.118034
1.000000 0.500000 1.000000
1.000000 0.707107 1.000000
1.000000 0.500000 0.707107
1.000000 0.500000 0.707107
1.000000 0.500000 0.707107
1.000000 0.500000 0.707107
1.000000 0.500000 0.707107
1.000000 1.000000 1.118034
1.000000 1.000000 1.118034
1.000000 15.700318 15.811388
1.000000 11.672618 11.768602
1.000000 2.500000 2.549510
1.000000 12.020815 12.041595
0.000000 -3.354102 inf
0.000000 -2.692582 -1.118034
0.000000 -1.000000 0.500000
0.000000 -0.500000 0.500000
0.000000 -0.500000 0.500000
0.000000 -0.500000 0.500000
0.000000 -2.236068 -1.414214
0.000000 -2.236068 -1.500000
0.000000 -2.121320 -1.500000
0.000000 -1.000000 -0.500000
0.000000 -1.000000 -0.500000
0.000000 -1.000000 -0.500000
0.000000 -1.500000 -1.000000
0.000000 -1.802776 -1.414214
0.000000 -1.500000 -1.118034
0.000000 -2.121320 -1.802776
0.000000 -2.121320 -1.802776
0.000000 -1.802776 -1.500000
0.000000 -1.802776 -1.500000
0.000000 -1.414214 -1.118034
0.000000 -1.414214 -1.118034
0.000000 -1.000000 -0.707107
0.000000 -2.061553 -1.802776
0.000000 -1.802776 -1.581139
0.000000 -1.802776 -1.581139
0.000000 -1.802776 -1.581139
0.000000 -1.802776 -1.581139
0.000000 -1.802776 -1.581139
0.000000 -0.707107 -0.500000
0.000000 -0.707107 -0.500000
0.000000 -0.707107 -0.500000
0.000000 -0.707107 -0.500000
0.000000 -0.707107 -0.500000
0.000000 -2.000000 -1.802776
0.000000 -1.581139 -1.414214
0.000000 -1.581139 -1.414214
0.000000 -1.500000 -1.414214
0.000000 -1.500000 -1.414214
0.000000 -1.500000 -1.414214
0.000000 -1.581139 -1.500000
0.000000 -1.581139 -1.500000
0.000000 -1.581139 -1.500000
0.000000 -1.581139 -1.500000
0.000000 -1.581139 -1.500000
0.000000 -2.061553 -2.000000
0.000000 -2.121320 -2.061553
0.000000 -2.121320 -2.061553
0.000000 -2.549510 -2.500000
0.000000 -2.549510 -2.500000
