1.000000 9.000000 12.369317
1.000000 -1.000000 1.414214
1.000000 -1.000000 1.000000
1.000000 14.212670 14.866069
1.000000 7.211103 7.810250
1.000000 14.422205 14.866069
1.000000 1.000000 1.414214
1.000000 1.000000 1.414214
1.000000 10.049876 10.440307
1.000000 10.816654 11.180340
1.000000 18.867962 19.209373
1.000000 2.000000 2.236068
1.000000 2.000000 2.236068
1.000000 14.764823 15.000000
1.000000 14.212670 14.422205
1.000000 7.615773 7.810250
1.000000 19.235384 19.416488
1.000000 22.203603 22.360680
1.000000 11.313708 11.401754
1.000000 7.000000 7.071068
1.000000 7.000000 7.071068
1.000000 9.000000 9.055385
1.000000 21.540659 21.587033
1.000000 15.231546 15.264338
1.000000 19.697716 19.723083
0.000000 -3.605551 inf
0.000000 -2.828427 10.049876
0.000000 -1.000000 7.000000
0.000000 -1.414214 6.082763
0.000000 -1.414214 1.000000
0.000000 -1.414214 1.000000
0.000000 -1.000000 1.000000
0.000000 -1.000000 1.000000
0.000000 -1.000000 1.000000
0.000000 -1.000000 1.000000
0.000000 -2.828427 -2.236068
0.000000 -2.828427 -2.236068
0.000000 -2.000000 -1.414214
0.000000 -1.414214 -1.000000
0.000000 -3.162278 -2.828427
