1.000000 3.000000 15.811388
1.000000 0.500000 1.000000
1.000000 0.500000 1.000000
1.000000 0.500000 1.000000
1.000000 0.500000 1.000000
1.000000 0.707107 1.118034
1.000000 0.707107 1.118034
1.000000 1.414214 1.802776
1.000000 1.802776 2.121320
1.000000 1.118034 1.414214
1.000000 1.118034 1.414214
1.000000 0.707107 1.000000
1.000000 0.707107 1.000000
1.000000 0.707107 1.000000
1.000000 2.236068 2.500000
1.000000 3.807887 4.031129
1.000000 1.581139 1.802776
1.000000 1.581139 1.802776
1.000000 6.726812 6.946222
1.000000 0.500000 0.707107
1.000000 0.500000 0.707107
1.000000 0.500000 0.707107
1.000000 0.500000 0.707107
1.000000 2.500000 2.692582
1.000000 2.061553 2.236068
1.000000 2.061553 2.236068
1.000000 3.000000 3.162278
1.000000 2.000000 2.121320
1.000000 7.158911 7.280110
1.000000 1.000000 1.118034
1.000000 1.000000 1.118034
1.000000 1.000000 1.118034
1.000000 1.000000 1.118034
1.000000 1.000000 1.118034
1.000000 1.000000 1.118034
1.000000 5.590170 5.700877
1.000000 6.964194 7.071068
1.000000 7.280110 7.382412
1.000000 4.031129 4.123106
1.000000 2.915476 3.000000
1.000000 7.566373 7.648529
1.000000 4.527693 4.609772
1.000000 1.500000 1.581139
1.000000 15.620499 15.700318
1.000000 14.577380 14.637281
1.000000 7.382412 7.433034
1.000000 2.500000 2.549510
1.000000 2.500000 2.549510
1.000000 15.572412 15.620499
1.000000 3.162278 3.201562
1.000000 3.500000 3.535534
1.000000 4.500000 4.527693
1.000000 15.008331 15.033296
1.000000 6.000000 6.020797
1.000000 6.500000 6.519202
1.000000 14.300350 14.317821
1.000000 8.000000 8.015610
1.000000 8.500000 8.514693
0.000000 -1.581139 inf
0.000000 -1.581139 2.061553
0.000000 -1.414214 1.802776
0.000000 -0.500000 2.549510
0.000000 -1.118034 1.581139
0.000000 -1.414214 1.118034
0.000000 -1.118034 1.000000
0.000000 -1.414214 0.500000
0.000000 -0.707107 1.000000
0.000000 -0.500000 1.118034
0.000000 -1.118034 0.500000
0.000000 -1.118034 0.500000
0.000000 -1.118034 0.500000
0.000000 -0.500000 1.000000
0.000000 -1.000000 0.500000
0.000000 -1.000000 0.500000
0.000000 -1.000000 0.500000
0.000000 -1.000000 0.500000
0.000000 -1.000000 0.500000
0.000000 -0.500000 1.000000
0.000000 -0.707107 0.707107
0.000000 -0.707107 0.707107
0.000000 -0.707107 0.707107
0.000000 -0.707107 0.500000
0.000000 -0.500000 0.500000
0.000000 -0.500000 0.500000
0.000000 -1.118034 -0.500000
0.000000 -1.118034 -0.500000
0.000000 -1.000000 -0.500000
0.000000 -1.000000 -0.500000
0.000000 -1.000000 -0.500000
0.000000 -1.000000 -0.500000
0.000000 -1.118034 -0.707107
0.000000 -1.118034 -0.707107
0.000000 -1.118034 -0.707107
0.000000 -1.000000 -0.707107
0.000000 -1.000000 -0.707107
0.000000 -1.000000 -0.707107
0.000000 -1.000000 -0.707107
0.000000 -1.000000 -0.707107
0.000000 -1.000000 -0.707107
0.000000 -1.000000 -0.707107
0.000000 -1.000000 -0.707107
0.000000 -0.707107 -0.500000
0.000000 -0.707107 -0.500000
0.000000 -0.707107 -0.500000
0.000000 -1.118034 -1.000000
0.000000 -1.118034 -1.000000
0.000000 -1.118034 -1.000000
0.000000 -1.118034 -1.000000
0.000000 -1.118034 -1.000000
0.000000 -1.118034 -1.000000
0.000000 -1.118034 -1.000000
