1.000000 -0.500000 6.708204
1.000000 0.707107 2.500000
1.000000 -1.118034 0.500000
1.000000 -1.000000 0.500000
1.000000 -1.000000 0.500000
1.000000 -0.707107 0.500000
1.000000 -0.707107 0.500000
1.000000 -0.500000 0.500000
1.000000 -0.500000 0.500000
1.000000 1.118034 1.414214
1.000000 2.236068 2.500000
1.000000 6.041523 6.264982
1.000000 0.500000 0.707107
1.000000 6.324555 6.500000
1.000000 5.852350 6.000000
1.000000 6.184658 6.324555
1.000000 6.576473 6.670832
1.000000 6.000000 6.082763
1.000000 1.500000 1.581139
0.000000 -6.500000 inf
0.000000 -5.408327 -1.118034
0.000000 -4.272002 -2.500000
0.000000 -1.118034 0.500000
0.000000 -0.500000 1.000000
0.000000 -0.500000 0.500000
0.000000 -1.000000 -0.500000
0.000000 -1.581139 -1.118034
0.000000 -1.500000 -1.118034
0.000000 -1.414214 -1.118034
0.000000 -1.414214 -1.118034
0.000000 -1.000000 -0.707107
0.000000 -3.041381 -2.915476
0.000000 -4.609772 -4.527693
0.000000 -1.581139 -1.500000
0.000000 -6.363961 -6.324555
0.000000 -4.743416 -4.716991
