1.000000 -1.000000 9.055385
1.000000 -2.000000 2.828427
1.000000 -2.000000 1.414214
1.000000 -2.236068 1.000000
1.000000 -1.000000 2.236068
1.000000 2.000000 5.000000
1.000000 -1.000000 2.000000
1.000000 -1.414214 1.414214
1.000000 -1.414214 1.000000
1.000000 -1.414214 1.000000
1.000000 -1.414214 1.000000
1.000000 -1.414214 1.000000
1.000000 -1.000000 1.000000
1.000000 -1.000000 1.000000
1.000000 -1.000000 1.000000
1.000000 -1.000000 1.000000
1.000000 -1.000000 1.000000
1.000000 -1.000000 1.000000
1.000000 -1.000000 1.000000
1.000000 -1.000000 1.000000
1.000000 1.000000 2.828427
1.000000 7.000000 8.602325
1.000000 2.236068 2.828427
1.000000 2.236068 2.828427
1.000000 2.236068 2.828427
1.000000 8.062258 8.544004
1.000000 8.062258 8.544004
1.000000 1.000000 1.414214
1.000000 1.000000 1.414214
1.000000 1.000000 1.414214
1.000000 8.000000 8.246211
1.000000 2.000000 2.236068
1.000000 2.000000 2.236068
1.000000 2.000000 2.236068
1.000000 2.000000 2.236068
1.000000 4.242641 4.472136
1.000000 4.242641 4.472136
1.000000 3.000000 3.162278
1.000000 7.000000 7.071068
0.000000 -9.219544 inf
0.000000 -8.602325 -2.236068
0.000000 -6.324555 -2.000000
0.000000 -7.000000 -2.828427
0.000000 -1.000000 1.414214
0.000000 -1.000000 1.000000
0.000000 -1.000000 1.000000
0.000000 -4.123106 -2.236068
0.000000 -7.615773 -5.830952
0.000000 -3.605551 -2.236068
0.000000 -4.000000 -2.828427
0.000000 -3.605551 -2.828427
0.000000 -3.000000 -2.236068
0.000000 -3.000000 -2.236068
0.000000 -6.000000 -5.385165
0.000000 -2.828427 -2.236068
0.000000 -4.123106 -3.605551
0.000000 -3.605551 -3.162278
0.000000 -3.605551 -3.162278
0.000000 -8.485281 -8.062258
0.000000 -1.414214 -1.000000
0.000000 -3.162278 -2.828427
0.000000 -5.385165 -5.099020
0.000000 -2.236068 -2.000000
0.000000 -2.236068 -2.000000
0.000000 -2.236068 -2.000000
0.000000 -3.162278 -3.000000
0.000000 -3.162278 -3.000000
0.000000 -5.099020 -5.000000
0.000000 -8.062258 -8.000000
