1.000000 -1.414214 5.830952
1.000000 -1.000000 5.000000
1.000000 -1.414214 1.000000
1.000000 -1.000000 1.000000
1.000000 -1.000000 1.000000
1.000000 3.162278 5.099020
1.000000 1.000000 2.236068
1.000000 6.403124 7.615773
1.000000 1.000000 2.000000
1.000000 6.403124 7.071068
1.000000 2.236068 2.828427
1.000000 1.414214 2.000000
1.000000 6.708204 7.211103
1.000000 6.708204 7.211103
1.000000 3.162278 3.605551
1.000000 1.000000 1.414214
1.000000 1.000000 1.414214
1.000000 1.000000 1.414214
1.000000 7.280110 7.615773
1.000000 2.000000 2.236068
1.000000 8.062258 8.246211
1.000000 4.000000 4.123106
1.000000 4.000000 4.123106
1.000000 6.000000 6.082763
1.000000 9.000000 9.055385
0.000000 -4.472136 inf
0.000000 -1.000000 6.082763
0.000000 -1.000000 3.162278
0.000000 -1.000000 2.000000
0.000000 -2.000000 1.000000
0.000000 -4.000000 -1.414214
0.000000 -2.236068 -1.000000
0.000000 -4.123106 -3.000000
0.000000 -2.828427 -2.000000
0.000000 -2.236068 -1.414214
0.000000 -3.000000 -2.236068
0.000000 -2.828427 -2.236068
0.000000 -2.000000 -1.414214
0.000000 -2.000000 -1.414214
0.000000 -4.123106 -3.605551
0.000000 -3.605551 -3.162278
0.000000 -1.414214 -1.000000
0.000000 -1.414214 -1.000000
0.000000 -3.162278 -2.828427
0.000000 -2.236068 -2.000000
0.000000 -2.236068 -2.000000
0.000000 -4.472136 -4.242641
0.000000 -3.162278 -3.000000
