1.000000 8.836289 10.762899
1.000000 10.023971 10.430724
1.000000 27.988569 28.374637
1.000000 27.862520 28.182264
1.000000 28.306890 28.621670
1.000000 8.836289 9.121403
1.000000 26.892378 27.164683
1.000000 26.892378 27.164683
1.000000 29.350298 29.600000
1.000000 28.677517 28.899827
1.000000 27.305677 27.492544
1.000000 27.305677 27.492544
1.000000 10.244999 10.430724
1.000000 28.000000 28.182264
1.000000 30.911487 31.066381
1.000000 27.862520 28.011426
1.000000 8.800000 8.944272
1.000000 32.887688 32.955728
1.000000 29.890467 29.954632
1.000000 28.284271 28.306890
1.000000 28.000000 28.011426
0.000000 -1.131371 inf
0.000000 -0.800000 26.820887
0.000000 -0.800000 8.800000
0.000000 -0.800000 7.200000
0.000000 -0.800000 4.079216
