1.000000 -1.000000 4.000000
1.000000 -0.707107 1.581139
1.000000 -1.000000 1.000000
1.000000 -1.118034 0.707107
1.000000 -0.500000 1.000000
1.000000 -0.500000 1.000000
1.000000 -0.707107 0.500000
1.000000 -0.707107 0.500000
1.000000 1.414214 2.500000
1.000000 -0.500000 0.500000
1.000000 -0.500000 0.500000
1.000000 0.500000 1.414214
1.000000 1.000000 1.581139
1.000000 0.500000 1.000000
1.000000 0.500000 1.000000
1.000000 0.707107 1.118034
1.000000 0.707107 1.118034
1.000000 2.915476 3.201562
1.000000 1.802776 2.061553
1.000000 2.692582 2.915476
1.000000 1.581139 1.802776
1.000000 1.581139 1.802776
1.000000 22.147235 22.360680
1.000000 0.500000 0.707107
1.000000 0.500000 0.707107
1.000000 2.500000 2.692582
1.000000 21.289669 21.476732
1.000000 21.289669 21.476732
1.000000 2.061553 2.236068
1.000000 1.414214 1.581139
1.000000 22.321514 22.461077
1.000000 21.505813 21.644861
1.000000 22.141590 22.276669
1.000000 21.708293 21.840330
1.000000 3.041381 3.162278
1.000000 1.000000 1.118034
1.000000 1.000000 1.118034
1.000000 22.561028 22.677081
1.000000 21.476732 21.587033
1.000000 22.803509 22.901965
1.000000 21.868928 21.965883
1.000000 21.691012 21.783021
1.000000 1.500000 1.581139
1.000000 22.022716 22.090722
1.000000 2.000000 2.061553
1.000000 2.000000 2.061553
1.000000 2.000000 2.061553
1.000000 23.135471 23.194827
1.000000 3.162278 3.201562
1.000000 23.547824 23.584953
1.000000 3.500000 3.535534
1.000000 3.500000 3.535534
1.000000 24.005208 24.020824
0.000000 -4.472136 inf
0.000000 -1.500000 21.224985
0.000000 -3.500000 -1.802776
0.000000 -2.500000 -1.000000
0.000000 -0.707107 0.500000
0.000000 -2.500000 -1.414214
0.000000 -0.500000 0.500000
0.000000 -0.500000 0.500000
0.000000 -2.061553 -1.118034
0.000000 -2.500000 -1.581139
0.000000 -1.802776 -1.000000
0.000000 -1.118034 -0.500000
0.000000 -1.118034 -0.500000
0.000000 -1.118034 -0.500000
0.000000 -2.061553 -1.500000
0.000000 -1.500000 -1.000000
0.000000 -1.118034 -0.707107
0.000000 -1.802776 -1.500000
0.000000 -1.802776 -1.500000
0.000000 -1.802776 -1.500000
0.000000 -1.802776 -1.500000
0.000000 -1.414214 -1.118034
0.000000 -1.000000 -0.707107
0.000000 -1.000000 -0.707107
0.000000 -1.000000 -0.707107
0.000000 -1.802776 -1.581139
0.000000 -1.802776 -1.581139
0.000000 -1.581139 -1.414214
0.000000 -1.118034 -1.000000
0.000000 -2.236068 -2.121320
0.000000 -1.500000 -1.414214
0.000000 -1.581139 -1.500000
0.000000 -1.581139 -1.500000
0.000000 -2.121320 -2.061553
