1.000000 1.000000 10.630146
1.000000 5.830952 7.071068
1.000000 1.000000 2.000000
1.000000 2.236068 2.828427
1.000000 2.236068 2.828427
1.000000 1.414214 2.000000
1.000000 5.830952 6.403124
1.000000 3.162278 3.605551
1.000000 1.000000 1.414214
1.000000 1.000000 1.414214
1.000000 1.000000 1.414214
1.000000 1.000000 1.414214
1.000000 7.280110 7.615773
1.000000 6.082763 6.403124
1.000000 2.000000 2.236068
1.000000 10.440307 10.630146
1.000000 6.324555 6.403124
1.000000 9.000000 9.055385
0.000000 -8.000000 inf
0.000000 -4.123106 -2.000000
0.000000 -1.000000 1.000000
0.000000 -4.000000 -2.236068
0.000000 -4.472136 -2.828427
0.000000 -3.605551 -2.236068
0.000000 -3.000000 -2.236068
0.000000 -3.605551 -3.000000
0.000000 -3.605551 -3.000000
0.000000 -2.828427 -2.236068
0.000000 -2.828427 -2.236068
0.000000 -3.605551 -3.162278
0.000000 -1.414214 -1.000000
0.000000 -1.414214 -1.000000
0.000000 -1.414214 -1.000000
0.000000 -1.414214 -1.000000
0.000000 -4.000000 -3.605551
0.000000 -4.242641 -4.000000
0.000000 -3.162278 -3.000000
0.000000 -4.123106 -4.000000
0.000000 -4.123106 -4.000000
0.000000 -4.123106 -4.000000
