1.000000 -0.800000 0.800000
1.000000 -0.800000 0.800000
1.000000 -0.800000 0.800000
1.000000 -0.800000 0.800000
1.000000 -0.800000 0.800000
1.000000 1.131371 1.600000
1.000000 11.454257 11.811858
1.000000 0.800000 1.131371
1.000000 11.892855 12.185237
1.000000 4.308132 4.525483
1.000000 1.600000 1.788854
1.000000 3.394113 3.577709
1.000000 12.237647 12.419340
1.000000 3.298485 3.394113
1.000000 3.298485 3.394113
1.000000 10.430724 10.522357
1.000000 11.113955 11.200000
1.000000 12.824976 12.899612
0.000000 -3.394113 inf
0.000000 -1.600000 2.400000
0.000000 -0.800000 2.884441
0.000000 -2.262742 0.800000
0.000000 -2.262742 -0.800000
0.000000 -1.788854 -0.800000
0.000000 -1.600000 -0.800000
0.000000 -1.788854 -1.131371
0.000000 -1.131371 -0.800000
0.000000 -1.131371 -0.800000
0.000000 -1.131371 -0.800000
