1.000000 -2.000000 6.403124
1.000000 -3.162278 1.000000
1.000000 -2.000000 1.000000
1.000000 -2.000000 1.000000
1.000000 -2.000000 1.000000
1.000000 -1.000000 1.000000
1.000000 -1.000000 1.000000
1.000000 -1.000000 1.000000
1.000000 1.414214 2.000000
1.000000 3.605551 4.123106
1.000000 5.830952 6.324555
1.000000 2.000000 2.236068
0.000000 -7.211103 inf
0.000000 -7.000000 -3.162278
0.000000 -4.472136 -2.000000
0.000000 -1.000000 1.000000
0.000000 -3.605551 -2.236068
0.000000 -5.385165 -4.123106
0.000000 -2.828427 -2.236068
0.000000 -5.656854 -5.099020
0.000000 -6.082763 -5.830952
0.000000 -2.236068 -2.000000
0.000000 -2.236068 -2.000000
0.000000 -4.472136 -4.242641
0.000000 -3.000000 -2.828427
0.000000 -3.000000 -2.828427
0.000000 -6.000000 -5.830952
0.000000 -5.099020 -5.000000
0.000000 -5.099020 -5.000000
0.000000 -5.099020 -5.000000
