1.000000 -0.500000 2.061553
1.000000 -0.500000 2.061553
1.000000 -1.000000 1.500000
1.000000 -1.118034 1.000000
1.000000 -0.707107 1.000000
1.000000 -1.118034 0.500000
1.000000 -0.707107 0.500000
1.000000 -0.707107 0.500000
1.000000 -0.707107 0.500000
1.000000 -0.500000 0.500000
1.000000 -0.500000 0.500000
1.000000 -0.500000 0.500000
1.000000 -0.500000 0.500000
1.000000 -0.500000 0.500000
1.000000 -0.500000 0.500000
1.000000 -0.500000 0.500000
1.000000 -0.500000 0.500000
1.000000 1.500000 2.000000
1.000000 1.118034 1.414214
1.000000 2.236068 2.500000
1.000000 0.500000 0.707107
1.000000 0.500000 0.707107
1.000000 0.500000 0.707107
1.000000 0.500000 0.707107
1.000000 0.500000 0.707107
1.000000 0.500000 0.707107
1.000000 1.802776 2.000000
1.000000 1.414214 1.500000
1.000000 1.500000 1.581139
1.000000 2.500000 2.549510
0.000000 -5.147815 inf
0.000000 -4.527693 -2.236068
0.000000 -4.272002 -2.236068
0.000000 -2.828427 -1.118034
0.000000 -0.707107 0.500000
0.000000 -2.500000 -1.500000
0.000000 -2.061553 -1.118034
0.000000 -2.500000 -1.802776
0.000000 -1.581139 -1.000000
0.000000 -1.581139 -1.118034
0.000000 -1.581139 -1.118034
0.000000 -2.915476 -2.500000
0.000000 -2.828427 -2.500000
0.000000 -1.000000 -0.707107
0.000000 -1.000000 -0.707107
0.000000 -1.000000 -0.707107
0.000000 -2.500000 -2.236068
0.000000 -4.272002 -4.031129
0.000000 -0.707107 -0.500000
0.000000 -3.354102 -3.201562
0.000000 -1.118034 -1.000000
0.000000 -2.236068 -2.121320
0.000000 -1.581139 -1.500000
0.000000 -1.581139 -1.500000
0.000000 -2.061553 -2.000000
0.000000 -2.549510 -2.500000
0.000000 -3.041381 -3.000000
0.000000 -3.535534 -3.500000
0.000000 -4.272002 -4.242641
