1.000000 -1.802776 2.500000
1.000000 0.707107 1.581139
1.000000 0.707107 1.000000
1.000000 0.707107 1.000000
1.000000 1.802776 2.061553
1.000000 1.000000 1.118034
1.000000 1.000000 1.118034
1.000000 2.000000 2.061553
0.000000 -5.099020 inf
0.000000 -1.000000 0.500000
0.000000 -3.535534 -2.236068
0.000000 -3.905125 -2.692582
0.000000 -3.807887 -3.535534
0.000000 -3.162278 -3.041381
0.000000 -3.162278 -3.041381
0.000000 -3.640055 -3.535534
0.000000 -3.640055 -3.535534
0.000000 -3.535534 -3.500000
0.000000 -3.640055 -3.605551
