1.000000 10.816654 13.000000
1.000000 12.000000 13.038405
1.000000 10.816654 11.401754
1.000000 11.401754 11.704700
1.000000 8.246211 8.544004
1.000000 11.180340 11.401754
1.000000 12.165525 12.369317
1.000000 10.000000 10.198039
1.000000 11.180340 11.313708
1.000000 11.180340 11.313708
1.000000 9.000000 9.055385
1.000000 9.000000 9.055385
1.000000 11.661904 11.704700
1.000000 12.000000 12.041595
1.000000 12.165525 12.206556
0.000000 -2.828427 inf
0.000000 -2.000000 9.000000
0.000000 -1.000000 9.219544
0.000000 -1.000000 8.246211
0.000000 -1.000000 3.000000
0.000000 -1.000000 2.000000
0.000000 -1.000000 1.000000
0.000000 -1.000000 1.000000
