1.000000 -1.414214 1.000000
1.000000 -1.000000 1.000000
1.000000 -1.000000 1.000000
1.000000 -1.000000 1.000000
1.000000 -1.000000 1.000000
1.000000 -1.000000 1.000000
1.000000 1.000000 2.828427
1.000000 13.341664 14.035669
1.000000 2.236068 2.828427
1.000000 1.414214 2.000000
1.000000 13.416408 13.892444
1.000000 14.317821 14.764823
1.000000 5.385165 5.830952
1.000000 3.162278 3.605551
1.000000 13.453624 13.892444
1.000000 13.892444 14.317821
1.000000 1.000000 1.414214
1.000000 1.000000 1.414214
1.000000 3.605551 4.000000
1.000000 14.866069 15.231546
1.000000 4.123106 4.472136
1.000000 6.708204 7.000000
1.000000 13.601471 13.892444
1.000000 15.524175 15.811388
1.000000 2.000000 2.236068
1.000000 16.278821 16.492423
1.000000 2.828427 3.000000
1.000000 3.000000 3.162278
1.000000 13.453624 13.601471
1.000000 13.453624 13.601471
1.000000 7.071068 7.211103
1.000000 25.179357 25.317978
1.000000 19.104973 19.235384
1.000000 4.123106 4.242641
1.000000 6.000000 6.082763
0.000000 -3.605551 inf
0.000000 -1.414214 5.000000
0.000000 -2.000000 3.000000
0.000000 -2.828427 1.000000
0.000000 -1.000000 2.236068
0.000000 -1.000000 2.000000
0.000000 -2.000000 1.000000
0.000000 -2.000000 1.000000
0.000000 -1.414214 1.000000
0.000000 -1.000000 1.000000
0.000000 -1.000000 1.000000
0.000000 -1.000000 1.000000
0.000000 -1.000000 1.000000
0.000000 -2.236068 -1.000000
0.000000 -2.236068 -1.000000
0.000000 -2.236068 -1.000000
0.000000 -2.000000 -1.000000
0.000000 -2.000000 -1.000000
0.000000 -2.236068 -1.414214
0.000000 -2.000000 -1.414214
0.000000 -1.414214 -1.000000
0.000000 -1.414214 -1.000000
0.000000 -1.414214 -1.000000
0.000000 -2.236068 -2.000000
0.000000 -2.236068 -2.000000
0.000000 -2.236068 -2.000000
