1.000000 -2.061553 2.828427
1.000000 -2.061553 1.000000
1.000000 -2.500000 0.500000
1.000000 -2.236068 0.500000
1.000000 -2.000000 0.707107
1.000000 -1.000000 1.500000
1.000000 -0.500000 1.500000
1.000000 -1.118034 0.707107
1.000000 -1.000000 0.707107
1.000000 -1.118034 0.500000
1.000000 -1.118034 0.500000
1.000000 -1.118034 0.500000
1.000000 -0.500000 1.000000
1.000000 -1.000000 0.500000
1.000000 -0.707107 0.707107
1.000000 -0.707107 0.500000
1.000000 -0.707107 0.500000
1.000000 -0.500000 0.707107
1.000000 -0.500000 0.707107
1.000000 -0.500000 0.707107
1.000000 -0.707107 0.500000
1.000000 -0.500000 0.500000
1.000000 -0.500000 0.500000
1.000000 -0.500000 0.500000
1.000000 -0.500000 0.500000
1.000000 0.500000 1.000000
1.000000 0.500000 1.000000
1.000000 2.500000 2.828427
1.000000 0.500000 0.707107
1.000000 2.549510 2.692582
1.000000 1.000000 1.118034
1.000000 1.000000 1.118034
1.000000 1.000000 1.118034
0.000000 -7.516648 inf
0.000000 -7.017834 -2.692582
0.000000 -6.670832 -2.828427
0.000000 -5.099020 -2.692582
0.000000 -2.692582 -2.000000
0.000000 -4.031129 -3.535534
0.000000 -3.201562 -2.828427
0.000000 -3.041381 -2.692582
0.000000 -6.324555 -6.000000
0.000000 -5.315073 -5.000000
0.000000 -1.414214 -1.118034
0.000000 -1.000000 -0.707107
0.000000 -0.707107 -0.500000
0.000000 -1.581139 -1.414214
0.000000 -3.201562 -3.041381
0.000000 -3.162278 -3.041381
0.000000 -3.162278 -3.041381
0.000000 -3.162278 -3.041381
0.000000 -1.118034 -1.000000
0.000000 -3.605551 -3.500000
0.000000 -5.099020 -5.000000
0.000000 -6.800735 -6.708204
0.000000 -2.915476 -2.828427
0.000000 -3.000000 -2.915476
0.000000 -1.581139 -1.500000
0.000000 -6.264982 -6.184658
0.000000 -5.099020 -5.024938
0.000000 -3.605551 -3.535534
0.000000 -6.103278 -6.041523
0.000000 -2.061553 -2.000000
0.000000 -2.549510 -2.500000
0.000000 -3.041381 -3.000000
0.000000 -3.535534 -3.500000
0.000000 -4.272002 -4.242641
0.000000 -6.020797 -6.000000
