1.000000 6.082763 12.165525
1.000000 -1.000000 1.000000
1.000000 1.414214 3.162278
1.000000 11.180340 12.041595
1.000000 5.385165 6.082763
1.000000 2.236068 2.828427
1.000000 7.615773 8.062258
1.000000 1.000000 1.414214
1.000000 9.899495 10.295630
1.000000 10.816654 11.180340
1.000000 10.816654 11.180340
1.000000 11.401754 11.704700
1.000000 11.401754 11.704700
1.000000 11.401754 11.704700
1.000000 2.000000 2.236068
1.000000 10.440307 10.630146
1.000000 11.313708 11.401754
1.000000 6.000000 6.082763
1.000000 7.000000 7.071068
1.000000 8.000000 8.062258
0.000000 -7.000000 inf
0.000000 -4.000000 2.236068
0.000000 -1.000000 2.000000
0.000000 -1.414214 1.000000
0.000000 -1.000000 1.000000
0.000000 -1.000000 1.000000
0.000000 -1.000000 1.000000
0.000000 -1.000000 1.000000
0.000000 -1.000000 1.000000
0.000000 -3.000000 -1.414214
0.000000 -2.000000 -1.000000
0.000000 -3.605551 -3.000000
0.000000 -3.605551 -3.000000
0.000000 -2.828427 -2.236068
0.000000 -1.414214 -1.000000
0.000000 -1.414214 -1.000000
0.000000 -1.414214 -1.000000
0.000000 -1.414214 -1.000000
0.000000 -1.414214 -1.000000
0.000000 -3.000000 -2.828427
0.000000 -3.162278 -3.000000
0.000000 -3.162278 -3.000000
0.000000 -3.162278 -3.000000
