1.000000 1.802776 11.280514
1.000000 -0.500000 0.500000
1.000000 1.581139 2.236068
1.000000 0.500000 1.118034
1.000000 3.162278 3.500000
1.000000 1.802776 2.121320
1.000000 10.965856 11.280514
1.000000 1.118034 1.414214
1.000000 0.707107 1.000000
1.000000 0.707107 1.000000
1.000000 0.707107 1.000000
1.000000 0.707107 1.000000
1.000000 10.965856 11.236103
1.000000 1.581139 1.802776
1.000000 1.581139 1.802776
1.000000 0.500000 0.707107
1.000000 0.500000 0.707107
1.000000 0.500000 0.707107
1.000000 1.802776 2.000000
1.000000 2.061553 2.236068
1.000000 2.061553 2.236068
1.000000 1.414214 1.581139
1.000000 9.219544 9.340771
1.000000 1.000000 1.118034
1.000000 1.000000 1.118034
1.000000 1.000000 1.118034
1.000000 1.000000 1.118034
1.000000 4.031129 4.123106
1.000000 1.500000 1.581139
1.000000 1.500000 1.581139
1.000000 6.324555 6.403124
1.000000 2.061553 2.121320
1.000000 6.519202 6.576473
1.000000 11.180340 11.236103
1.000000 8.944272 9.000000
1.000000 7.017834 7.071068
1.000000 2.500000 2.549510
1.000000 9.617692 9.656604
1.000000 3.500000 3.535534
1.000000 5.000000 5.024938
0.000000 -3.535534 inf
0.000000 -3.500000 -1.000000
0.000000 -1.000000 1.118034
0.000000 -1.000000 1.118034
0.000000 -0.500000 1.500000
0.000000 -0.500000 1.000000
0.000000 -0.500000 1.000000
0.000000 -0.707107 0.707107
0.000000 -0.500000 0.707107
0.000000 -0.707107 0.500000
0.000000 -3.500000 -2.500000
0.000000 -0.500000 0.500000
0.000000 -0.500000 0.500000
0.000000 -0.500000 0.500000
0.000000 -2.500000 -1.802776
0.000000 -2.236068 -1.581139
0.000000 -2.000000 -1.500000
0.000000 -1.000000 -0.500000
0.000000 -1.000000 -0.500000
0.000000 -1.000000 -0.500000
0.000000 -2.500000 -2.000000
0.000000 -1.414214 -1.000000
0.000000 -1.414214 -1.000000
0.000000 -2.500000 -2.121320
0.000000 -1.802776 -1.500000
0.000000 -1.000000 -0.707107
0.000000 -1.000000 -0.707107
0.000000 -2.500000 -2.236068
0.000000 -0.707107 -0.500000
0.000000 -2.236068 -2.061553
0.000000 -2.692582 -2.549510
0.000000 -3.041381 -2.915476
0.000000 -1.118034 -1.000000
0.000000 -1.118034 -1.000000
0.000000 -1.118034 -1.000000
0.000000 -2.236068 -2.121320
0.000000 -2.915476 -2.828427
0.000000 -1.500000 -1.414214
0.000000 -2.061553 -2.000000
0.000000 -3.041381 -3.000000
