1.000000 -1.000000 0.500000
1.000000 -1.000000 0.500000
1.000000 -0.707107 0.707107
1.000000 -0.707107 0.500000
1.000000 -0.500000 0.500000
1.000000 -0.500000 0.500000
1.000000 -0.500000 0.500000
1.000000 -0.500000 0.500000
1.000000 0.500000 1.000000
1.000000 0.707107 1.118034
1.000000 0.707107 1.118034
1.000000 4.716991 5.000000
1.000000 2.236068 2.500000
1.000000 0.500000 0.707107
1.000000 0.500000 0.707107
1.000000 0.500000 0.707107
1.000000 5.852350 6.041523
1.000000 7.648529 7.826238
1.000000 7.648529 7.826238
1.000000 16.977927 17.102631
1.000000 5.099020 5.220153
1.000000 1.000000 1.118034
1.000000 1.000000 1.118034
1.000000 1.000000 1.118034
1.000000 2.121320 2.236068
1.000000 9.013878 9.124144
1.000000 6.082763 6.184658
1.000000 9.340771 9.433981
1.000000 6.000000 6.082763
1.000000 17.677670 17.755281
1.000000 5.147815 5.220153
1.000000 5.522681 5.590170
1.000000 6.519202 6.576473
1.000000 16.710775 16.763055
1.000000 2.500000 2.549510
1.000000 8.015610 8.062258
1.000000 8.015610 8.062258
1.000000 10.511898 10.547512
1.000000 18.527007 18.560711
1.000000 4.924429 4.949747
1.000000 4.924429 4.949747
1.000000 17.334936 17.356555
1.000000 6.500000 6.519202
0.000000 -6.519202 inf
0.000000 -4.000000 7.615773
0.000000 -1.000000 5.852350
0.000000 -0.707107 4.716991
0.000000 -0.500000 1.000000
0.000000 -0.500000 1.000000
0.000000 -0.707107 0.500000
0.000000 -0.500000 0.500000
0.000000 -0.500000 0.500000
0.000000 -0.500000 0.500000
0.000000 -0.500000 0.500000
0.000000 -1.414214 -0.707107
0.000000 -1.000000 -0.500000
0.000000 -1.581139 -1.118034
0.000000 -1.802776 -1.500000
0.000000 -1.414214 -1.118034
0.000000 -1.000000 -0.707107
0.000000 -1.000000 -0.707107
0.000000 -1.000000 -0.707107
0.000000 -0.707107 -0.500000
0.000000 -2.000000 -1.802776
0.000000 -1.118034 -1.000000
0.000000 -1.118034 -1.000000
0.000000 -1.581139 -1.500000
