1.000000 1.581139 10.630146
1.000000 9.861541 10.307764
1.000000 10.307764 10.594810
1.000000 2.236068 2.500000
1.000000 10.062306 10.295630
1.000000 3.640055 3.807887
1.000000 2.549510 2.692582
1.000000 10.124228 10.259142
1.000000 10.124228 10.259142
1.000000 10.307764 10.440307
1.000000 10.000000 10.124228
1.000000 10.000000 10.124228
1.000000 1.000000 1.118034
1.000000 9.848858 9.962429
1.000000 2.828427 2.915476
1.000000 1.500000 1.581139
1.000000 1.500000 1.581139
1.000000 1.500000 1.581139
1.000000 1.500000 1.581139
1.000000 10.259142 10.307764
1.000000 3.000000 3.041381
1.000000 9.617692 9.656604
1.000000 10.012492 10.049876
0.000000 -3.201562 inf
0.000000 -1.581139 1.414214
0.000000 -3.162278 -1.000000
0.000000 -3.000000 -1.000000
0.000000 -0.500000 1.414214
0.000000 -2.236068 -1.500000
0.000000 -2.236068 -1.581139
0.000000 -1.581139 -1.000000
0.000000 -1.581139 -1.118034
0.000000 -1.414214 -1.000000
0.000000 -1.118034 -0.707107
0.000000 -1.414214 -1.118034
0.000000 -1.414214 -1.118034
0.000000 -2.500000 -2.236068
0.000000 -2.236068 -2.061553
0.000000 -1.581139 -1.414214
0.000000 -2.692582 -2.549510
0.000000 -1.118034 -1.000000
0.000000 -2.236068 -2.121320
0.000000 -2.236068 -2.121320
0.000000 -1.500000 -1.414214
0.000000 -1.581139 -1.500000
0.000000 -2.121320 -2.061553
0.000000 -2.549510 -2.500000
0.000000 -2.549510 -2.500000
0.000000 -2.549510 -2.500000
0.000000 -3.041381 -3.000000
