1.000000 0.500000 4.500000
1.000000 -1.118034 1.000000
1.000000 0.707107 2.549510
1.000000 0.707107 2.000000
1.000000 2.000000 3.201562
1.000000 1.802776 3.000000
1.000000 1.000000 2.121320
1.000000 -0.500000 0.500000
1.000000 0.500000 1.118034
1.000000 2.061553 2.500000
1.000000 0.707107 1.118034
1.000000 2.121320 2.500000
1.000000 2.828427 3.201562
1.000000 1.500000 1.802776
1.000000 1.118034 1.414214
1.000000 2.915476 3.162278
1.000000 1.581139 1.802776
1.000000 0.500000 0.707107
1.000000 0.500000 0.707107
1.000000 0.500000 0.707107
1.000000 0.500000 0.707107
1.000000 1.802776 2.000000
1.000000 3.640055 3.807887
1.000000 1.414214 1.581139
1.000000 1.000000 1.118034
1.000000 1.000000 1.118034
1.000000 1.000000 1.118034
1.000000 1.000000 1.118034
1.000000 2.121320 2.236068
1.000000 2.121320 2.236068
1.000000 1.500000 1.581139
1.000000 1.500000 1.581139
1.000000 2.000000 2.061553
1.000000 2.061553 2.121320
0.000000 -3.807887 inf
0.000000 -2.236068 -0.500000
0.000000 -2.000000 -0.707107
0.000000 -2.692582 -1.414214
0.000000 -1.802776 -0.707107
0.000000 -0.500000 0.500000
0.000000 -0.500000 0.500000
0.000000 -0.500000 0.500000
0.000000 -1.581139 -0.707107
0.000000 -1.802776 -1.000000
0.000000 -1.802776 -1.118034
0.000000 -1.000000 -0.500000
0.000000 -1.000000 -0.500000
0.000000 -1.500000 -1.000000
0.000000 -1.414214 -1.000000
0.000000 -1.414214 -1.000000
0.000000 -1.802776 -1.500000
0.000000 -1.414214 -1.118034
0.000000 -1.414214 -1.118034
0.000000 -1.000000 -0.707107
0.000000 -1.581139 -1.414214
0.000000 -1.581139 -1.414214
0.000000 -1.118034 -1.000000
0.000000 -1.118034 -1.000000
0.000000 -1.118034 -1.000000
0.000000 -1.581139 -1.500000
0.000000 -1.581139 -1.500000
