1.000000 -1.581139 2.500000
1.000000 -2.500000 0.707107
1.000000 -2.500000 0.707107
1.000000 -1.000000 2.000000
1.000000 -1.581139 0.707107
1.000000 -1.500000 0.707107
1.000000 -1.000000 1.118034
1.000000 -1.118034 1.000000
1.000000 -1.500000 0.500000
1.000000 -1.000000 1.000000
1.000000 -0.707107 1.118034
1.000000 -0.707107 1.000000
1.000000 -0.707107 1.000000
1.000000 -0.500000 1.118034
1.000000 -1.118034 0.500000
1.000000 -1.000000 0.500000
1.000000 -0.500000 1.000000
1.000000 -0.500000 1.000000
1.000000 -0.500000 0.707107
1.000000 -0.707107 0.500000
1.000000 -0.707107 0.500000
1.000000 -0.707107 0.500000
1.000000 -0.707107 0.500000
1.000000 -0.500000 0.500000
1.000000 1.500000 2.236068
1.000000 1.500000 2.061553
1.000000 2.000000 2.500000
1.000000 0.500000 1.000000
1.000000 0.500000 1.000000
1.000000 0.500000 1.000000
1.000000 1.000000 1.414214
1.000000 1.118034 1.414214
1.000000 1.118034 1.414214
1.000000 2.000000 2.236068
1.000000 1.581139 1.802776
1.000000 1.581139 1.802776
1.000000 0.500000 0.707107
1.000000 0.500000 0.707107
1.000000 0.500000 0.707107
1.000000 0.500000 0.707107
1.000000 0.500000 0.707107
1.000000 0.500000 0.707107
1.000000 1.802776 2.000000
1.000000 2.061553 2.236068
1.000000 1.000000 1.118034
1.000000 1.414214 1.500000
0.000000 -6.403124 inf
0.000000 -6.264982 -2.549510
0.000000 -4.527693 -1.581139
0.000000 -0.500000 1.118034
0.000000 -4.527693 -3.000000
0.000000 -0.500000 1.000000
0.000000 -0.500000 0.500000
0.000000 -0.500000 0.500000
0.000000 -0.500000 0.500000
0.000000 -0.500000 0.500000
0.000000 -4.301163 -3.354102
0.000000 -3.000000 -2.121320
0.000000 -2.500000 -2.000000
0.000000 -3.041381 -2.549510
0.000000 -1.581139 -1.118034
0.000000 -5.408327 -5.000000
0.000000 -2.500000 -2.121320
0.000000 -3.500000 -3.162278
0.000000 -3.807887 -3.500000
0.000000 -1.802776 -1.500000
0.000000 -1.000000 -0.707107
0.000000 -1.000000 -0.707107
0.000000 -2.500000 -2.236068
0.000000 -3.605551 -3.354102
0.000000 -4.272002 -4.031129
0.000000 -2.915476 -2.692582
0.000000 -0.707107 -0.500000
0.000000 -0.707107 -0.500000
0.000000 -2.000000 -1.802776
0.000000 -2.000000 -1.802776
0.000000 -4.301163 -4.123106
0.000000 -2.236068 -2.061553
0.000000 -1.581139 -1.414214
0.000000 -4.272002 -4.123106
0.000000 -2.692582 -2.549510
0.000000 -4.031129 -3.905125
0.000000 -1.118034 -1.000000
0.000000 -4.123106 -4.031129
0.000000 -2.915476 -2.828427
0.000000 -3.605551 -3.535534
0.000000 -2.061553 -2.000000
0.000000 -2.061553 -2.000000
0.000000 -2.061553 -2.000000
0.000000 -2.549510 -2.500000
0.000000 -3.535534 -3.500000
0.000000 -4.031129 -4.000000
0.000000 -4.031129 -4.000000
0.000000 -4.272002 -4.242641
0.000000 -4.527693 -4.500000
0.000000 -5.024938 -5.000000
