1.000000 -1.414214 13.038405
1.000000 -1.000000 1.000000
1.000000 -1.000000 1.000000
1.000000 1.000000 2.000000
1.000000 7.615773 8.602325
1.000000 2.236068 2.828427
1.000000 4.472136 5.000000
1.000000 4.472136 5.000000
1.000000 7.615773 8.062258
1.000000 1.000000 1.414214
1.000000 11.401754 11.661904
1.000000 8.062258 8.246211
1.000000 8.062258 8.246211
1.000000 5.000000 5.099020
0.000000 -5.000000 inf
0.000000 -1.000000 3.000000
0.000000 -2.000000 2.000000
0.000000 -4.472136 -1.414214
0.000000 -1.414214 1.000000
0.000000 -4.000000 -2.000000
0.000000 -4.000000 -2.000000
0.000000 -3.605551 -2.000000
0.000000 -4.123106 -2.828427
0.000000 -3.162278 -2.236068
0.000000 -3.000000 -2.236068
0.000000 -2.828427 -2.236068
0.000000 -2.828427 -2.236068
0.000000 -2.828427 -2.236068
0.000000 -1.414214 -1.000000
0.000000 -1.414214 -1.000000
0.000000 -4.242641 -4.000000
0.000000 -2.236068 -2.000000
0.000000 -2.236068 -2.000000
0.000000 -2.236068 -2.000000
0.000000 -2.236068 -2.000000
0.000000 -3.000000 -2.828427
0.000000 -3.162278 -3.000000
0.000000 -4.123106 -4.000000
0.000000 -4.123106 -4.000000
