1.000000 1.802776 9.962429
1.000000 2.500000 5.099020
1.000000 1.500000 3.500000
1.000000 -0.500000 1.000000
1.000000 1.000000 2.236068
1.000000 -0.500000 0.707107
1.000000 1.414214 2.500000
1.000000 -0.500000 0.500000
1.000000 -0.500000 0.500000
1.000000 -0.500000 0.500000
1.000000 1.581139 2.500000
1.000000 2.692582 3.605551
1.000000 1.118034 1.802776
1.000000 1.414214 2.061553
1.000000 0.500000 1.118034
1.000000 0.500000 1.118034
1.000000 3.000000 3.605551
1.000000 3.605551 4.123106
1.000000 0.500000 1.000000
1.000000 0.500000 1.000000
1.000000 0.500000 1.000000
1.000000 0.500000 1.000000
1.000000 2.121320 2.549510
1.000000 2.121320 2.549510
1.000000 1.581139 2.000000
1.000000 1.581139 2.000000
1.000000 0.707107 1.118034
1.000000 1.414214 1.802776
1.000000 1.118034 1.500000
1.000000 6.041523 6.363961
1.000000 1.802776 2.121320
1.000000 8.200610 8.514693
1.000000 1.118034 1.414214
1.000000 1.118034 1.414214
1.000000 1.118034 1.414214
1.000000 1.118034 1.414214
1.000000 0.707107 1.000000
1.000000 0.707107 1.000000
1.000000 0.707107 1.000000
1.000000 0.707107 1.000000
1.000000 8.200610 8.485281
1.000000 4.716991 5.000000
1.000000 2.236068 2.500000
1.000000 2.236068 2.500000
1.000000 2.236068 2.500000
1.000000 2.236068 2.500000
1.000000 1.802776 2.061553
1.000000 4.716991 4.949747
1.000000 6.041523 6.264982
1.000000 6.041523 6.264982
1.000000 2.692582 2.915476
1.000000 2.692582 2.915476
1.000000 1.581139 1.802776
1.000000 1.581139 1.802776
1.000000 1.581139 1.802776
1.000000 1.581139 1.802776
1.000000 1.581139 1.802776
1.000000 4.031129 4.242641
1.000000 0.500000 0.707107
1.000000 0.500000 0.707107
1.000000 0.500000 0.707107
1.000000 0.500000 0.707107
1.000000 0.500000 0.707107
1.000000 0.500000 0.707107
1.000000 0.500000 0.707107
1.000000 0.500000 0.707107
1.000000 0.500000 0.707107
1.000000 3.605551 3.807887
1.000000 3.605551 3.807887
1.000000 9.192388 9.394147
1.000000 2.500000 2.692582
1.000000 3.354102 3.535534
1.000000 2.061553 2.236068
1.000000 3.640055 3.807887
1.000000 8.321658 8.485281
1.000000 6.103278 6.264982
1.000000 9.394147 9.552487
1.000000 8.860023 9.013878
1.000000 7.280110 7.433034
1.000000 3.201562 3.354102
1.000000 4.123106 4.272002
1.000000 7.762087 7.905694
1.000000 2.549510 2.692582
1.000000 2.549510 2.692582
1.000000 3.500000 3.640055
1.000000 2.692582 2.828427
1.000000 8.602325 8.732125
1.000000 3.041381 3.162278
1.000000 1.000000 1.118034
1.000000 1.000000 1.118034
1.000000 1.000000 1.118034
1.000000 1.000000 1.118034
1.000000 1.000000 1.118034
1.000000 1.000000 1.118034
1.000000 1.000000 1.118034
1.000000 1.000000 1.118034
1.000000 7.648529 7.762087
1.000000 6.964194 7.071068
1.000000 6.264982 6.363961
1.000000 3.807887 3.905125
1.000000 3.905125 4.000000
1.000000 6.576473 6.670832
1.000000 4.031129 4.123106
1.000000 2.828427 2.915476
1.000000 1.414214 1.500000
1.000000 6.020797 6.103278
1.000000 1.500000 1.581139
1.000000 1.500000 1.581139
1.000000 1.500000 1.581139
1.000000 1.500000 1.581139
1.000000 1.500000 1.581139
1.000000 1.500000 1.581139
1.000000 1.500000 1.581139
1.000000 1.500000 1.581139
1.000000 1.500000 1.581139
1.000000 1.500000 1.581139
1.000000 6.324555 6.403124
1.000000 5.147815 5.220153
1.000000 5.522681 5.590170
1.000000 2.000000 2.061553
1.000000 2.000000 2.061553
1.000000 2.000000 2.061553
1.000000 2.061553 2.121320
1.000000 8.015610 8.062258
1.000000 3.000000 3.041381
1.000000 3.000000 3.041381
1.000000 6.041523 6.082763
1.000000 6.324555 6.363961
1.000000 4.000000 4.031129
1.000000 4.924429 4.949747
1.000000 7.000000 7.017834
1.000000 7.000000 7.017834
1.000000 8.500000 8.514693
0.000000 -2.121320 inf
0.000000 -1.414214 1.000000
0.000000 -1.500000 0.707107
0.000000 -1.414214 0.707107
0.000000 -1.118034 1.000000
0.000000 -1.500000 0.500000
0.000000 -1.000000 1.000000
0.000000 -1.500000 0.500000
0.000000 -0.500000 1.500000
0.000000 -1.000000 1.000000
0.000000 -1.414214 0.500000
0.000000 -1.000000 0.707107
0.000000 -1.118034 0.500000
0.000000 -1.118034 0.500000
0.000000 -1.000000 0.500000
0.000000 -1.000000 0.500000
0.000000 -0.500000 1.000000
0.000000 -0.500000 1.000000
0.000000 -1.000000 0.500000
0.000000 -0.500000 0.707107
0.000000 -0.707107 0.500000
0.000000 -0.707107 0.500000
0.000000 -0.500000 0.500000
0.000000 -1.414214 -0.500000
0.000000 -1.414214 -0.707107
0.000000 -1.414214 -0.707107
0.000000 -1.414214 -0.707107
0.000000 -1.414214 -0.707107
0.000000 -1.414214 -0.707107
0.000000 -1.118034 -0.500000
0.000000 -1.118034 -0.500000
0.000000 -1.118034 -0.500000
0.000000 -1.118034 -0.500000
0.000000 -1.118034 -0.500000
0.000000 -1.118034 -0.500000
0.000000 -1.000000 -0.500000
0.000000 -1.000000 -0.500000
0.000000 -1.000000 -0.500000
0.000000 -1.000000 -0.500000
0.000000 -1.000000 -0.500000
0.000000 -1.000000 -0.500000
0.000000 -1.000000 -0.500000
0.000000 -1.000000 -0.500000
0.000000 -1.000000 -0.500000
0.000000 -1.000000 -0.500000
0.000000 -1.118034 -0.707107
0.000000 -1.118034 -0.707107
0.000000 -1.118034 -0.707107
0.000000 -1.118034 -0.707107
0.000000 -1.118034 -0.707107
0.000000 -1.414214 -1.118034
0.000000 -1.000000 -0.707107
0.000000 -1.000000 -0.707107
0.000000 -1.000000 -0.707107
0.000000 -1.000000 -0.707107
0.000000 -1.000000 -0.707107
0.000000 -1.000000 -0.707107
0.000000 -1.000000 -0.707107
0.000000 -1.000000 -0.707107
0.000000 -1.000000 -0.707107
0.000000 -1.000000 -0.707107
0.000000 -1.000000 -0.707107
0.000000 -1.000000 -0.707107
0.000000 -1.000000 -0.707107
0.000000 -1.000000 -0.707107
0.000000 -1.000000 -0.707107
0.000000 -0.707107 -0.500000
0.000000 -0.707107 -0.500000
0.000000 -0.707107 -0.500000
0.000000 -0.707107 -0.500000
0.000000 -0.707107 -0.500000
0.000000 -0.707107 -0.500000
0.000000 -0.707107 -0.500000
0.000000 -0.707107 -0.500000
0.000000 -0.707107 -0.500000
0.000000 -0.707107 -0.500000
0.000000 -0.707107 -0.500000
0.000000 -0.707107 -0.500000
0.000000 -1.118034 -1.000000
0.000000 -1.118034 -1.000000
0.000000 -1.118034 -1.000000
0.000000 -1.118034 -1.000000
0.000000 -1.118034 -1.000000
0.000000 -1.118034 -1.000000
0.000000 -1.118034 -1.000000
0.000000 -1.118034 -1.000000
0.000000 -1.118034 -1.000000
0.000000 -1.118034 -1.000000
0.000000 -1.118034 -1.000000
0.000000 -1.118034 -1.000000
0.000000 -1.118034 -1.000000
0.000000 -1.118034 -1.000000
