1.000000 -1.000000 2.236068
1.000000 1.414214 4.123106
1.000000 -1.414214 1.000000
1.000000 -1.000000 1.000000
1.000000 -1.000000 1.000000
1.000000 9.000000 10.630146
1.000000 1.000000 2.000000
1.000000 9.000000 9.848858
1.000000 1.000000 1.414214
1.000000 1.000000 1.414214
1.000000 2.000000 2.236068
1.000000 9.000000 9.219544
1.000000 9.000000 9.219544
1.000000 4.000000 4.123106
0.000000 -4.123106 inf
0.000000 -2.000000 1.000000
0.000000 -4.123106 -2.236068
0.000000 -3.605551 -2.236068
0.000000 -2.000000 -1.000000
0.000000 -2.000000 -1.000000
0.000000 -2.828427 -2.000000
0.000000 -2.828427 -2.236068
0.000000 -2.000000 -1.414214
0.000000 -2.000000 -1.414214
0.000000 -2.000000 -1.414214
0.000000 -2.000000 -1.414214
0.000000 -2.000000 -1.414214
0.000000 -1.414214 -1.000000
0.000000 -1.414214 -1.000000
0.000000 -1.414214 -1.000000
