1.000000 10.000000 13.000000
1.000000 10.000000 10.630146
1.000000 10.000000 10.630146
1.000000 12.041595 12.649111
1.000000 10.295630 10.816654
1.000000 10.198039 10.630146
1.000000 10.770330 11.180340
1.000000 10.295630 10.630146
1.000000 10.295630 10.630146
1.000000 11.401754 11.704700
1.000000 9.219544 9.486833
1.000000 10.198039 10.440307
1.000000 11.180340 11.401754
1.000000 12.165525 12.369317
1.000000 8.062258 8.246211
1.000000 9.848858 10.000000
1.000000 12.041595 12.165525
1.000000 4.000000 4.123106
1.000000 13.038405 13.152946
1.000000 8.944272 9.055385
1.000000 7.000000 7.071068
1.000000 9.433981 9.486833
1.000000 10.000000 10.049876
1.000000 10.770330 10.816654
1.000000 12.041595 12.083046
1.000000 14.000000 14.035669
0.000000 -3.000000 inf
0.000000 -1.000000 9.899495
0.000000 -1.000000 8.062258
0.000000 -2.236068 4.000000
0.000000 -1.414214 2.236068
0.000000 -1.000000 2.236068
0.000000 -2.236068 -1.000000
0.000000 -2.236068 -1.414214
0.000000 -2.236068 -2.000000
