1.000000 3.000000 8.500000
1.000000 -2.236068 0.500000
1.000000 -1.000000 0.500000
1.000000 -0.707107 0.500000
1.000000 -0.500000 0.500000
1.000000 0.500000 1.500000
1.000000 6.519202 7.106335
1.000000 1.000000 1.581139
1.000000 1.414214 1.802776
1.000000 2.692582 2.915476
1.000000 1.581139 1.802776
1.000000 1.581139 1.802776
1.000000 0.500000 0.707107
1.000000 0.500000 0.707107
1.000000 0.500000 0.707107
1.000000 8.139410 8.321658
1.000000 5.830952 6.000000
1.000000 8.246211 8.381527
1.000000 3.041381 3.162278
1.000000 7.500000 7.615773
1.000000 6.020797 6.103278
1.000000 1.500000 1.581139
1.000000 8.062258 8.139410
1.000000 2.000000 2.061553
1.000000 2.000000 2.061553
1.000000 2.061553 2.121320
1.000000 7.762087 7.810250
1.000000 3.000000 3.041381
1.000000 3.500000 3.535534
0.000000 -4.272002 inf
0.000000 -4.031129 1.500000
0.000000 -2.061553 0.500000
0.000000 -0.500000 1.500000
0.000000 -0.500000 1.118034
0.000000 -0.500000 0.500000
0.000000 -0.500000 0.500000
0.000000 -2.000000 -1.118034
0.000000 -1.414214 -0.707107
0.000000 -3.162278 -2.549510
0.000000 -1.581139 -1.118034
0.000000 -1.414214 -1.000000
0.000000 -1.414214 -1.000000
0.000000 -1.500000 -1.118034
0.000000 -1.414214 -1.118034
0.000000 -1.000000 -0.707107
0.000000 -1.000000 -0.707107
0.000000 -1.000000 -0.707107
0.000000 -1.000000 -0.707107
0.000000 -1.000000 -0.707107
0.000000 -1.802776 -1.581139
0.000000 -1.581139 -1.414214
0.000000 -1.581139 -1.414214
0.000000 -3.354102 -3.201562
0.000000 -1.118034 -1.000000
0.000000 -1.118034 -1.000000
0.000000 -1.118034 -1.000000
0.000000 -1.500000 -1.414214
0.000000 -1.581139 -1.500000
0.000000 -1.581139 -1.500000
0.000000 -2.549510 -2.500000
