1.000000 -1.414214 9.340771
1.000000 -1.802776 1.118034
1.000000 -0.707107 1.000000
1.000000 6.041523 7.500000
1.000000 -0.500000 0.500000
1.000000 0.500000 1.000000
1.000000 6.403124 6.708204
1.000000 1.118034 1.414214
1.000000 2.236068 2.500000
1.000000 2.000000 2.236068
1.000000 7.158911 7.382412
1.000000 1.581139 1.802776
1.000000 6.519202 6.726812
1.000000 0.500000 0.707107
1.000000 0.500000 0.707107
1.000000 0.500000 0.707107
1.000000 0.500000 0.707107
1.000000 0.500000 0.707107
1.000000 1.802776 2.000000
1.000000 8.860023 9.013878
1.000000 6.041523 6.184658
1.000000 6.363961 6.500000
1.000000 8.602325 8.732125
1.000000 7.158911 7.280110
1.000000 1.000000 1.118034
1.000000 1.000000 1.118034
1.000000 1.000000 1.118034
1.000000 1.000000 1.118034
1.000000 2.121320 2.236068
1.000000 6.708204 6.800735
1.000000 7.071068 7.158911
1.000000 1.500000 1.581139
1.000000 2.000000 2.061553
1.000000 2.000000 2.061553
1.000000 2.500000 2.549510
0.000000 -4.609772 inf
0.000000 -3.000000 1.802776
0.000000 -4.123106 -1.500000
0.000000 -0.500000 1.414214
0.000000 -3.905125 -2.061553
0.000000 -3.041381 -1.802776
0.000000 -0.707107 0.500000
0.000000 -2.500000 -1.581139
0.000000 -1.414214 -0.500000
0.000000 -2.692582 -1.802776
0.000000 -1.118034 -0.500000
0.000000 -2.000000 -1.500000
0.000000 -2.500000 -2.000000
0.000000 -2.500000 -2.061553
0.000000 -2.500000 -2.061553
0.000000 -2.549510 -2.121320
0.000000 -2.915476 -2.549510
0.000000 -2.549510 -2.236068
0.000000 -1.000000 -0.707107
0.000000 -2.500000 -2.236068
0.000000 -2.500000 -2.236068
0.000000 -4.272002 -4.031129
0.000000 -0.707107 -0.500000
0.000000 -0.707107 -0.500000
0.000000 -0.707107 -0.500000
0.000000 -0.707107 -0.500000
0.000000 -0.707107 -0.500000
0.000000 -0.707107 -0.500000
0.000000 -0.707107 -0.500000
0.000000 -2.692582 -2.549510
0.000000 -4.123106 -4.000000
0.000000 -1.118034 -1.000000
0.000000 -2.236068 -2.121320
0.000000 -2.549510 -2.500000
0.000000 -2.549510 -2.500000
0.000000 -2.549510 -2.500000
0.000000 -2.549510 -2.500000
0.000000 -4.272002 -4.242641
