1.000000 -1.000000 1.414214
1.000000 -1.000000 1.000000
1.000000 -1.000000 1.000000
1.000000 1.000000 2.000000
1.000000 1.414214 2.236068
1.000000 2.236068 2.828427
1.000000 10.816654 11.401754
1.000000 15.811388 16.278821
1.000000 1.000000 1.414214
1.000000 1.000000 1.414214
1.000000 1.000000 1.414214
1.000000 1.000000 1.414214
1.000000 1.000000 1.414214
1.000000 1.000000 1.414214
1.000000 1.000000 1.414214
1.000000 15.620499 16.000000
1.000000 14.422205 14.764823
1.000000 11.401754 11.704700
1.000000 16.124515 16.401219
1.000000 2.000000 2.236068
1.000000 2.000000 2.236068
1.000000 12.165525 12.369317
1.000000 3.000000 3.162278
1.000000 11.180340 11.313708
1.000000 11.180340 11.313708
1.000000 4.000000 4.123106
1.000000 15.033296 15.132746
1.000000 16.552945 16.643317
1.000000 11.661904 11.704700
1.000000 12.165525 12.206556
1.000000 13.000000 13.038405
1.000000 14.000000 14.035669
0.000000 -2.236068 inf
0.000000 -2.000000 10.816654
0.000000 -2.000000 3.000000
0.000000 -2.000000 1.000000
0.000000 -1.000000 1.000000
0.000000 -1.000000 1.000000
0.000000 -1.000000 1.000000
0.000000 -2.000000 -1.000000
0.000000 -2.000000 -1.000000
0.000000 -2.000000 -1.000000
0.000000 -2.000000 -1.414214
0.000000 -2.000000 -1.414214
0.000000 -2.000000 -1.414214
0.000000 -2.000000 -1.414214
0.000000 -1.414214 -1.000000
0.000000 -1.414214 -1.000000
0.000000 -1.414214 -1.000000
