1.000000 3.905125 4.716991
1.000000 3.201562 3.605551
1.000000 1.118034 1.414214
1.000000 2.236068 2.500000
1.000000 4.272002 4.527693
1.000000 19.235384 19.455076
1.000000 19.241881 19.455076
1.000000 0.500000 0.707107
1.000000 21.731314 21.931712
1.000000 3.354102 3.535534
1.000000 3.354102 3.535534
1.000000 19.300259 19.474342
1.000000 3.000000 3.162278
1.000000 19.300259 19.455076
1.000000 4.123106 4.272002
1.000000 4.123106 4.272002
1.000000 22.472205 22.610838
1.000000 3.905125 4.031129
1.000000 3.905125 4.031129
1.000000 19.525624 19.646883
1.000000 19.525624 19.646883
1.000000 1.000000 1.118034
1.000000 19.729420 19.830532
1.000000 22.005681 22.102036
1.000000 19.811613 19.906029
1.000000 22.803509 22.896506
1.000000 23.837995 23.926972
1.000000 3.535534 3.605551
1.000000 20.155644 20.223748
1.000000 23.478714 23.537205
1.000000 20.099751 20.155644
1.000000 21.639085 21.691012
1.000000 2.500000 2.549510
1.000000 25.079872 25.124689
1.000000 20.518285 20.554805
1.000000 21.470911 21.505813
1.000000 4.000000 4.031129
1.000000 20.524376 20.554805
1.000000 4.500000 4.527693
1.000000 4.500000 4.527693
1.000000 21.000000 21.005952
1.000000 26.500000 26.504717
0.000000 -2.061553 inf
0.000000 -2.000000 19.235384
0.000000 -1.500000 2.500000
0.000000 -0.707107 3.000000
0.000000 -1.500000 2.061553
0.000000 -1.118034 1.000000
0.000000 -0.500000 1.000000
0.000000 -0.500000 0.500000
0.000000 -1.000000 -0.500000
0.000000 -1.000000 -0.500000
0.000000 -1.118034 -0.707107
0.000000 -1.000000 -0.707107
0.000000 -0.707107 -0.500000
0.000000 -0.707107 -0.500000
0.000000 -1.118034 -1.000000
0.000000 -1.500000 -1.414214
