1.000000 -1.000000 2.000000
1.000000 -1.000000 0.500000
1.000000 -1.000000 0.500000
1.000000 -0.707107 0.707107
1.000000 -0.707107 0.500000
1.000000 0.707107 1.802776
1.000000 1.500000 1.802776
1.000000 0.707107 1.000000
1.000000 1.581139 1.802776
1.000000 4.031129 4.242641
1.000000 0.500000 0.707107
1.000000 1.000000 1.118034
1.000000 1.000000 1.118034
1.000000 1.500000 1.581139
1.000000 3.000000 3.041381
1.000000 4.272002 4.301163
0.000000 -4.031129 inf
0.000000 -1.802776 0.500000
0.000000 -0.500000 1.000000
0.000000 -2.236068 -1.118034
0.000000 -2.000000 -1.118034
0.000000 -2.121320 -1.500000
0.000000 -2.549510 -2.121320
0.000000 -1.414214 -1.000000
0.000000 -1.414214 -1.000000
0.000000 -1.414214 -1.118034
0.000000 -2.236068 -2.061553
0.000000 -1.581139 -1.414214
0.000000 -1.118034 -1.000000
0.000000 -1.118034 -1.000000
0.000000 -2.236068 -2.121320
0.000000 -2.061553 -2.000000
0.000000 -2.549510 -2.500000
