1.000000 -1.414214 2.000000
1.000000 -2.000000 1.000000
1.000000 -2.000000 1.000000
1.000000 -1.414214 1.000000
1.000000 -1.414214 1.000000
1.000000 -1.000000 1.000000
1.000000 -1.000000 1.000000
1.000000 -1.000000 1.000000
1.000000 -1.000000 1.000000
1.000000 7.211103 7.810250
1.000000 7.211103 7.810250
1.000000 7.615773 8.062258
1.000000 3.162278 3.605551
1.000000 7.211103 7.615773
1.000000 11.704700 12.083046
1.000000 7.280110 7.615773
1.000000 8.246211 8.544004
1.000000 12.165525 12.369317
1.000000 7.615773 7.810250
1.000000 8.062258 8.246211
1.000000 9.055385 9.219544
1.000000 4.000000 4.123106
1.000000 13.000000 13.038405
0.000000 -10.000000 inf
0.000000 -1.000000 7.071068
0.000000 -1.414214 6.000000
0.000000 -1.000000 2.236068
0.000000 -1.000000 2.000000
0.000000 -1.000000 2.000000
0.000000 -1.000000 1.414214
0.000000 -1.000000 1.000000
0.000000 -1.000000 1.000000
0.000000 -5.385165 -4.242641
0.000000 -3.000000 -2.236068
0.000000 -2.000000 -1.414214
0.000000 -2.236068 -2.000000
0.000000 -2.236068 -2.000000
0.000000 -3.162278 -3.000000
