1.000000 5.385165 7.158911
1.000000 0.500000 1.000000
1.000000 5.000000 5.408327
1.000000 5.000000 5.315073
1.000000 1.118034 1.414214
1.000000 5.147815 5.408327
1.000000 6.082763 6.324555
1.000000 5.590170 5.830952
1.000000 6.041523 6.264982
1.000000 2.692582 2.915476
1.000000 4.716991 4.924429
1.000000 0.500000 0.707107
1.000000 5.385165 5.590170
1.000000 3.640055 3.807887
1.000000 3.640055 3.807887
1.000000 5.147815 5.315073
1.000000 5.147815 5.315073
1.000000 5.700877 5.852350
1.000000 6.184658 6.324555
1.000000 5.590170 5.700877
1.000000 5.590170 5.700877
1.000000 5.315073 5.408327
1.000000 6.020797 6.103278
1.000000 6.519202 6.576473
1.000000 5.656854 5.700877
1.000000 5.656854 5.700877
1.000000 3.000000 3.041381
1.000000 3.000000 3.041381
1.000000 4.000000 4.031129
1.000000 5.000000 5.024938
1.000000 5.385165 5.408327
1.000000 6.020797 6.041523
0.000000 -4.123106 inf
0.000000 -1.802776 3.605551
0.000000 -0.500000 2.692582
0.000000 -1.414214 1.118034
0.000000 -1.414214 0.500000
0.000000 -2.121320 -1.414214
0.000000 -2.236068 -1.581139
0.000000 -2.061553 -1.414214
0.000000 -1.000000 -0.500000
0.000000 -2.000000 -1.500000
0.000000 -1.118034 -0.707107
0.000000 -1.414214 -1.118034
0.000000 -1.000000 -0.707107
0.000000 -2.061553 -1.802776
0.000000 -1.802776 -1.581139
0.000000 -1.118034 -1.000000
0.000000 -4.000000 -3.905125
0.000000 -1.581139 -1.500000
0.000000 -2.061553 -2.000000
