1.000000 -2.000000 14.560220
1.000000 11.704700 12.041595
1.000000 11.180340 11.401754
1.000000 12.165525 12.369317
1.000000 12.206556 12.369317
1.000000 11.000000 11.045361
0.000000 -5.000000 inf
0.000000 -5.000000 -2.000000
0.000000 -4.000000 -2.236068
0.000000 -4.000000 -2.828427
0.000000 -4.123106 -3.000000
0.000000 -3.605551 -3.000000
0.000000 -2.828427 -2.236068
0.000000 -2.828427 -2.236068
0.000000 -2.828427 -2.236068
0.000000 -2.828427 -2.236068
0.000000 -2.828427 -2.236068
0.000000 -4.123106 -3.605551
0.000000 -4.123106 -3.605551
0.000000 -3.605551 -3.162278
0.000000 -4.000000 -3.605551
0.000000 -2.236068 -2.000000
0.000000 -2.236068 -2.000000
0.000000 -3.000000 -2.828427
0.000000 -3.162278 -3.000000
0.000000 -3.162278 -3.000000
0.000000 -3.162278 -3.000000
0.000000 -3.162278 -3.000000
0.000000 -3.162278 -3.000000
0.000000 -4.123106 -4.000000
