1.000000 -1.118034 1.000000
1.000000 0.707107 2.500000
1.000000 0.707107 2.000000
1.000000 -0.707107 0.500000
1.000000 -0.707107 0.500000
1.000000 -0.707107 0.500000
1.000000 0.500000 1.414214
1.000000 2.500000 3.201562
1.000000 2.828427 3.500000
1.000000 0.500000 1.118034
1.000000 1.414214 2.000000
1.000000 2.061553 2.549510
1.000000 1.414214 1.802776
1.000000 1.118034 1.500000
1.000000 1.802776 2.121320
1.000000 1.118034 1.414214
1.000000 1.118034 1.414214
1.000000 0.707107 1.000000
1.000000 0.707107 1.000000
1.000000 0.707107 1.000000
1.000000 0.707107 1.000000
1.000000 2.236068 2.500000
1.000000 1.802776 2.061553
1.000000 1.802776 2.061553
1.000000 1.581139 1.802776
1.000000 1.581139 1.802776
1.000000 1.581139 1.802776
1.000000 1.581139 1.802776
1.000000 0.500000 0.707107
1.000000 1.802776 2.000000
1.000000 2.500000 2.692582
1.000000 2.061553 2.236068
1.000000 2.061553 2.236068
1.000000 1.414214 1.581139
1.000000 5.852350 6.000000
1.000000 2.549510 2.692582
1.000000 2.915476 3.041381
1.000000 2.915476 3.041381
1.000000 3.041381 3.162278
1.000000 3.041381 3.162278
1.000000 1.000000 1.118034
1.000000 1.000000 1.118034
1.000000 1.000000 1.118034
1.000000 2.121320 2.236068
1.000000 2.828427 2.915476
1.000000 1.500000 1.581139
1.000000 6.184658 6.264982
1.000000 2.000000 2.061553
1.000000 2.061553 2.121320
1.000000 2.061553 2.121320
1.000000 2.500000 2.549510
1.000000 2.500000 2.549510
1.000000 9.513149 9.552487
1.000000 3.162278 3.201562
1.000000 3.500000 3.535534
1.000000 3.500000 3.535534
1.000000 8.500000 8.514693
0.000000 -4.272002 inf
0.000000 -1.118034 2.061553
0.000000 -2.236068 0.500000
0.000000 -0.500000 2.121320
0.000000 -1.000000 1.581139
0.000000 -0.500000 1.802776
0.000000 -1.581139 0.500000
0.000000 -1.000000 1.000000
0.000000 -1.000000 1.000000
0.000000 -3.354102 -1.414214
0.000000 -1.118034 0.500000
0.000000 -0.500000 1.000000
0.000000 -1.000000 0.500000
0.000000 -0.707107 0.707107
0.000000 -2.692582 -1.414214
0.000000 -0.500000 0.707107
0.000000 -0.707107 0.500000
0.000000 -0.707107 0.500000
0.000000 -0.500000 0.707107
0.000000 -0.707107 0.500000
0.000000 -0.500000 0.500000
0.000000 -0.500000 0.500000
0.000000 -4.000000 -3.162278
0.000000 -2.061553 -1.500000
0.000000 -2.061553 -1.581139
0.000000 -3.354102 -3.041381
0.000000 -1.802776 -1.500000
0.000000 -1.414214 -1.118034
0.000000 -1.000000 -0.707107
0.000000 -1.000000 -0.707107
0.000000 -1.000000 -0.707107
0.000000 -2.061553 -1.802776
0.000000 -0.707107 -0.500000
0.000000 -2.000000 -1.802776
0.000000 -3.807887 -3.640055
0.000000 -2.692582 -2.549510
0.000000 -1.118034 -1.000000
0.000000 -1.118034 -1.000000
