1.000000 -1.118034 8.200610
1.000000 -0.707107 1.500000
1.000000 -0.707107 1.414214
1.000000 -0.707107 0.500000
1.000000 -0.707107 0.500000
1.000000 -0.500000 0.500000
1.000000 0.707107 1.500000
1.000000 0.500000 1.000000
1.000000 4.609772 5.099020
1.000000 1.118034 1.414214
1.000000 1.118034 1.414214
1.000000 1.118034 1.414214
1.000000 1.118034 1.414214
1.000000 0.707107 1.000000
1.000000 0.707107 1.000000
1.000000 0.707107 1.000000
1.000000 4.472136 4.716991
1.000000 0.500000 0.707107
1.000000 0.500000 0.707107
1.000000 4.743416 4.924429
1.000000 4.743416 4.924429
1.000000 4.743416 4.924429
1.000000 5.852350 6.020797
1.000000 7.905694 8.062258
1.000000 5.700877 5.830952
1.000000 5.099020 5.220153
1.000000 1.000000 1.118034
1.000000 1.000000 1.118034
1.000000 1.000000 1.118034
1.000000 1.000000 1.118034
1.000000 1.000000 1.118034
1.000000 4.609772 4.716991
1.000000 4.609772 4.716991
1.000000 4.609772 4.716991
1.000000 6.082763 6.184658
1.000000 1.500000 1.581139
1.000000 5.522681 5.590170
1.000000 5.099020 5.147815
1.000000 16.000000 16.031220
1.000000 5.500000 5.522681
1.000000 6.000000 6.020797
1.000000 6.500000 6.519202
0.000000 -6.000000 inf
0.000000 -0.500000 16.000000
0.000000 -1.414214 2.549510
0.000000 -3.807887 -1.500000
0.000000 -3.201562 -1.414214
0.000000 -3.535534 -1.802776
0.000000 -0.500000 1.118034
0.000000 -2.500000 -1.118034
0.000000 -0.500000 0.500000
0.000000 -0.500000 0.500000
0.000000 -5.000000 -4.031129
0.000000 -1.500000 -1.000000
0.000000 -2.500000 -2.061553
0.000000 -1.414214 -1.000000
0.000000 -1.118034 -0.707107
0.000000 -1.500000 -1.118034
0.000000 -2.121320 -1.802776
0.000000 -1.414214 -1.118034
0.000000 -1.414214 -1.118034
0.000000 -1.414214 -1.118034
0.000000 -1.414214 -1.118034
0.000000 -2.061553 -1.802776
0.000000 -2.915476 -2.692582
0.000000 -0.707107 -0.500000
0.000000 -3.807887 -3.605551
0.000000 -2.236068 -2.061553
0.000000 -2.828427 -2.692582
0.000000 -3.162278 -3.041381
0.000000 -1.118034 -1.000000
0.000000 -2.236068 -2.121320
0.000000 -3.640055 -3.535534
0.000000 -4.123106 -4.031129
0.000000 -2.915476 -2.828427
0.000000 -1.500000 -1.414214
0.000000 -1.581139 -1.500000
0.000000 -2.061553 -2.000000
0.000000 -2.061553 -2.000000
0.000000 -3.041381 -3.000000
0.000000 -5.522681 -5.500000
