1.000000 -1.131371 3.577709
1.000000 -2.529822 0.800000
1.000000 -1.600000 0.800000
1.000000 -0.800000 0.800000
1.000000 -0.800000 0.800000
1.000000 1.600000 3.200000
1.000000 5.768882 6.248200
1.000000 5.768882 6.248200
1.000000 1.788854 2.262742
1.000000 1.788854 2.262742
1.000000 2.529822 2.884441
1.000000 2.529822 2.884441
1.000000 2.262742 2.529822
1.000000 1.600000 1.788854
1.000000 6.092618 6.248200
1.000000 3.200000 3.298485
1.000000 3.200000 3.298485
0.000000 -7.375636 inf
0.000000 -1.131371 4.079216
0.000000 -3.577709 -1.131371
0.000000 -4.664762 -2.262742
0.000000 -0.800000 1.131371
0.000000 -0.800000 0.800000
0.000000 -4.079216 -3.200000
0.000000 -1.788854 -1.600000
0.000000 -3.577709 -3.394113
0.000000 -2.529822 -2.400000
0.000000 -2.529822 -2.400000
0.000000 -2.529822 -2.400000
0.000000 -3.298485 -3.200000
