1.000000 4.123106 11.335784
1.000000 -1.118034 0.500000
1.000000 -0.500000 0.500000
1.000000 3.201562 3.535534
1.000000 1.802776 2.121320
1.000000 3.201562 3.500000
1.000000 3.354102 3.605551
1.000000 1.581139 1.802776
1.000000 10.965856 11.180340
1.000000 5.385165 5.590170
1.000000 10.307764 10.511898
1.000000 1.802776 2.000000
1.000000 3.162278 3.354102
1.000000 11.067972 11.236103
1.000000 3.640055 3.807887
1.000000 4.123106 4.272002
1.000000 10.793517 10.920165
1.000000 3.041381 3.162278
1.000000 3.041381 3.162278
1.000000 1.000000 1.118034
1.000000 5.590170 5.700877
1.000000 2.828427 2.915476
1.000000 2.061553 2.121320
1.000000 7.516648 7.566373
1.000000 6.000000 6.041523
1.000000 3.500000 3.535534
1.000000 3.500000 3.535534
1.000000 4.000000 4.031129
1.000000 4.500000 4.527693
1.000000 4.500000 4.527693
1.000000 5.385165 5.408327
1.000000 6.000000 6.020797
1.000000 6.000000 6.020797
1.000000 10.594810 10.606602
1.000000 10.965856 10.977249
0.000000 -5.000000 inf
0.000000 -1.500000 3.162278
0.000000 -0.500000 2.828427
0.000000 -0.500000 2.549510
0.000000 -0.707107 1.581139
0.000000 -0.500000 1.500000
0.000000 -2.828427 -1.118034
0.000000 -0.500000 1.000000
0.000000 -0.500000 1.000000
0.000000 -1.500000 -0.500000
0.000000 -2.000000 -1.118034
0.000000 -1.414214 -0.707107
0.000000 -1.802776 -1.414214
0.000000 -2.121320 -1.802776
0.000000 -4.716991 -4.472136
0.000000 -0.707107 -0.500000
0.000000 -1.581139 -1.414214
0.000000 -1.118034 -1.000000
0.000000 -1.500000 -1.414214
0.000000 -4.609772 -4.527693
