1.000000 1.000000 5.315073
1.000000 1.118034 1.500000
1.000000 2.500000 2.828427
1.000000 2.500000 2.828427
1.000000 5.000000 5.315073
1.000000 7.905694 8.200610
1.000000 15.652476 15.882380
1.000000 2.692582 2.915476
1.000000 4.949747 5.147815
1.000000 1.802776 2.000000
1.000000 15.692355 15.882380
1.000000 5.147815 5.315073
1.000000 15.652476 15.811388
1.000000 6.041523 6.184658
1.000000 6.041523 6.184658
1.000000 15.811388 15.953056
1.000000 8.062258 8.200610
1.000000 8.139410 8.276473
1.000000 8.381527 8.514693
1.000000 3.041381 3.162278
1.000000 1.000000 1.118034
1.000000 1.000000 1.118034
1.000000 16.007811 16.101242
1.000000 8.062258 8.139410
1.000000 9.055385 9.124144
1.000000 2.061553 2.121320
1.000000 10.000000 10.049876
1.000000 10.000000 10.049876
1.000000 2.500000 2.549510
1.000000 16.278821 16.324828
1.000000 3.500000 3.535534
0.000000 -4.123106 inf
0.000000 -3.201562 9.708244
0.000000 -2.061553 5.852350
0.000000 -3.162278 0.500000
0.000000 -2.692582 -0.707107
0.000000 -2.828427 -1.000000
0.000000 -1.500000 -0.500000
0.000000 -1.414214 -0.500000
0.000000 -2.500000 -1.802776
0.000000 -2.500000 -2.121320
0.000000 -2.121320 -1.802776
0.000000 -1.802776 -1.500000
0.000000 -2.236068 -2.000000
0.000000 -2.000000 -1.802776
0.000000 -2.692582 -2.500000
0.000000 -1.581139 -1.414214
0.000000 -2.236068 -2.121320
0.000000 -1.500000 -1.414214
0.000000 -1.581139 -1.500000
