1.000000 -1.600000 3.394113
1.000000 -3.200000 0.800000
1.000000 -0.800000 3.200000
1.000000 0.800000 3.200000
1.000000 0.800000 2.884441
1.000000 -0.800000 0.800000
1.000000 2.400000 3.394113
1.000000 0.800000 1.600000
1.000000 2.400000 2.884441
1.000000 2.884441 3.298485
1.000000 0.800000 1.131371
1.000000 0.800000 1.131371
1.000000 0.800000 1.131371
1.000000 0.800000 1.131371
1.000000 0.800000 1.131371
1.000000 0.800000 1.131371
1.000000 0.800000 1.131371
1.000000 0.800000 1.131371
1.000000 1.600000 1.788854
1.000000 1.600000 1.788854
1.000000 1.600000 1.788854
1.000000 2.262742 2.400000
1.000000 2.400000 2.529822
1.000000 2.400000 2.529822
1.000000 3.200000 3.298485
0.000000 -10.430724 inf
0.000000 -6.248200 -3.394113
0.000000 -1.131371 0.800000
0.000000 -5.366563 -3.577709
0.000000 -5.122499 -4.000000
0.000000 -4.800000 -4.079216
0.000000 -4.664762 -4.079216
0.000000 -1.600000 -1.131371
0.000000 -6.092618 -5.656854
0.000000 -6.092618 -5.656854
0.000000 -4.000000 -3.577709
0.000000 -5.768882 -5.366563
0.000000 -4.664762 -4.308132
0.000000 -2.884441 -2.529822
0.000000 -2.884441 -2.529822
0.000000 -4.308132 -4.000000
0.000000 -5.824088 -5.656854
0.000000 -5.824088 -5.656854
0.000000 -2.400000 -2.262742
0.000000 -5.768882 -5.656854
0.000000 -5.768882 -5.656854
0.000000 -5.768882 -5.656854
0.000000 -3.298485 -3.200000
0.000000 -3.394113 -3.298485
