1.000000 2.061553 5.385165
1.000000 -1.118034 1.000000
1.000000 0.500000 2.500000
1.000000 -0.707107 1.118034
1.000000 1.802776 3.500000
1.000000 0.500000 2.061553
1.000000 -0.500000 0.500000
1.000000 1.000000 1.802776
1.000000 0.500000 1.000000
1.000000 1.118034 1.500000
1.000000 1.118034 1.500000
1.000000 1.802776 2.121320
1.000000 1.500000 1.802776
1.000000 1.118034 1.414214
1.000000 1.118034 1.414214
1.000000 0.707107 1.000000
1.000000 0.707107 1.000000
1.000000 0.707107 1.000000
1.000000 0.500000 0.707107
1.000000 0.500000 0.707107
1.000000 0.500000 0.707107
1.000000 0.500000 0.707107
1.000000 2.061553 2.236068
1.000000 2.061553 2.236068
1.000000 2.061553 2.236068
1.000000 2.692582 2.828427
1.000000 3.041381 3.162278
1.000000 1.000000 1.118034
1.000000 2.121320 2.236068
1.000000 1.414214 1.500000
1.000000 1.414214 1.500000
1.000000 2.500000 2.549510
1.000000 2.500000 2.549510
1.000000 2.500000 2.549510
0.000000 -3.162278 inf
0.000000 -1.414214 1.500000
0.000000 -2.500000 -0.707107
0.000000 -2.236068 -1.118034
0.000000 -2.000000 -1.000000
0.000000 -2.061553 -1.414214
0.000000 -2.692582 -2.061553
0.000000 -2.000000 -1.414214
0.000000 -1.581139 -1.000000
0.000000 -1.000000 -0.500000
0.000000 -1.000000 -0.500000
0.000000 -1.500000 -1.000000
0.000000 -2.000000 -1.500000
0.000000 -1.581139 -1.118034
0.000000 -1.414214 -1.000000
0.000000 -1.118034 -0.707107
0.000000 -1.118034 -0.707107
0.000000 -1.802776 -1.414214
0.000000 -1.802776 -1.414214
0.000000 -1.802776 -1.500000
0.000000 -1.414214 -1.118034
0.000000 -1.802776 -1.581139
0.000000 -0.707107 -0.500000
0.000000 -1.581139 -1.414214
0.000000 -1.118034 -1.000000
0.000000 -1.118034 -1.000000
0.000000 -2.236068 -2.121320
0.000000 -2.236068 -2.121320
0.000000 -2.236068 -2.121320
0.000000 -1.581139 -1.500000
0.000000 -1.581139 -1.500000
0.000000 -1.581139 -1.500000
0.000000 -2.061553 -2.000000
