1.000000 5.522681 11.853270
1.000000 -0.707107 1.802776
1.000000 -0.500000 1.118034
1.000000 -0.500000 0.500000
1.000000 1.500000 2.500000
1.000000 0.500000 1.414214
1.000000 0.500000 1.000000
1.000000 2.549510 3.000000
1.000000 1.414214 1.802776
1.000000 1.118034 1.500000
1.000000 1.118034 1.500000
1.000000 5.220153 5.590170
1.000000 2.236068 2.549510
1.000000 1.118034 1.414214
1.000000 1.118034 1.414214
1.000000 0.707107 1.000000
1.000000 0.707107 1.000000
1.000000 0.707107 1.000000
1.000000 0.707107 1.000000
1.000000 8.902247 9.178780
1.000000 2.236068 2.500000
1.000000 2.236068 2.500000
1.000000 2.236068 2.500000
1.000000 3.354102 3.605551
1.000000 1.581139 1.802776
1.000000 1.581139 1.802776
1.000000 0.500000 0.707107
1.000000 0.500000 0.707107
1.000000 9.013878 9.192388
1.000000 8.845903 9.013878
1.000000 1.414214 1.581139
1.000000 1.414214 1.581139
1.000000 5.220153 5.385165
1.000000 2.549510 2.692582
1.000000 2.549510 2.692582
1.000000 1.000000 1.118034
1.000000 1.000000 1.118034
1.000000 1.000000 1.118034
1.000000 1.000000 1.118034
1.000000 5.500000 5.590170
1.000000 1.500000 1.581139
1.000000 1.500000 1.581139
1.000000 11.101802 11.180340
1.000000 2.000000 2.061553
1.000000 2.000000 2.061553
1.000000 8.845903 8.902247
1.000000 2.500000 2.549510
1.000000 2.500000 2.549510
1.000000 10.259142 10.307764
1.000000 9.178780 9.219544
1.000000 3.605551 3.640055
1.000000 11.011358 11.045361
1.000000 11.510864 11.543396
1.000000 4.000000 4.031129
1.000000 10.606602 10.630146
1.000000 10.770330 10.793517
1.000000 8.000000 8.015610
0.000000 -2.500000 inf
0.000000 -2.061553 2.000000
0.000000 -0.707107 3.354102
0.000000 -0.500000 2.500000
0.000000 -0.500000 2.121320
0.000000 -1.581139 0.500000
0.000000 -1.000000 1.000000
0.000000 -1.500000 0.500000
0.000000 -1.000000 1.000000
0.000000 -1.118034 0.707107
0.000000 -0.707107 1.000000
0.000000 -1.000000 0.500000
0.000000 -0.500000 1.000000
0.000000 -0.707107 0.707107
0.000000 -2.236068 -1.000000
0.000000 -0.500000 0.707107
0.000000 -0.500000 0.707107
0.000000 -0.707107 0.500000
0.000000 -2.061553 -1.000000
0.000000 -2.000000 -1.118034
0.000000 -1.802776 -1.000000
0.000000 -1.118034 -0.500000
0.000000 -1.000000 -0.500000
0.000000 -1.500000 -1.000000
0.000000 -1.000000 -0.500000
0.000000 -2.000000 -1.581139
0.000000 -1.414214 -1.000000
0.000000 -1.414214 -1.000000
0.000000 -1.414214 -1.000000
0.000000 -1.118034 -0.707107
0.000000 -1.500000 -1.118034
0.000000 -1.414214 -1.118034
0.000000 -1.414214 -1.118034
0.000000 -0.707107 -0.500000
0.000000 -0.707107 -0.500000
0.000000 -0.707107 -0.500000
0.000000 -2.000000 -1.802776
0.000000 -1.118034 -1.000000
0.000000 -1.118034 -1.000000
0.000000 -1.118034 -1.000000
0.000000 -1.500000 -1.414214
0.000000 -1.581139 -1.500000
0.000000 -1.581139 -1.500000
