1.000000 0.500000 12.093387
1.000000 -0.500000 1.802776
1.000000 -0.707107 0.500000
1.000000 -0.707107 0.500000
1.000000 -0.500000 0.500000
1.000000 -0.500000 0.500000
1.000000 -0.500000 0.500000
1.000000 -0.500000 0.500000
1.000000 0.707107 1.581139
1.000000 0.500000 1.118034
1.000000 0.500000 1.118034
1.000000 1.118034 1.581139
1.000000 1.118034 1.414214
1.000000 1.118034 1.414214
1.000000 1.118034 1.414214
1.000000 1.118034 1.414214
1.000000 0.707107 1.000000
1.000000 0.707107 1.000000
1.000000 0.707107 1.000000
1.000000 0.707107 1.000000
1.000000 0.707107 1.000000
1.000000 0.707107 1.000000
1.000000 0.707107 1.000000
1.000000 9.848858 10.062306
1.000000 0.500000 0.707107
1.000000 0.500000 0.707107
1.000000 0.500000 0.707107
1.000000 0.500000 0.707107
1.000000 0.500000 0.707107
1.000000 9.617692 9.823441
1.000000 10.124228 10.307764
1.000000 10.440307 10.594810
1.000000 10.793517 10.920165
1.000000 1.000000 1.118034
1.000000 1.000000 1.118034
1.000000 11.180340 11.280514
1.000000 1.500000 1.581139
1.000000 1.500000 1.581139
1.000000 1.500000 1.581139
1.000000 1.500000 1.581139
1.000000 11.597414 11.672618
1.000000 2.000000 2.061553
1.000000 2.061553 2.121320
1.000000 9.433981 9.486833
1.000000 3.162278 3.201562
1.000000 3.500000 3.535534
1.000000 11.500000 11.510864
1.000000 12.010412 12.020815
0.000000 -3.807887 inf
0.000000 -3.000000 -0.707107
0.000000 -3.000000 -1.000000
0.000000 -2.692582 -1.414214
0.000000 -0.707107 0.500000
0.000000 -0.707107 0.500000
0.000000 -1.802776 -0.707107
0.000000 -1.802776 -0.707107
0.000000 -2.061553 -1.000000
0.000000 -0.500000 0.500000
0.000000 -0.500000 0.500000
0.000000 -0.500000 0.500000
0.000000 -0.500000 0.500000
0.000000 -2.000000 -1.118034
0.000000 -1.581139 -0.707107
0.000000 -1.500000 -0.707107
0.000000 -2.549510 -1.802776
0.000000 -1.414214 -0.707107
0.000000 -1.000000 -0.500000
0.000000 -1.581139 -1.118034
0.000000 -1.414214 -1.000000
0.000000 -1.118034 -0.707107
0.000000 -1.414214 -1.118034
0.000000 -1.000000 -0.707107
0.000000 -1.000000 -0.707107
0.000000 -3.807887 -3.535534
0.000000 -2.061553 -1.802776
0.000000 -2.061553 -1.802776
0.000000 -2.061553 -1.802776
0.000000 -1.802776 -1.581139
0.000000 -0.707107 -0.500000
0.000000 -0.707107 -0.500000
0.000000 -2.000000 -1.802776
0.000000 -2.000000 -1.802776
0.000000 -1.118034 -1.000000
0.000000 -1.118034 -1.000000
0.000000 -1.118034 -1.000000
0.000000 -1.118034 -1.000000
