1.000000 -1.118034 5.700877
1.000000 -1.000000 1.000000
1.000000 -0.707107 0.707107
1.000000 -0.707107 0.500000
1.000000 0.500000 1.581139
1.000000 2.828427 3.201562
1.000000 1.118034 1.414214
1.000000 1.118034 1.414214
1.000000 2.915476 3.201562
1.000000 2.915476 3.201562
1.000000 1.581139 1.802776
1.000000 1.581139 1.802776
1.000000 0.500000 0.707107
1.000000 0.500000 0.707107
1.000000 0.500000 0.707107
1.000000 3.162278 3.354102
1.000000 5.099020 5.220153
1.000000 5.099020 5.220153
1.000000 1.500000 1.581139
1.000000 1.500000 1.581139
1.000000 4.924429 5.000000
1.000000 2.000000 2.061553
1.000000 3.500000 3.535534
1.000000 4.716991 4.743416
1.000000 5.500000 5.522681
0.000000 -4.031129 inf
0.000000 -3.000000 -1.500000
0.000000 -2.500000 -1.118034
0.000000 -0.500000 0.500000
0.000000 -0.500000 0.500000
0.000000 -2.236068 -1.500000
0.000000 -2.061553 -1.414214
0.000000 -2.061553 -1.500000
0.000000 -1.000000 -0.500000
0.000000 -1.000000 -0.500000
0.000000 -2.236068 -1.802776
0.000000 -2.000000 -1.581139
0.000000 -2.000000 -1.581139
0.000000 -2.000000 -1.581139
0.000000 -1.118034 -0.707107
0.000000 -1.802776 -1.500000
0.000000 -1.802776 -1.581139
0.000000 -2.236068 -2.061553
0.000000 -2.236068 -2.061553
0.000000 -2.828427 -2.692582
0.000000 -2.121320 -2.000000
0.000000 -1.581139 -1.500000
0.000000 -1.581139 -1.500000
0.000000 -1.581139 -1.500000
0.000000 -3.605551 -3.535534
0.000000 -2.061553 -2.000000
