1.000000 -1.000000 2.236068
1.000000 2.000000 4.472136
1.000000 2.000000 4.472136
1.000000 2.236068 4.472136
1.000000 -1.000000 1.000000
1.000000 -1.000000 1.000000
1.000000 -1.000000 1.000000
1.000000 -1.000000 1.000000
1.000000 2.828427 4.472136
1.000000 1.000000 2.000000
1.000000 2.236068 3.000000
1.000000 3.605551 4.242641
1.000000 2.236068 2.828427
1.000000 2.236068 2.828427
1.000000 1.414214 2.000000
1.000000 1.414214 2.000000
1.000000 10.295630 10.816654
1.000000 10.000000 10.440307
1.000000 1.000000 1.414214
1.000000 1.000000 1.414214
1.000000 1.000000 1.414214
1.000000 1.000000 1.414214
1.000000 1.000000 1.414214
1.000000 10.770330 11.180340
1.000000 11.401754 11.704700
1.000000 2.000000 2.236068
1.000000 2.000000 2.236068
1.000000 2.000000 2.236068
1.000000 12.165525 12.369317
1.000000 9.055385 9.219544
1.000000 9.055385 9.219544
1.000000 3.000000 3.162278
1.000000 3.000000 3.162278
1.000000 3.000000 3.162278
1.000000 4.123106 4.242641
1.000000 13.038405 13.152946
1.000000 9.848858 9.899495
1.000000 14.000000 14.035669
0.000000 -5.099020 inf
0.000000 -1.000000 8.544004
0.000000 -3.605551 -1.000000
0.000000 -1.414214 1.000000
0.000000 -1.000000 1.000000
0.000000 -1.000000 1.000000
0.000000 -1.000000 1.000000
0.000000 -1.000000 1.000000
0.000000 -1.000000 1.000000
0.000000 -3.162278 -1.414214
0.000000 -2.828427 -1.414214
0.000000 -2.828427 -1.414214
0.000000 -2.000000 -1.000000
0.000000 -2.000000 -1.000000
0.000000 -2.000000 -1.000000
0.000000 -2.828427 -2.236068
0.000000 -2.000000 -1.414214
0.000000 -2.000000 -1.414214
0.000000 -2.000000 -1.414214
0.000000 -2.000000 -1.414214
0.000000 -2.000000 -1.414214
0.000000 -2.000000 -1.414214
0.000000 -1.414214 -1.000000
0.000000 -4.000000 -3.605551
0.000000 -2.236068 -2.000000
0.000000 -2.236068 -2.000000
0.000000 -2.236068 -2.000000
0.000000 -5.099020 -5.000000
