1.000000 -1.000000 13.416408
1.000000 -2.000000 2.000000
1.000000 -1.000000 1.000000
1.000000 1.000000 1.414214
1.000000 1.000000 1.414214
1.000000 1.000000 1.414214
1.000000 12.727922 13.038405
1.000000 12.727922 13.000000
1.000000 12.206556 12.369317
1.000000 12.727922 12.806248
0.000000 -6.403124 inf
0.000000 -4.000000 -2.000000
0.000000 -2.828427 -1.000000
0.000000 -4.000000 -2.236068
0.000000 -3.000000 -2.000000
0.000000 -6.324555 -5.385165
0.000000 -3.605551 -2.828427
0.000000 -3.000000 -2.236068
0.000000 -6.082763 -5.385165
0.000000 -2.828427 -2.236068
0.000000 -3.605551 -3.162278
0.000000 -4.472136 -4.123106
0.000000 -4.242641 -4.000000
0.000000 -2.236068 -2.000000
0.000000 -2.236068 -2.000000
0.000000 -4.472136 -4.242641
0.000000 -5.830952 -5.656854
0.000000 -3.000000 -2.828427
