1.000000 1.000000 9.433981
1.000000 -2.236068 1.000000
1.000000 -1.414214 1.000000
1.000000 1.414214 3.605551
1.000000 -1.000000 1.000000
1.000000 -1.000000 1.000000
1.000000 -1.000000 1.000000
1.000000 1.000000 2.236068
1.000000 2.236068 2.828427
1.000000 1.414214 2.000000
1.000000 8.062258 8.602325
1.000000 3.162278 3.605551
1.000000 1.000000 1.414214
1.000000 1.000000 1.414214
1.000000 1.000000 1.414214
1.000000 1.000000 1.414214
1.000000 1.000000 1.414214
1.000000 1.000000 1.414214
1.000000 1.000000 1.414214
1.000000 4.123106 4.472136
1.000000 8.246211 8.544004
1.000000 8.944272 9.219544
1.000000 7.810250 8.062258
1.000000 2.000000 2.236068
1.000000 2.000000 2.236068
1.000000 8.485281 8.602325
1.000000 8.944272 9.055385
1.000000 9.000000 9.055385
0.000000 -5.385165 inf
0.000000 -2.000000 1.000000
0.000000 -4.472136 -2.000000
0.000000 -1.000000 1.000000
0.000000 -1.000000 1.000000
0.000000 -1.000000 1.000000
0.000000 -4.472136 -2.828427
0.000000 -2.236068 -1.000000
0.000000 -4.000000 -3.162278
0.000000 -3.000000 -2.236068
0.000000 -3.000000 -2.236068
0.000000 -3.605551 -3.000000
0.000000 -3.605551 -3.000000
0.000000 -3.605551 -3.000000
0.000000 -3.605551 -3.000000
0.000000 -2.828427 -2.236068
0.000000 -2.828427 -2.236068
0.000000 -2.828427 -2.236068
0.000000 -4.472136 -4.000000
0.000000 -3.605551 -3.162278
0.000000 -1.414214 -1.000000
0.000000 -4.000000 -3.605551
0.000000 -2.236068 -2.000000
0.000000 -3.000000 -2.828427
0.000000 -4.123106 -4.000000
