1.000000 -2.236068 1.414214
1.000000 -1.000000 2.236068
1.000000 -2.236068 1.000000
1.000000 -1.414214 1.414214
1.000000 -1.414214 1.000000
1.000000 -1.000000 1.000000
1.000000 -1.000000 1.000000
1.000000 -1.000000 1.000000
1.000000 5.656854 7.615773
1.000000 1.000000 2.000000
1.000000 1.414214 2.236068
1.000000 10.630146 11.401754
1.000000 1.000000 1.414214
1.000000 1.000000 1.414214
1.000000 10.770330 11.180340
1.000000 2.000000 2.236068
1.000000 12.165525 12.369317
1.000000 11.180340 11.313708
1.000000 7.000000 7.071068
1.000000 7.000000 7.071068
1.000000 7.000000 7.071068
1.000000 10.770330 10.816654
1.000000 13.000000 13.038405
0.000000 -8.062258 inf
0.000000 -7.071068 -2.000000
0.000000 -3.605551 1.000000
0.000000 -6.708204 -3.162278
0.000000 -5.656854 -2.236068
0.000000 -3.162278 -2.236068
0.000000 -5.000000 -4.123106
0.000000 -5.000000 -4.242641
0.000000 -5.830952 -5.099020
0.000000 -6.324555 -5.830952
0.000000 -6.082763 -5.830952
0.000000 -5.830952 -5.656854
0.000000 -3.000000 -2.828427
0.000000 -3.000000 -2.828427
0.000000 -3.162278 -3.000000
0.000000 -3.162278 -3.000000
