1.000000 1.000000 17.720045
1.000000 -1.000000 3.605551
1.000000 -1.000000 3.000000
1.000000 -1.000000 1.000000
1.000000 -1.000000 1.000000
1.000000 -1.000000 1.000000
1.000000 -1.000000 1.000000
1.000000 -1.000000 1.000000
1.000000 -1.000000 1.000000
1.000000 2.828427 4.123106
1.000000 1.000000 2.000000
1.000000 2.236068 3.162278
1.000000 2.000000 2.828427
1.000000 1.414214 2.236068
1.000000 3.000000 3.605551
1.000000 2.236068 2.828427
1.000000 2.236068 2.828427
1.000000 3.162278 3.605551
1.000000 1.000000 1.414214
1.000000 1.000000 1.414214
1.000000 1.000000 1.414214
1.000000 1.000000 1.414214
1.000000 1.000000 1.414214
1.000000 1.000000 1.414214
1.000000 7.211103 7.615773
1.000000 8.544004 8.944272
1.000000 14.866069 15.231546
1.000000 10.816654 11.180340
1.000000 2.828427 3.162278
1.000000 2.828427 3.162278
1.000000 11.401754 11.704700
1.000000 2.000000 2.236068
1.000000 2.000000 2.236068
1.000000 15.297059 15.524175
1.000000 11.180340 11.401754
1.000000 9.219544 9.433981
1.000000 16.278821 16.492423
1.000000 7.615773 7.810250
1.000000 8.062258 8.246211
1.000000 2.828427 3.000000
1.000000 3.000000 3.162278
1.000000 3.000000 3.162278
1.000000 16.000000 16.124515
1.000000 13.928388 14.000000
1.000000 12.165525 12.206556
1.000000 13.000000 13.038405
0.000000 -7.000000 inf
0.000000 -2.000000 2.000000
0.000000 -4.123106 -1.000000
0.000000 -2.000000 1.000000
0.000000 -1.000000 2.000000
0.000000 -1.414214 1.000000
0.000000 -1.000000 1.414214
0.000000 -1.000000 1.414214
0.000000 -1.000000 1.000000
0.000000 -1.000000 1.000000
0.000000 -1.000000 1.000000
0.000000 -1.000000 1.000000
0.000000 -3.162278 -1.414214
0.000000 -3.162278 -1.414214
0.000000 -3.000000 -1.414214
0.000000 -2.828427 -1.414214
0.000000 -2.236068 -1.000000
0.000000 -4.000000 -2.828427
0.000000 -3.000000 -2.000000
0.000000 -2.828427 -2.000000
0.000000 -2.828427 -2.000000
0.000000 -3.000000 -2.236068
0.000000 -2.828427 -2.236068
0.000000 -2.828427 -2.236068
0.000000 -2.828427 -2.236068
0.000000 -2.828427 -2.236068
0.000000 -2.000000 -1.414214
0.000000 -2.000000 -1.414214
0.000000 -1.414214 -1.000000
0.000000 -1.414214 -1.000000
0.000000 -1.414214 -1.000000
0.000000 -1.414214 -1.000000
0.000000 -4.000000 -3.605551
0.000000 -3.162278 -2.828427
0.000000 -3.162278 -2.828427
0.000000 -3.162278 -2.828427
0.000000 -2.236068 -2.000000
0.000000 -2.236068 -2.000000
0.000000 -2.236068 -2.000000
0.000000 -2.236068 -2.000000
0.000000 -2.236068 -2.000000
0.000000 -2.236068 -2.000000
0.000000 -3.000000 -2.828427
0.000000 -3.000000 -2.828427
0.000000 -3.162278 -3.000000
0.000000 -3.162278 -3.000000
