1.000000 2.500000 6.726812
1.000000 0.707107 2.828427
1.000000 2.236068 3.905125
1.000000 -1.118034 0.500000
1.000000 -1.118034 0.500000
1.000000 1.118034 2.692582
1.000000 1.118034 2.549510
1.000000 -0.707107 0.707107
1.000000 0.500000 1.802776
1.000000 -0.707107 0.500000
1.000000 1.118034 2.236068
1.000000 -0.500000 0.500000
1.000000 -0.500000 0.500000
1.000000 -0.500000 0.500000
1.000000 0.500000 1.000000
1.000000 0.500000 1.000000
1.000000 2.500000 2.915476
1.000000 0.707107 1.118034
1.000000 0.707107 1.118034
1.000000 0.707107 1.118034
1.000000 0.707107 1.118034
1.000000 0.707107 1.118034
1.000000 1.118034 1.500000
1.000000 3.162278 3.535534
1.000000 1.500000 1.802776
1.000000 1.500000 1.802776
1.000000 1.500000 1.802776
1.000000 1.118034 1.414214
1.000000 1.118034 1.414214
1.000000 1.118034 1.414214
1.000000 0.707107 1.000000
1.000000 0.707107 1.000000
1.000000 0.707107 1.000000
1.000000 0.707107 1.000000
1.000000 2.236068 2.500000
1.000000 2.236068 2.500000
1.000000 2.236068 2.500000
1.000000 2.236068 2.500000
1.000000 1.802776 2.061553
1.000000 6.264982 6.500000
1.000000 1.581139 1.802776
1.000000 1.581139 1.802776
1.000000 1.581139 1.802776
1.000000 1.581139 1.802776
1.000000 0.500000 0.707107
1.000000 0.500000 0.707107
1.000000 0.500000 0.707107
1.000000 0.500000 0.707107
1.000000 0.500000 0.707107
1.000000 0.500000 0.707107
1.000000 2.500000 2.692582
1.000000 2.500000 2.692582
1.000000 4.743416 4.924429
1.000000 2.061553 2.236068
1.000000 2.549510 2.692582
1.000000 2.549510 2.692582
1.000000 2.549510 2.692582
1.000000 1.000000 1.118034
1.000000 1.000000 1.118034
1.000000 1.000000 1.118034
1.000000 1.000000 1.118034
1.000000 1.000000 1.118034
1.000000 1.000000 1.118034
1.000000 1.000000 1.118034
1.000000 1.000000 1.118034
1.000000 6.403124 6.519202
1.000000 2.121320 2.236068
1.000000 3.807887 3.905125
1.000000 1.414214 1.500000
1.000000 1.414214 1.500000
1.000000 1.500000 1.581139
1.000000 1.500000 1.581139
1.000000 1.500000 1.581139
1.000000 11.597414 11.672618
1.000000 2.000000 2.061553
1.000000 2.000000 2.061553
1.000000 6.670832 6.726812
1.000000 2.500000 2.549510
1.000000 2.500000 2.549510
1.000000 2.500000 2.549510
1.000000 2.500000 2.549510
1.000000 2.500000 2.549510
1.000000 5.099020 5.147815
1.000000 11.236103 11.280514
1.000000 3.500000 3.535534
1.000000 3.605551 3.640055
1.000000 4.500000 4.527693
0.000000 -5.147815 inf
0.000000 -1.581139 2.000000
0.000000 -1.414214 2.000000
0.000000 -0.500000 2.500000
0.000000 -0.500000 2.236068
0.000000 -1.118034 1.414214
0.000000 -0.707107 1.581139
0.000000 -1.118034 1.000000
0.000000 -0.500000 1.500000
0.000000 -1.414214 0.500000
0.000000 -1.118034 0.707107
0.000000 -1.118034 0.707107
0.000000 -1.000000 0.707107
0.000000 -1.000000 0.707107
0.000000 -1.118034 0.500000
0.000000 -1.118034 0.500000
0.000000 -0.500000 1.000000
0.000000 -1.000000 0.500000
0.000000 -1.000000 0.500000
0.000000 -1.000000 0.500000
0.000000 -1.000000 0.500000
0.000000 -2.000000 -0.707107
0.000000 -0.500000 0.707107
0.000000 -0.500000 0.707107
0.000000 -0.500000 0.707107
0.000000 -0.500000 0.500000
0.000000 -1.500000 -0.500000
0.000000 -0.500000 0.500000
0.000000 -0.500000 0.500000
0.000000 -0.500000 0.500000
0.000000 -1.802776 -1.000000
0.000000 -1.802776 -1.000000
0.000000 -1.414214 -0.707107
0.000000 -3.500000 -2.915476
0.000000 -1.000000 -0.500000
0.000000 -1.000000 -0.500000
0.000000 -1.000000 -0.500000
0.000000 -1.118034 -0.707107
0.000000 -1.802776 -1.414214
0.000000 -1.500000 -1.118034
0.000000 -1.802776 -1.500000
0.000000 -1.414214 -1.118034
0.000000 -1.000000 -0.707107
0.000000 -1.000000 -0.707107
0.000000 -1.000000 -0.707107
0.000000 -1.000000 -0.707107
0.000000 -1.000000 -0.707107
0.000000 -1.000000 -0.707107
0.000000 -1.000000 -0.707107
0.000000 -0.707107 -0.500000
0.000000 -0.707107 -0.500000
0.000000 -0.707107 -0.500000
0.000000 -0.707107 -0.500000
0.000000 -0.707107 -0.500000
0.000000 -0.707107 -0.500000
0.000000 -0.707107 -0.500000
0.000000 -0.707107 -0.500000
0.000000 -0.707107 -0.500000
0.000000 -3.201562 -3.000000
0.000000 -1.581139 -1.414214
0.000000 -1.581139 -1.414214
0.000000 -1.581139 -1.414214
0.000000 -1.118034 -1.000000
0.000000 -1.118034 -1.000000
0.000000 -1.118034 -1.000000
0.000000 -1.500000 -1.414214
0.000000 -1.500000 -1.414214
0.000000 -1.581139 -1.500000
0.000000 -1.581139 -1.500000
0.000000 -3.041381 -3.000000
