1.000000 -1.000000 10.000000
1.000000 -0.500000 0.500000
1.000000 1.000000 1.118034
1.000000 1.414214 1.500000
1.000000 4.527693 4.609772
1.000000 5.522681 5.590170
1.000000 2.000000 2.061553
1.000000 9.000000 9.013878
1.000000 9.000000 9.013878
0.000000 -2.500000 inf
0.000000 -2.500000 -1.000000
0.000000 -2.500000 -1.414214
0.000000 -2.061553 -1.500000
0.000000 -1.802776 -1.414214
0.000000 -2.121320 -1.802776
0.000000 -1.414214 -1.118034
0.000000 -1.414214 -1.118034
0.000000 -1.000000 -0.707107
0.000000 -1.000000 -0.707107
0.000000 -2.500000 -2.236068
0.000000 -2.061553 -1.802776
0.000000 -1.802776 -1.581139
0.000000 -1.802776 -1.581139
0.000000 -2.000000 -1.802776
0.000000 -2.000000 -1.802776
0.000000 -1.118034 -1.000000
0.000000 -1.500000 -1.414214
0.000000 -1.581139 -1.500000
0.000000 -1.581139 -1.500000
0.000000 -1.581139 -1.500000
0.000000 -1.581139 -1.500000
0.000000 -2.061553 -2.000000
0.000000 -2.121320 -2.061553
