1.000000 3.535534 10.404326
1.000000 2.000000 2.549510
1.000000 2.500000 2.915476
1.000000 2.500000 2.828427
1.000000 1.802776 2.121320
1.000000 2.236068 2.500000
1.000000 1.802776 2.061553
1.000000 4.031129 4.272002
1.000000 4.272002 4.472136
1.000000 2.061553 2.236068
1.000000 2.549510 2.692582
1.000000 2.549510 2.692582
1.000000 2.692582 2.828427
1.000000 8.732125 8.860023
1.000000 3.905125 4.031129
1.000000 1.000000 1.118034
1.000000 1.000000 1.118034
1.000000 3.535534 3.640055
1.000000 4.031129 4.123106
1.000000 1.500000 1.581139
1.000000 1.500000 1.581139
1.000000 1.500000 1.581139
1.000000 1.500000 1.581139
1.000000 5.024938 5.099020
1.000000 9.124144 9.192388
1.000000 2.000000 2.061553
1.000000 2.000000 2.061553
1.000000 2.500000 2.549510
1.000000 8.500000 8.544004
1.000000 10.012492 10.049876
1.000000 3.500000 3.535534
1.000000 4.242641 4.272002
1.000000 4.472136 4.500000
1.000000 4.716991 4.743416
0.000000 -2.236068 inf
0.000000 -2.000000 3.000000
0.000000 -1.802776 2.000000
0.000000 -2.121320 1.000000
0.000000 -1.802776 1.000000
0.000000 -0.707107 2.061553
0.000000 -1.118034 1.500000
0.000000 -0.707107 1.500000
0.000000 -0.500000 1.581139
0.000000 -0.500000 1.500000
0.000000 -1.000000 1.000000
0.000000 -0.500000 1.500000
0.000000 -2.121320 -0.500000
0.000000 -0.500000 1.000000
0.000000 -0.500000 1.000000
0.000000 -0.500000 0.500000
0.000000 -0.500000 0.500000
0.000000 -1.802776 -1.118034
0.000000 -1.118034 -0.500000
0.000000 -2.000000 -1.581139
0.000000 -1.414214 -1.000000
0.000000 -1.414214 -1.118034
0.000000 -1.802776 -1.581139
0.000000 -0.707107 -0.500000
0.000000 -1.581139 -1.414214
0.000000 -1.581139 -1.414214
0.000000 -1.118034 -1.000000
0.000000 -1.118034 -1.000000
0.000000 -1.581139 -1.500000
0.000000 -1.581139 -1.500000
