1.000000 7.615773 11.510864
1.000000 10.198039 10.977249
1.000000 0.500000 1.000000
1.000000 0.500000 1.000000
1.000000 0.500000 1.000000
1.000000 6.103278 6.403124
1.000000 1.118034 1.414214
1.000000 0.707107 1.000000
1.000000 0.707107 1.000000
1.000000 6.103278 6.363961
1.000000 6.103278 6.363961
1.000000 10.198039 10.440307
1.000000 7.615773 7.826238
1.000000 0.500000 0.707107
1.000000 0.500000 0.707107
1.000000 0.500000 0.707107
1.000000 0.500000 0.707107
1.000000 0.500000 0.707107
1.000000 0.500000 0.707107
1.000000 7.632169 7.826238
1.000000 10.124228 10.307764
1.000000 10.606602 10.770330
1.000000 10.770330 10.920165
1.000000 6.264982 6.403124
1.000000 10.307764 10.440307
1.000000 8.732125 8.860023
1.000000 7.778175 7.905694
1.000000 7.778175 7.905694
1.000000 8.381527 8.500000
1.000000 1.000000 1.118034
1.000000 1.000000 1.118034
1.000000 10.440307 10.547512
1.000000 10.965856 11.067972
1.000000 6.264982 6.363961
1.000000 9.124144 9.219544
1.000000 10.594810 10.688779
1.000000 6.708204 6.800735
1.000000 7.071068 7.158911
1.000000 9.552487 9.617692
1.000000 11.280514 11.313708
1.000000 6.500000 6.519202
1.000000 8.500000 8.514693
1.000000 9.000000 9.013878
1.000000 10.500000 10.511898
0.000000 -4.272002 inf
0.000000 -0.707107 6.020797
0.000000 -2.061553 1.000000
0.000000 -1.581139 1.118034
0.000000 -0.707107 1.000000
0.000000 -1.118034 0.500000
0.000000 -0.707107 0.500000
0.000000 -0.707107 0.500000
0.000000 -0.707107 0.500000
0.000000 -2.061553 -1.414214
0.000000 -1.000000 -0.500000
0.000000 -1.000000 -0.500000
0.000000 -1.000000 -0.500000
0.000000 -1.000000 -0.500000
0.000000 -1.000000 -0.500000
0.000000 -1.414214 -1.118034
0.000000 -1.000000 -0.707107
0.000000 -1.000000 -0.707107
0.000000 -1.000000 -0.707107
0.000000 -2.061553 -1.802776
0.000000 -0.707107 -0.500000
0.000000 -0.707107 -0.500000
0.000000 -0.707107 -0.500000
0.000000 -0.707107 -0.500000
0.000000 -0.707107 -0.500000
0.000000 -0.707107 -0.500000
0.000000 -2.000000 -1.802776
0.000000 -4.272002 -4.123106
0.000000 -1.118034 -1.000000
0.000000 -1.118034 -1.000000
0.000000 -1.118034 -1.000000
