1.000000 -0.800000 5.656854
1.000000 -0.800000 1.131371
1.000000 1.600000 3.298485
1.000000 -0.800000 0.800000
1.000000 -0.800000 0.800000
1.000000 -0.800000 0.800000
1.000000 -0.800000 0.800000
1.000000 -0.800000 0.800000
1.000000 -0.800000 0.800000
1.000000 -0.800000 0.800000
1.000000 -0.800000 0.800000
1.000000 -0.800000 0.800000
1.000000 6.400000 7.244308
1.000000 3.298485 4.000000
1.000000 1.600000 2.262742
1.000000 1.788854 2.400000
1.000000 5.768882 6.248200
1.000000 1.788854 2.262742
1.000000 1.788854 2.262742
1.000000 3.577709 4.000000
1.000000 5.366563 5.768882
1.000000 0.800000 1.131371
1.000000 0.800000 1.131371
1.000000 0.800000 1.131371
1.000000 0.800000 1.131371
1.000000 0.800000 1.131371
1.000000 4.866210 5.059644
1.000000 1.600000 1.788854
1.000000 5.656854 5.824088
1.000000 6.092618 6.248200
1.000000 6.092618 6.248200
1.000000 2.400000 2.529822
1.000000 2.400000 2.529822
1.000000 3.200000 3.298485
1.000000 3.200000 3.298485
1.000000 4.800000 4.866210
1.000000 5.600000 5.656854
1.000000 6.400000 6.449806
0.000000 -4.079216 inf
0.000000 -1.131371 5.768882
0.000000 -1.131371 1.788854
0.000000 -4.000000 -1.131371
0.000000 -3.394113 -0.800000
0.000000 -0.800000 0.800000
0.000000 -0.800000 0.800000
0.000000 -2.400000 -0.800000
0.000000 -2.400000 -1.131371
0.000000 -2.400000 -1.131371
0.000000 -3.394113 -2.262742
0.000000 -1.788854 -0.800000
0.000000 -1.600000 -0.800000
0.000000 -1.600000 -0.800000
0.000000 -1.788854 -1.131371
0.000000 -2.884441 -2.262742
0.000000 -1.600000 -1.131371
0.000000 -1.600000 -1.131371
0.000000 -1.600000 -1.131371
0.000000 -1.600000 -1.131371
0.000000 -1.131371 -0.800000
0.000000 -2.529822 -2.262742
0.000000 -4.079216 -4.000000
