1.000000 6.324555 6.800735
1.000000 2.121320 2.500000
1.000000 1.118034 1.414214
1.000000 2.236068 2.500000
1.000000 1.581139 1.802776
1.000000 0.500000 0.707107
1.000000 2.061553 2.236068
1.000000 5.220153 5.385165
1.000000 6.519202 6.670832
1.000000 6.519202 6.670832
1.000000 5.852350 6.000000
1.000000 2.549510 2.692582
1.000000 1.000000 1.118034
1.000000 1.000000 1.118034
1.000000 1.000000 1.118034
1.000000 6.082763 6.184658
1.000000 5.500000 5.590170
1.000000 2.000000 2.061553
1.000000 3.000000 3.041381
1.000000 5.500000 5.522681
1.000000 6.500000 6.519202
0.000000 -2.236068 inf
0.000000 -0.500000 1.500000
0.000000 -0.500000 1.414214
0.000000 -2.061553 -0.500000
0.000000 -0.707107 0.707107
0.000000 -2.061553 -0.707107
0.000000 -0.707107 0.500000
0.000000 -0.500000 0.707107
0.000000 -0.707107 0.500000
0.000000 -0.500000 0.500000
0.000000 -0.500000 0.500000
0.000000 -1.500000 -0.707107
0.000000 -1.000000 -0.500000
0.000000 -1.000000 -0.500000
0.000000 -1.414214 -1.000000
0.000000 -1.500000 -1.118034
0.000000 -1.802776 -1.500000
0.000000 -1.581139 -1.414214
