1.000000 -0.707107 6.264982
1.000000 -1.000000 2.000000
1.000000 -1.581139 0.707107
1.000000 -0.707107 1.118034
1.000000 -1.000000 0.500000
1.000000 -1.000000 0.500000
1.000000 -0.707107 0.500000
1.000000 -0.500000 0.707107
1.000000 -0.500000 0.707107
1.000000 -0.500000 0.500000
1.000000 -0.500000 0.500000
1.000000 -0.500000 0.500000
1.000000 0.707107 1.414214
1.000000 0.500000 1.118034
1.000000 0.500000 1.000000
1.000000 1.000000 1.500000
1.000000 0.500000 1.000000
1.000000 1.118034 1.500000
1.000000 2.121320 2.500000
1.000000 2.121320 2.500000
1.000000 1.118034 1.414214
1.000000 1.118034 1.414214
1.000000 0.707107 1.000000
1.000000 0.707107 1.000000
1.000000 0.707107 1.000000
1.000000 0.707107 1.000000
1.000000 0.707107 1.000000
1.000000 0.707107 1.000000
1.000000 0.707107 1.000000
1.000000 0.707107 1.000000
1.000000 0.707107 1.000000
1.000000 2.236068 2.500000
1.000000 5.590170 5.852350
1.000000 5.590170 5.830952
1.000000 5.590170 5.830952
1.000000 2.000000 2.236068
1.000000 1.581139 1.802776
1.000000 0.500000 0.707107
1.000000 0.500000 0.707107
1.000000 0.500000 0.707107
1.000000 0.500000 0.707107
1.000000 0.500000 0.707107
1.000000 0.500000 0.707107
1.000000 0.500000 0.707107
1.000000 0.500000 0.707107
1.000000 0.500000 0.707107
1.000000 5.700877 5.852350
1.000000 1.000000 1.118034
1.000000 1.000000 1.118034
1.000000 1.000000 1.118034
1.000000 1.000000 1.118034
1.000000 5.590170 5.700877
1.000000 5.024938 5.099020
1.000000 6.020797 6.082763
1.000000 2.000000 2.061553
1.000000 2.061553 2.121320
1.000000 2.500000 2.549510
0.000000 -4.716991 inf
0.000000 -4.123106 -1.118034
0.000000 -1.414214 0.500000
0.000000 -3.000000 -1.118034
0.000000 -1.000000 0.500000
0.000000 -1.000000 0.500000
0.000000 -2.500000 -1.414214
0.000000 -3.535534 -2.500000
0.000000 -3.535534 -2.500000
0.000000 -2.692582 -1.802776
0.000000 -1.581139 -0.707107
0.000000 -1.802776 -1.118034
0.000000 -2.915476 -2.236068
0.000000 -2.915476 -2.236068
0.000000 -2.061553 -1.414214
0.000000 -2.061553 -1.581139
0.000000 -2.000000 -1.581139
0.000000 -1.414214 -1.118034
0.000000 -2.500000 -2.236068
0.000000 -1.802776 -1.581139
0.000000 -0.707107 -0.500000
0.000000 -0.707107 -0.500000
0.000000 -2.000000 -1.802776
0.000000 -2.236068 -2.061553
0.000000 -1.581139 -1.414214
0.000000 -1.118034 -1.000000
0.000000 -2.236068 -2.121320
0.000000 -2.061553 -2.000000
0.000000 -2.121320 -2.061553
0.000000 -2.549510 -2.500000
