1.000000 -1.000000 11.180340
1.000000 -1.000000 3.000000
1.000000 -2.236068 1.000000
1.000000 3.000000 5.656854
1.000000 -1.414214 1.000000
1.000000 -1.000000 1.000000
1.000000 -1.000000 1.000000
1.000000 -1.000000 1.000000
1.000000 3.162278 4.000000
1.000000 3.162278 4.000000
1.000000 2.236068 2.828427
1.000000 8.544004 9.000000
1.000000 10.816654 11.180340
1.000000 4.123106 4.472136
1.000000 2.000000 2.236068
1.000000 9.055385 9.219544
1.000000 5.000000 5.099020
0.000000 -5.000000 inf
0.000000 -4.242641 -1.000000
0.000000 -4.000000 -1.414214
0.000000 -3.162278 -1.414214
0.000000 -3.605551 -2.000000
0.000000 -3.605551 -2.236068
0.000000 -4.000000 -2.828427
0.000000 -2.828427 -2.000000
0.000000 -2.236068 -1.414214
0.000000 -2.236068 -1.414214
0.000000 -2.236068 -1.414214
0.000000 -3.000000 -2.236068
0.000000 -2.828427 -2.236068
0.000000 -2.000000 -1.414214
0.000000 -2.000000 -1.414214
0.000000 -2.000000 -1.414214
0.000000 -1.414214 -1.000000
0.000000 -3.162278 -2.828427
0.000000 -2.236068 -2.000000
0.000000 -2.236068 -2.000000
0.000000 -4.472136 -4.242641
0.000000 -3.162278 -3.000000
