1.000000 1.000000 7.615773
1.000000 1.000000 1.118034
1.000000 1.000000 1.118034
1.000000 7.433034 7.500000
1.000000 4.000000 4.031129
0.000000 -1.500000 inf
0.000000 -1.500000 0.707107
0.000000 -1.000000 -0.500000
0.000000 -1.000000 -0.500000
0.000000 -1.414214 -1.000000
0.000000 -1.000000 -0.707107
0.000000 -1.000000 -0.707107
0.000000 -1.000000 -0.707107
0.000000 -1.000000 -0.707107
0.000000 -1.000000 -0.707107
0.000000 -1.000000 -0.707107
0.000000 -0.707107 -0.500000
0.000000 -0.707107 -0.500000
