1.000000 4.000000 12.445079
1.000000 -1.131371 0.800000
1.000000 -0.800000 0.800000
1.000000 1.788854 2.529822
1.000000 5.768882 6.449806
1.000000 6.449806 6.881860
1.000000 6.092618 6.449806
1.000000 11.454257 11.648176
1.000000 6.092618 6.248200
1.000000 6.092618 6.248200
1.000000 6.449806 6.596969
1.000000 7.244308 7.375636
1.000000 4.000000 4.079216
1.000000 11.142711 11.200000
0.000000 -3.298485 inf
0.000000 -3.298485 -1.600000
0.000000 -0.800000 0.800000
0.000000 -0.800000 0.800000
0.000000 -2.262742 -0.800000
0.000000 -2.884441 -1.600000
0.000000 -2.262742 -1.131371
0.000000 -2.884441 -1.788854
0.000000 -1.600000 -0.800000
0.000000 -2.262742 -1.600000
0.000000 -1.788854 -1.131371
0.000000 -1.788854 -1.131371
0.000000 -2.262742 -1.788854
0.000000 -1.600000 -1.131371
0.000000 -1.600000 -1.131371
0.000000 -1.600000 -1.131371
0.000000 -1.600000 -1.131371
0.000000 -1.131371 -0.800000
0.000000 -1.788854 -1.600000
0.000000 -2.400000 -2.262742
0.000000 -2.400000 -2.262742
0.000000 -2.529822 -2.400000
0.000000 -2.529822 -2.400000
