1.000000 -0.707107 8.732125
1.000000 2.236068 2.500000
1.000000 2.236068 2.500000
1.000000 0.500000 0.707107
1.000000 0.500000 0.707107
1.000000 8.276473 8.381527
1.000000 6.726812 6.800735
1.000000 5.522681 5.590170
1.000000 7.071068 7.106335
1.000000 7.500000 7.516648
1.000000 8.062258 8.077747
1.000000 8.500000 8.514693
0.000000 -5.385165 inf
0.000000 -2.236068 -1.000000
0.000000 -0.500000 0.500000
0.000000 -2.061553 -1.118034
0.000000 -3.605551 -2.915476
0.000000 -2.000000 -1.414214
0.000000 -1.500000 -1.118034
0.000000 -5.385165 -5.147815
0.000000 -2.000000 -1.802776
0.000000 -3.535534 -3.354102
0.000000 -3.041381 -2.915476
0.000000 -3.041381 -2.915476
0.000000 -5.385165 -5.315073
0.000000 -2.061553 -2.000000
0.000000 -3.041381 -3.000000
0.000000 -3.041381 -3.000000
0.000000 -3.041381 -3.000000
0.000000 -3.041381 -3.000000
0.000000 -3.535534 -3.500000
