1.000000 9.000000 12.529964
1.000000 -1.000000 1.000000
1.000000 -1.000000 1.000000
1.000000 5.830952 6.403124
1.000000 5.830952 6.403124
1.000000 10.630146 11.180340
1.000000 14.317821 14.764823
1.000000 7.280110 7.615773
1.000000 6.000000 6.324555
1.000000 14.560220 14.866069
1.000000 11.401754 11.704700
1.000000 14.142136 14.422205
1.000000 7.810250 8.062258
1.000000 10.198039 10.440307
1.000000 8.246211 8.485281
1.000000 8.246211 8.485281
1.000000 10.770330 11.000000
1.000000 18.027756 18.248288
1.000000 12.165525 12.369317
1.000000 15.132746 15.297059
1.000000 9.848858 10.000000
1.000000 18.681542 18.788294
1.000000 5.000000 5.099020
1.000000 6.324555 6.403124
1.000000 6.324555 6.403124
1.000000 7.000000 7.071068
1.000000 14.142136 14.212670
1.000000 14.142136 14.212670
1.000000 9.000000 9.055385
1.000000 9.000000 9.055385
1.000000 9.000000 9.055385
1.000000 11.000000 11.045361
1.000000 16.000000 16.031220
0.000000 -3.162278 inf
0.000000 -2.236068 7.810250
0.000000 -1.414214 6.000000
0.000000 -1.414214 5.830952
0.000000 -1.000000 5.000000
0.000000 -1.000000 1.000000
0.000000 -2.236068 -1.000000
0.000000 -2.000000 -1.000000
0.000000 -2.000000 -1.000000
0.000000 -2.828427 -2.236068
0.000000 -1.414214 -1.000000
0.000000 -1.414214 -1.000000
0.000000 -1.414214 -1.000000
0.000000 -1.414214 -1.000000
0.000000 -1.414214 -1.000000
0.000000 -1.414214 -1.000000
0.000000 -2.236068 -2.000000
