1.000000 1.414214 10.000000
1.000000 0.707107 1.000000
1.000000 1.581139 1.802776
1.000000 1.581139 1.802776
1.000000 1.802776 2.000000
1.000000 4.743416 4.924429
1.000000 1.000000 1.118034
1.000000 1.000000 1.118034
1.000000 5.590170 5.700877
1.000000 4.609772 4.716991
1.000000 2.000000 2.061553
1.000000 2.000000 2.061553
1.000000 6.020797 6.041523
0.000000 -3.162278 inf
0.000000 -2.549510 -1.118034
0.000000 -0.500000 0.707107
0.000000 -2.061553 -1.414214
0.000000 -2.061553 -1.500000
0.000000 -2.500000 -2.000000
0.000000 -2.000000 -1.500000
0.000000 -1.500000 -1.000000
0.000000 -2.500000 -2.121320
0.000000 -1.802776 -1.500000
0.000000 -1.414214 -1.118034
0.000000 -1.414214 -1.118034
0.000000 -2.061553 -1.802776
0.000000 -0.707107 -0.500000
0.000000 -1.581139 -1.414214
0.000000 -1.581139 -1.414214
0.000000 -1.118034 -1.000000
0.000000 -1.500000 -1.414214
0.000000 -1.500000 -1.414214
0.000000 -1.500000 -1.414214
0.000000 -1.500000 -1.414214
0.000000 -2.549510 -2.500000
