1.000000 5.000000 5.830952
1.000000 7.280110 8.062258
1.000000 5.000000 5.656854
1.000000 5.385165 5.830952
1.000000 3.162278 3.605551
1.000000 3.162278 3.605551
1.000000 1.000000 1.414214
1.000000 5.000000 5.385165
1.000000 7.280110 7.615773
1.000000 8.062258 8.246211
1.000000 5.000000 5.099020
1.000000 7.000000 7.071068
1.000000 7.000000 7.071068
1.000000 8.000000 8.062258
0.000000 -2.828427 inf
0.000000 -1.414214 6.324555
0.000000 -1.414214 4.242641
0.000000 -1.000000 4.123106
0.000000 -1.000000 2.828427
0.000000 -2.000000 -1.000000
0.000000 -1.414214 -1.000000
