1.000000 0.500000 1.581139
1.000000 -0.500000 0.500000
1.000000 2.500000 3.500000
1.000000 3.000000 3.535534
1.000000 2.500000 2.915476
1.000000 1.118034 1.500000
1.000000 0.707107 1.000000
1.000000 15.500000 15.787653
1.000000 1.802776 2.061553
1.000000 2.000000 2.236068
1.000000 0.500000 0.707107
1.000000 0.500000 0.707107
1.000000 0.500000 0.707107
1.000000 0.500000 0.707107
1.000000 6.964194 7.158911
1.000000 2.500000 2.692582
1.000000 8.062258 8.246211
1.000000 2.549510 2.692582
1.000000 8.062258 8.200610
1.000000 7.158911 7.280110
1.000000 7.158911 7.280110
1.000000 3.041381 3.162278
1.000000 1.000000 1.118034
1.000000 1.000000 1.118034
1.000000 1.000000 1.118034
1.000000 1.000000 1.118034
1.000000 2.828427 2.915476
1.000000 13.000000 13.086252
1.000000 1.414214 1.500000
1.000000 14.080128 14.150972
1.000000 2.000000 2.061553
1.000000 7.516648 7.566373
1.000000 7.516648 7.566373
1.000000 15.628500 15.660460
1.000000 4.500000 4.527693
1.000000 14.508618 14.534442
1.000000 15.500000 15.508062
0.000000 -2.915476 inf
0.000000 -2.061553 13.000000
0.000000 -0.500000 6.964194
0.000000 -0.707107 2.500000
0.000000 -0.707107 2.000000
0.000000 -1.802776 0.707107
0.000000 -1.414214 1.000000
0.000000 -1.000000 1.000000
0.000000 -0.500000 1.500000
0.000000 -1.802776 -0.500000
0.000000 -0.500000 0.707107
0.000000 -0.500000 0.707107
0.000000 -0.500000 0.500000
0.000000 -0.500000 0.500000
0.000000 -0.500000 0.500000
0.000000 -0.500000 0.500000
0.000000 -1.414214 -0.500000
0.000000 -1.802776 -1.118034
0.000000 -1.118034 -0.500000
0.000000 -1.000000 -0.500000
0.000000 -1.500000 -1.000000
0.000000 -1.000000 -0.500000
0.000000 -1.414214 -1.000000
0.000000 -1.500000 -1.118034
0.000000 -1.000000 -0.707107
0.000000 -1.000000 -0.707107
0.000000 -1.802776 -1.581139
0.000000 -1.581139 -1.414214
0.000000 -1.118034 -1.000000
0.000000 -1.118034 -1.000000
0.000000 -1.581139 -1.500000
