1.000000 -1.000000 7.382412
1.000000 -1.000000 0.500000
1.000000 -0.500000 1.000000
1.000000 -0.500000 1.000000
1.000000 -0.500000 0.707107
1.000000 -0.500000 0.500000
1.000000 4.272002 5.024938
1.000000 1.118034 1.414214
1.000000 1.118034 1.414214
1.000000 0.707107 1.000000
1.000000 0.707107 1.000000
1.000000 0.500000 0.707107
1.000000 0.500000 0.707107
1.000000 0.500000 0.707107
1.000000 0.500000 0.707107
1.000000 0.500000 0.707107
1.000000 4.272002 4.472136
1.000000 4.743416 4.924429
1.000000 4.301163 4.472136
1.000000 1.414214 1.581139
1.000000 1.414214 1.581139
1.000000 1.414214 1.581139
1.000000 2.549510 2.692582
1.000000 6.363961 6.500000
1.000000 5.099020 5.220153
1.000000 1.000000 1.118034
1.000000 1.500000 1.581139
1.000000 1.500000 1.581139
1.000000 6.670832 6.726812
1.000000 7.017834 7.071068
1.000000 4.924429 4.949747
1.000000 5.385165 5.408327
1.000000 6.500000 6.519202
0.000000 -3.354102 inf
0.000000 -3.162278 -1.000000
0.000000 -3.000000 -1.802776
0.000000 -3.000000 -1.802776
0.000000 -2.121320 -1.118034
0.000000 -1.414214 -0.707107
0.000000 -2.500000 -1.802776
0.000000 -2.692582 -2.236068
0.000000 -1.802776 -1.414214
0.000000 -1.500000 -1.118034
0.000000 -3.000000 -2.692582
0.000000 -3.000000 -2.692582
0.000000 -1.802776 -1.500000
0.000000 -2.500000 -2.236068
0.000000 -0.707107 -0.500000
0.000000 -0.707107 -0.500000
0.000000 -1.581139 -1.414214
0.000000 -1.581139 -1.414214
0.000000 -1.118034 -1.000000
0.000000 -1.118034 -1.000000
0.000000 -1.118034 -1.000000
0.000000 -1.118034 -1.000000
0.000000 -2.915476 -2.828427
0.000000 -1.581139 -1.500000
0.000000 -2.061553 -2.000000
0.000000 -2.549510 -2.500000
0.000000 -2.549510 -2.500000
0.000000 -2.549510 -2.500000
0.000000 -3.201562 -3.162278
