1.000000 -2.236068 10.000000
1.000000 -2.000000 1.000000
1.000000 -1.414214 1.000000
1.000000 -1.414214 1.000000
1.000000 -1.000000 1.000000
1.000000 -1.000000 1.000000
1.000000 -1.000000 1.000000
1.000000 3.162278 4.472136
1.000000 9.000000 9.486833
1.000000 8.544004 8.944272
1.000000 8.602325 8.944272
1.000000 3.000000 3.162278
1.000000 6.000000 6.082763
1.000000 9.000000 9.055385
0.000000 -6.403124 inf
0.000000 -1.000000 3.000000
0.000000 -5.385165 -2.236068
0.000000 -5.000000 -2.828427
0.000000 -4.000000 -2.236068
0.000000 -5.099020 -3.605551
0.000000 -5.000000 -3.605551
0.000000 -5.000000 -3.605551
0.000000 -3.605551 -2.828427
0.000000 -3.605551 -2.828427
0.000000 -3.605551 -2.828427
0.000000 -2.828427 -2.236068
0.000000 -2.828427 -2.236068
0.000000 -2.828427 -2.236068
0.000000 -3.605551 -3.162278
0.000000 -3.605551 -3.162278
0.000000 -1.414214 -1.000000
0.000000 -5.385165 -5.000000
0.000000 -3.162278 -2.828427
0.000000 -5.385165 -5.099020
0.000000 -3.000000 -2.828427
0.000000 -3.162278 -3.000000
0.000000 -3.162278 -3.000000
0.000000 -3.162278 -3.000000
