1.000000 -1.414214 3.041381
1.000000 0.500000 1.118034
1.000000 1.000000 1.500000
1.000000 1.000000 1.414214
1.000000 1.000000 1.414214
1.000000 1.118034 1.500000
1.000000 0.707107 1.000000
1.000000 1.000000 1.118034
1.000000 2.000000 2.061553
1.000000 3.000000 3.041381
0.000000 -6.020797 inf
0.000000 -1.000000 0.500000
0.000000 -3.905125 -2.828427
0.000000 -0.500000 0.500000
0.000000 -3.000000 -2.236068
0.000000 -3.041381 -2.500000
0.000000 -2.500000 -2.000000
0.000000 -1.802776 -1.500000
0.000000 -2.500000 -2.236068
0.000000 -2.692582 -2.549510
0.000000 -1.581139 -1.500000
0.000000 -3.605551 -3.535534
0.000000 -2.061553 -2.000000
0.000000 -4.301163 -4.242641
0.000000 -2.549510 -2.500000
0.000000 -2.549510 -2.500000
0.000000 -2.549510 -2.500000
0.000000 -5.024938 -5.000000
