1.000000 -1.000000 1.000000
1.000000 -1.000000 1.000000
1.000000 -1.000000 1.000000
1.000000 1.000000 2.236068
1.000000 1.000000 2.000000
1.000000 1.000000 2.000000
1.000000 14.866069 15.556349
1.000000 15.000000 15.620499
1.000000 15.264338 15.811388
1.000000 11.180340 11.661904
1.000000 15.652476 16.124515
1.000000 1.000000 1.414214
1.000000 1.000000 1.414214
1.000000 1.000000 1.414214
1.000000 1.000000 1.414214
1.000000 1.000000 1.414214
1.000000 16.155494 16.552945
1.000000 16.763055 17.088007
1.000000 11.401754 11.704700
1.000000 11.401754 11.704700
1.000000 12.369317 12.649111
1.000000 17.464249 17.720045
1.000000 14.317821 14.560220
1.000000 2.000000 2.236068
1.000000 14.866069 15.033296
1.000000 3.000000 3.162278
1.000000 18.248288 18.384776
1.000000 4.000000 4.123106
1.000000 13.928388 14.000000
1.000000 12.041595 12.083046
1.000000 13.000000 13.038405
1.000000 14.000000 14.035669
0.000000 -2.000000 inf
0.000000 -2.000000 11.180340
0.000000 -2.000000 2.828427
0.000000 -2.000000 1.000000
0.000000 -1.000000 1.000000
0.000000 -1.000000 1.000000
0.000000 -1.000000 1.000000
0.000000 -1.000000 1.000000
0.000000 -1.000000 1.000000
0.000000 -1.000000 1.000000
0.000000 -2.000000 -1.414214
0.000000 -1.414214 -1.000000
0.000000 -1.414214 -1.000000
0.000000 -1.414214 -1.000000
0.000000 -1.414214 -1.000000
0.000000 -1.414214 -1.000000
0.000000 -1.414214 -1.000000
