1.000000 -0.800000 0.800000
1.000000 -0.800000 0.800000
1.000000 -0.800000 0.800000
1.000000 2.400000 3.298485
1.000000 0.800000 1.600000
1.000000 1.131371 1.600000
1.000000 1.131371 1.600000
1.000000 0.800000 1.131371
1.000000 1.600000 1.788854
1.000000 2.400000 2.529822
1.000000 2.400000 2.529822
0.000000 -4.866210 inf
0.000000 -1.131371 2.400000
0.000000 -0.800000 1.788854
0.000000 -0.800000 1.600000
0.000000 -3.577709 -1.600000
0.000000 -0.800000 0.800000
0.000000 -4.800000 -4.000000
0.000000 -4.664762 -4.079216
0.000000 -1.131371 -0.800000
0.000000 -1.131371 -0.800000
