1.000000 -0.707107 1.118034
1.000000 -1.000000 0.500000
1.000000 1.118034 2.236068
1.000000 -0.500000 0.500000
1.000000 -0.500000 0.500000
1.000000 -0.500000 0.500000
1.000000 2.692582 3.000000
1.000000 1.118034 1.414214
1.000000 1.118034 1.414214
1.000000 0.707107 1.000000
1.000000 0.707107 1.000000
1.000000 2.692582 2.915476
1.000000 2.692582 2.915476
1.000000 0.500000 0.707107
1.000000 0.500000 0.707107
1.000000 1.414214 1.581139
1.000000 1.000000 1.118034
1.000000 1.000000 1.118034
1.000000 1.500000 1.581139
1.000000 1.500000 1.581139
1.000000 2.500000 2.549510
1.000000 2.500000 2.549510
1.000000 3.000000 3.041381
0.000000 -6.103278 inf
0.000000 -0.707107 2.236068
0.000000 -5.522681 -2.915476
0.000000 -0.500000 1.118034
0.000000 -0.707107 0.500000
0.000000 -0.500000 0.500000
0.000000 -2.500000 -1.802776
0.000000 -2.121320 -1.802776
0.000000 -2.236068 -2.000000
0.000000 -0.707107 -0.500000
0.000000 -0.707107 -0.500000
0.000000 -4.472136 -4.301163
0.000000 -1.581139 -1.414214
0.000000 -1.581139 -1.414214
0.000000 -2.061553 -2.000000
0.000000 -6.020797 -6.000000
