1.000000 -2.500000 1.000000
1.000000 -1.500000 1.118034
1.000000 -1.581139 0.500000
1.000000 -1.414214 0.500000
1.000000 -1.118034 0.707107
1.000000 -1.118034 0.500000
1.000000 -1.000000 0.500000
1.000000 -0.707107 0.500000
1.000000 0.707107 1.118034
1.000000 4.301163 4.609772
1.000000 0.707107 1.000000
1.000000 0.707107 1.000000
1.000000 0.707107 1.000000
1.000000 0.707107 1.000000
1.000000 0.707107 1.000000
1.000000 4.301163 4.472136
1.000000 3.500000 3.640055
1.000000 4.472136 4.609772
1.000000 3.041381 3.162278
1.000000 1.000000 1.118034
1.000000 1.000000 1.118034
1.000000 1.000000 1.118034
1.000000 6.000000 6.020797
0.000000 -7.158911 inf
0.000000 -2.915476 0.707107
0.000000 -5.700877 -2.500000
0.000000 -4.031129 -3.000000
0.000000 -3.000000 -2.500000
0.000000 -4.031129 -3.605551
0.000000 -5.000000 -4.609772
0.000000 -4.609772 -4.272002
0.000000 -2.121320 -1.802776
0.000000 -4.716991 -4.500000
0.000000 -2.692582 -2.500000
0.000000 -2.692582 -2.500000
0.000000 -2.692582 -2.549510
0.000000 -2.549510 -2.500000
0.000000 -2.549510 -2.500000
0.000000 -3.640055 -3.605551
0.000000 -4.743416 -4.716991
