1.000000 -1.000000 7.071068
1.000000 -1.000000 1.000000
1.000000 -1.000000 1.000000
1.000000 -1.000000 1.000000
1.000000 1.000000 3.000000
1.000000 2.000000 3.000000
1.000000 5.830952 6.324555
1.000000 1.000000 1.414214
1.000000 6.324555 6.708204
1.000000 6.000000 6.324555
1.000000 6.708204 7.000000
1.000000 6.082763 6.324555
0.000000 -4.472136 inf
0.000000 -4.000000 -3.000000
0.000000 -2.828427 -2.000000
0.000000 -2.828427 -2.000000
0.000000 -2.828427 -2.000000
0.000000 -2.828427 -2.000000
0.000000 -2.000000 -1.414214
0.000000 -2.000000 -1.414214
0.000000 -2.000000 -1.414214
0.000000 -2.000000 -1.414214
0.000000 -1.414214 -1.000000
0.000000 -1.414214 -1.000000
0.000000 -1.414214 -1.000000
0.000000 -1.414214 -1.000000
0.000000 -1.414214 -1.000000
0.000000 -1.414214 -1.000000
0.000000 -4.123106 -4.000000
