1.000000 2.000000 9.219544
1.000000 2.236068 8.062258
1.000000 -1.000000 1.000000
1.000000 6.708204 7.615773
1.000000 1.414214 2.000000
1.000000 1.000000 1.414214
1.000000 1.000000 1.414214
1.000000 7.000000 7.280110
1.000000 7.071068 7.211103
1.000000 4.000000 4.123106
0.000000 -2.236068 inf
0.000000 -2.000000 1.000000
0.000000 -2.000000 1.000000
0.000000 -2.000000 1.000000
0.000000 -1.414214 1.000000
0.000000 -1.000000 1.000000
0.000000 -1.000000 1.000000
0.000000 -2.236068 -1.000000
0.000000 -2.000000 -1.000000
0.000000 -2.000000 -1.000000
0.000000 -2.000000 -1.000000
0.000000 -2.000000 -1.414214
0.000000 -2.000000 -1.414214
0.000000 -2.000000 -1.414214
0.000000 -2.000000 -1.414214
0.000000 -1.414214 -1.000000
0.000000 -1.414214 -1.000000
0.000000 -1.414214 -1.000000
0.000000 -1.414214 -1.000000
0.000000 -1.414214 -1.000000
0.000000 -1.414214 -1.000000
0.000000 -1.414214 -1.000000
0.000000 -1.414214 -1.000000
0.000000 -1.414214 -1.000000
