1.000000 3.500000 16.807736
1.000000 -0.500000 0.500000
1.000000 5.315073 6.103278
1.000000 3.535534 3.905125
1.000000 5.315073 5.656854
1.000000 1.500000 1.802776
1.000000 3.605551 3.905125
1.000000 0.707107 1.000000
1.000000 5.408327 5.700877
1.000000 5.408327 5.700877
1.000000 1.581139 1.802776
1.000000 0.500000 0.707107
1.000000 0.500000 0.707107
1.000000 0.500000 0.707107
1.000000 0.500000 0.707107
1.000000 0.500000 0.707107
1.000000 0.500000 0.707107
1.000000 0.500000 0.707107
1.000000 0.500000 0.707107
1.000000 0.500000 0.707107
1.000000 3.605551 3.807887
1.000000 3.640055 3.807887
1.000000 5.700877 5.852350
1.000000 5.700877 5.852350
1.000000 1.000000 1.118034
1.000000 1.000000 1.118034
1.000000 1.000000 1.118034
1.000000 1.000000 1.118034
1.000000 5.590170 5.700877
1.000000 4.527693 4.609772
1.000000 1.500000 1.581139
1.000000 1.500000 1.581139
1.000000 1.500000 1.581139
1.000000 16.552945 16.620770
1.000000 5.590170 5.656854
1.000000 3.000000 3.041381
1.000000 4.000000 4.031129
1.000000 16.324828 16.347783
1.000000 16.620770 16.643317
1.000000 6.082763 6.103278
1.000000 6.500000 6.519202
1.000000 15.000000 15.008331
0.000000 -1.500000 inf
0.000000 -1.500000 3.000000
0.000000 -0.707107 3.000000
0.000000 -1.118034 1.581139
0.000000 -1.000000 1.500000
0.000000 -1.000000 1.500000
0.000000 -1.000000 1.500000
0.000000 -1.118034 1.118034
0.000000 -0.707107 1.414214
0.000000 -1.000000 1.000000
0.000000 -1.414214 0.500000
0.000000 -1.118034 0.707107
0.000000 -0.707107 1.000000
0.000000 -1.118034 0.500000
0.000000 -1.118034 0.500000
0.000000 -0.500000 1.000000
0.000000 -1.000000 0.500000
0.000000 -1.000000 0.500000
0.000000 -0.707107 0.707107
0.000000 -0.707107 0.500000
0.000000 -0.500000 0.500000
0.000000 -1.414214 -0.707107
0.000000 -1.000000 -0.500000
0.000000 -1.000000 -0.500000
0.000000 -1.000000 -0.500000
0.000000 -1.414214 -1.000000
0.000000 -1.118034 -0.707107
0.000000 -1.118034 -0.707107
0.000000 -1.414214 -1.118034
0.000000 -1.000000 -0.707107
0.000000 -0.707107 -0.500000
0.000000 -0.707107 -0.500000
0.000000 -0.707107 -0.500000
0.000000 -0.707107 -0.500000
0.000000 -0.707107 -0.500000
0.000000 -0.707107 -0.500000
0.000000 -0.707107 -0.500000
0.000000 -1.118034 -1.000000
0.000000 -1.118034 -1.000000
0.000000 -1.118034 -1.000000
0.000000 -1.118034 -1.000000
0.000000 -1.118034 -1.000000
0.000000 -1.118034 -1.000000
0.000000 -1.118034 -1.000000
0.000000 -1.118034 -1.000000
0.000000 -1.118034 -1.000000
0.000000 -1.118034 -1.000000
