1.000000 1.500000 4.609772
1.000000 -1.000000 1.414214
1.000000 -1.000000 0.707107
1.000000 -0.707107 0.500000
1.000000 -0.500000 0.500000
1.000000 2.915476 3.905125
1.000000 0.500000 1.118034
1.000000 4.301163 4.609772
1.000000 0.707107 1.000000
1.000000 0.500000 0.707107
1.000000 0.500000 0.707107
1.000000 0.500000 0.707107
1.000000 0.500000 0.707107
1.000000 0.500000 0.707107
1.000000 0.500000 0.707107
1.000000 0.500000 0.707107
1.000000 0.500000 0.707107
1.000000 0.500000 0.707107
1.000000 3.354102 3.500000
1.000000 4.472136 4.609772
1.000000 3.041381 3.162278
1.000000 3.041381 3.162278
1.000000 1.000000 1.118034
1.000000 1.000000 1.118034
1.000000 3.535534 3.640055
1.000000 1.500000 1.581139
0.000000 -3.807887 inf
0.000000 -3.535534 -0.500000
0.000000 -0.500000 1.000000
0.000000 -3.354102 -2.061553
0.000000 -2.121320 -1.118034
0.000000 -0.500000 0.500000
0.000000 -0.500000 0.500000
0.000000 -0.500000 0.500000
0.000000 -0.500000 0.500000
0.000000 -2.500000 -1.581139
0.000000 -1.802776 -1.118034
0.000000 -2.500000 -2.000000
0.000000 -1.581139 -1.118034
0.000000 -1.500000 -1.118034
0.000000 -1.000000 -0.707107
0.000000 -0.707107 -0.500000
0.000000 -0.707107 -0.500000
0.000000 -3.640055 -3.500000
0.000000 -1.118034 -1.000000
0.000000 -1.581139 -1.500000
0.000000 -1.581139 -1.500000
