1.000000 -3.535534 1.118034
1.000000 -2.692582 0.707107
1.000000 -2.500000 0.500000
1.000000 -1.118034 1.414214
1.000000 -0.707107 1.000000
1.000000 1.118034 1.414214
1.000000 1.118034 1.414214
1.000000 1.118034 1.414214
1.000000 0.707107 1.000000
1.000000 0.707107 1.000000
1.000000 0.500000 0.707107
1.000000 0.500000 0.707107
1.000000 0.500000 0.707107
1.000000 0.500000 0.707107
1.000000 0.500000 0.707107
1.000000 0.500000 0.707107
1.000000 1.000000 1.118034
1.000000 1.000000 1.118034
0.000000 -7.632169 inf
0.000000 -7.500000 -3.905125
0.000000 -6.082763 -3.905125
0.000000 -5.590170 -5.000000
0.000000 -6.670832 -6.264982
0.000000 -1.414214 -1.118034
0.000000 -4.743416 -4.500000
0.000000 -6.670832 -6.500000
0.000000 -6.500000 -6.403124
0.000000 -6.500000 -6.403124
0.000000 -2.915476 -2.828427
0.000000 -5.220153 -5.147815
0.000000 -5.385165 -5.315073
0.000000 -2.549510 -2.500000
0.000000 -6.519202 -6.500000
