1.000000 -1.414214 12.529964
1.000000 -1.000000 1.414214
1.000000 -1.000000 1.000000
1.000000 -1.000000 1.000000
1.000000 1.000000 2.828427
1.000000 1.414214 2.236068
1.000000 2.236068 2.828427
1.000000 2.236068 2.828427
1.000000 1.414214 2.000000
1.000000 1.414214 2.000000
1.000000 10.295630 10.770330
1.000000 1.000000 1.414214
1.000000 1.000000 1.414214
1.000000 7.615773 8.000000
1.000000 10.440307 10.770330
1.000000 10.440307 10.770330
1.000000 2.000000 2.236068
1.000000 11.045361 11.180340
1.000000 11.045361 11.180340
1.000000 8.000000 8.062258
0.000000 -5.000000 inf
0.000000 -4.000000 1.000000
0.000000 -2.000000 2.236068
0.000000 -1.000000 1.000000
0.000000 -4.000000 -2.000000
0.000000 -1.000000 1.000000
0.000000 -4.000000 -2.236068
0.000000 -3.605551 -2.236068
0.000000 -2.236068 -1.000000
0.000000 -2.828427 -2.000000
0.000000 -2.828427 -2.000000
0.000000 -2.828427 -2.000000
0.000000 -2.828427 -2.000000
0.000000 -3.000000 -2.236068
0.000000 -2.828427 -2.236068
0.000000 -2.828427 -2.236068
0.000000 -2.828427 -2.236068
0.000000 -2.000000 -1.414214
0.000000 -4.000000 -3.605551
0.000000 -3.162278 -2.828427
0.000000 -2.236068 -2.000000
0.000000 -2.236068 -2.000000
0.000000 -2.236068 -2.000000
0.000000 -2.236068 -2.000000
