1.000000 5.024938 10.307764
1.000000 0.707107 2.500000
1.000000 -0.500000 1.118034
1.000000 -0.500000 1.000000
1.000000 3.535534 5.000000
1.000000 3.640055 5.099020
1.000000 2.000000 3.162278
1.000000 0.500000 1.118034
1.000000 8.514693 8.845903
1.000000 1.802776 2.121320
1.000000 1.500000 1.802776
1.000000 1.118034 1.414214
1.000000 1.118034 1.414214
1.000000 0.707107 1.000000
1.000000 0.707107 1.000000
1.000000 0.707107 1.000000
1.000000 4.716991 5.000000
1.000000 8.602325 8.845903
1.000000 9.192388 9.433981
1.000000 2.000000 2.236068
1.000000 2.000000 2.236068
1.000000 4.924429 5.147815
1.000000 2.692582 2.915476
1.000000 1.581139 1.802776
1.000000 0.500000 0.707107
1.000000 0.500000 0.707107
1.000000 0.500000 0.707107
1.000000 5.024938 5.220153
1.000000 2.500000 2.692582
1.000000 10.124228 10.307764
1.000000 9.013878 9.192388
1.000000 2.061553 2.236068
1.000000 3.640055 3.807887
1.000000 3.640055 3.807887
1.000000 5.220153 5.385165
1.000000 9.394147 9.552487
1.000000 8.746428 8.902247
1.000000 4.123106 4.272002
1.000000 4.123106 4.272002
1.000000 3.905125 4.031129
1.000000 1.000000 1.118034
1.000000 1.000000 1.118034
1.000000 5.590170 5.700877
1.000000 9.861541 9.962429
1.000000 8.746428 8.845903
1.000000 10.198039 10.295630
1.000000 2.828427 2.915476
1.000000 1.500000 1.581139
1.000000 3.535534 3.605551
1.000000 8.944272 9.013878
1.000000 6.020797 6.082763
1.000000 10.062306 10.124228
1.000000 2.000000 2.061553
1.000000 2.000000 2.061553
1.000000 2.000000 2.061553
1.000000 2.000000 2.061553
1.000000 2.061553 2.121320
1.000000 7.516648 7.566373
1.000000 2.500000 2.549510
1.000000 8.902247 8.944272
1.000000 3.000000 3.041381
1.000000 3.500000 3.535534
1.000000 4.000000 4.031129
1.000000 4.000000 4.031129
1.000000 4.500000 4.527693
1.000000 6.500000 6.519202
1.000000 6.500000 6.519202
0.000000 -3.640055 inf
0.000000 -0.500000 3.500000
0.000000 -1.802776 2.000000
0.000000 -1.414214 2.000000
0.000000 -0.707107 2.500000
0.000000 -1.118034 2.000000
0.000000 -0.707107 1.500000
0.000000 -1.000000 0.707107
0.000000 -1.000000 0.500000
0.000000 -1.000000 0.500000
0.000000 -1.000000 0.500000
0.000000 -0.500000 1.000000
0.000000 -0.707107 0.707107
0.000000 -0.707107 0.500000
0.000000 -0.500000 0.707107
0.000000 -2.236068 -1.118034
0.000000 -0.500000 0.500000
0.000000 -1.500000 -0.500000
0.000000 -0.500000 0.500000
0.000000 -2.915476 -2.000000
0.000000 -1.414214 -0.500000
0.000000 -1.500000 -0.707107
0.000000 -2.121320 -1.414214
0.000000 -2.061553 -1.414214
0.000000 -1.118034 -0.500000
0.000000 -1.118034 -0.500000
0.000000 -1.000000 -0.500000
0.000000 -3.000000 -2.500000
0.000000 -1.118034 -0.707107
0.000000 -1.500000 -1.118034
0.000000 -1.414214 -1.118034
0.000000 -1.000000 -0.707107
0.000000 -1.000000 -0.707107
0.000000 -1.000000 -0.707107
0.000000 -1.802776 -1.581139
0.000000 -0.707107 -0.500000
0.000000 -0.707107 -0.500000
0.000000 -0.707107 -0.500000
0.000000 -0.707107 -0.500000
0.000000 -0.707107 -0.500000
0.000000 -2.000000 -1.802776
0.000000 -1.581139 -1.500000
0.000000 -2.061553 -2.000000
0.000000 -2.061553 -2.000000
