1.000000 -0.707107 11.101802
1.000000 9.962429 10.295630
1.000000 0.707107 1.000000
1.000000 9.823441 10.111874
1.000000 10.062306 10.295630
1.000000 0.500000 0.707107
1.000000 0.500000 0.707107
1.000000 0.500000 0.707107
1.000000 7.905694 8.077747
1.000000 10.124228 10.295630
1.000000 9.962429 10.124228
1.000000 10.440307 10.594810
1.000000 7.762087 7.905694
1.000000 1.000000 1.118034
1.000000 8.139410 8.246211
1.000000 8.381527 8.485281
1.000000 8.631338 8.732125
1.000000 10.012492 10.111874
1.000000 10.700467 10.793517
1.000000 10.259142 10.307764
1.000000 8.514693 8.558621
1.000000 9.500000 9.513149
0.000000 -3.640055 inf
0.000000 -2.828427 -1.414214
0.000000 -2.061553 -1.000000
0.000000 -2.500000 -1.500000
0.000000 -0.500000 0.500000
0.000000 -2.061553 -1.118034
0.000000 -2.061553 -1.414214
0.000000 -2.500000 -2.000000
0.000000 -2.500000 -2.061553
0.000000 -2.000000 -1.581139
0.000000 -1.118034 -0.707107
0.000000 -1.802776 -1.414214
0.000000 -1.802776 -1.414214
0.000000 -2.500000 -2.121320
0.000000 -3.162278 -2.828427
0.000000 -1.802776 -1.500000
0.000000 -1.414214 -1.118034
0.000000 -1.414214 -1.118034
0.000000 -2.061553 -1.802776
0.000000 -2.061553 -1.802776
0.000000 -2.061553 -1.802776
0.000000 -2.236068 -2.000000
0.000000 -2.000000 -1.802776
0.000000 -2.000000 -1.802776
0.000000 -2.000000 -1.802776
0.000000 -1.581139 -1.414214
0.000000 -1.581139 -1.414214
0.000000 -1.118034 -1.000000
0.000000 -1.118034 -1.000000
0.000000 -2.236068 -2.121320
0.000000 -2.236068 -2.121320
0.000000 -3.640055 -3.535534
0.000000 -2.915476 -2.828427
0.000000 -1.500000 -1.414214
0.000000 -1.581139 -1.500000
0.000000 -1.581139 -1.500000
0.000000 -1.581139 -1.500000
0.000000 -1.581139 -1.500000
0.000000 -1.581139 -1.500000
0.000000 -1.581139 -1.500000
0.000000 -3.605551 -3.535534
0.000000 -2.061553 -2.000000
0.000000 -2.061553 -2.000000
