1.000000 -2.400000 8.800000
1.000000 2.529822 3.200000
1.000000 6.449806 6.881860
1.000000 2.529822 2.884441
1.000000 6.835203 7.155418
1.000000 7.155418 7.375636
1.000000 6.248200 6.400000
1.000000 8.039900 8.158431
1.000000 7.547185 7.589466
0.000000 -7.200000 inf
0.000000 -5.600000 -2.400000
0.000000 -4.866210 -2.400000
0.000000 -4.000000 -2.884441
0.000000 -3.200000 -2.400000
0.000000 -3.200000 -2.529822
0.000000 -3.298485 -2.884441
0.000000 -2.884441 -2.529822
0.000000 -2.884441 -2.529822
0.000000 -3.200000 -2.884441
0.000000 -4.800000 -4.664762
0.000000 -2.529822 -2.400000
0.000000 -2.529822 -2.400000
