1.000000 -1.000000 10.198039
1.000000 -1.000000 1.000000
1.000000 2.828427 4.242641
1.000000 6.324555 6.708204
1.000000 8.062258 8.246211
1.000000 3.000000 3.162278
1.000000 3.000000 3.162278
1.000000 7.000000 7.071068
1.000000 10.000000 10.049876
0.000000 -6.082763 inf
0.000000 -1.000000 2.236068
0.000000 -4.123106 -2.000000
0.000000 -3.605551 -2.000000
0.000000 -3.000000 -1.414214
0.000000 -4.123106 -2.828427
0.000000 -4.000000 -3.162278
0.000000 -2.236068 -1.414214
0.000000 -2.000000 -1.414214
0.000000 -4.000000 -3.605551
0.000000 -2.236068 -2.000000
0.000000 -2.236068 -2.000000
0.000000 -3.162278 -3.000000
0.000000 -3.162278 -3.000000
