1.000000 7.000000 9.552487
1.000000 0.707107 2.500000
1.000000 1.500000 3.000000
1.000000 2.549510 3.535534
1.000000 1.000000 1.802776
1.000000 3.354102 3.905125
1.000000 1.581139 2.000000
1.000000 1.581139 2.000000
1.000000 0.707107 1.118034
1.000000 0.707107 1.118034
1.000000 3.605551 3.905125
1.000000 1.118034 1.414214
1.000000 2.236068 2.500000
1.000000 9.192388 9.433981
1.000000 3.807887 4.031129
1.000000 3.807887 4.031129
1.000000 1.581139 1.802776
1.000000 1.581139 1.802776
1.000000 9.219544 9.433981
1.000000 0.500000 0.707107
1.000000 0.500000 0.707107
1.000000 0.500000 0.707107
1.000000 3.605551 3.807887
1.000000 3.605551 3.807887
1.000000 4.123106 4.272002
1.000000 4.123106 4.272002
1.000000 2.549510 2.692582
1.000000 1.000000 1.118034
1.000000 3.535534 3.640055
1.000000 2.915476 3.000000
1.000000 4.527693 4.609772
1.000000 1.500000 1.581139
1.000000 9.219544 9.300538
1.000000 3.535534 3.605551
1.000000 2.000000 2.061553
1.000000 2.000000 2.061553
1.000000 3.000000 3.041381
1.000000 3.162278 3.201562
1.000000 3.500000 3.535534
1.000000 4.500000 4.527693
1.000000 5.000000 5.024938
0.000000 -3.354102 inf
0.000000 -1.000000 5.315073
0.000000 -1.118034 2.236068
0.000000 -1.802776 0.500000
0.000000 -1.000000 1.118034
0.000000 -1.500000 0.500000
0.000000 -0.500000 1.000000
0.000000 -1.000000 0.500000
0.000000 -0.500000 0.707107
0.000000 -0.500000 0.500000
0.000000 -0.500000 0.500000
0.000000 -1.118034 -0.500000
0.000000 -1.000000 -0.500000
0.000000 -1.118034 -0.707107
0.000000 -1.118034 -0.707107
0.000000 -1.000000 -0.707107
0.000000 -1.000000 -0.707107
0.000000 -1.000000 -0.707107
0.000000 -1.000000 -0.707107
0.000000 -1.000000 -0.707107
0.000000 -1.000000 -0.707107
0.000000 -1.000000 -0.707107
0.000000 -1.000000 -0.707107
0.000000 -0.707107 -0.500000
0.000000 -0.707107 -0.500000
0.000000 -1.118034 -1.000000
0.000000 -1.118034 -1.000000
0.000000 -1.118034 -1.000000
