1.000000 0.800000 10.673331
1.000000 -1.600000 0.800000
1.000000 -0.800000 0.800000
1.000000 -0.800000 0.800000
1.000000 1.600000 2.400000
1.000000 2.262742 2.884441
1.000000 2.884441 3.394113
1.000000 1.788854 2.262742
1.000000 1.788854 2.262742
1.000000 1.788854 2.262742
1.000000 3.577709 4.000000
1.000000 2.884441 3.298485
1.000000 2.884441 3.298485
1.000000 8.236504 8.616264
1.000000 2.529822 2.884441
1.000000 2.529822 2.884441
1.000000 6.248200 6.596969
1.000000 6.449806 6.788225
1.000000 0.800000 1.131371
1.000000 10.119289 10.400000
1.000000 8.236504 8.504117
1.000000 6.596969 6.835203
1.000000 4.079216 4.308132
1.000000 7.375636 7.589466
1.000000 3.394113 3.577709
1.000000 6.092618 6.248200
1.000000 7.879086 8.000000
1.000000 3.200000 3.298485
1.000000 3.298485 3.394113
1.000000 3.298485 3.394113
1.000000 3.298485 3.394113
1.000000 4.800000 4.866210
1.000000 8.800000 8.836289
1.000000 8.800000 8.836289
0.000000 -8.000000 inf
0.000000 -0.800000 1.600000
0.000000 -0.800000 1.600000
0.000000 -2.884441 -0.800000
0.000000 -0.800000 1.131371
0.000000 -0.800000 1.131371
0.000000 -2.884441 -1.131371
0.000000 -0.800000 0.800000
0.000000 -0.800000 0.800000
0.000000 -2.262742 -1.131371
0.000000 -7.375636 -6.400000
0.000000 -2.529822 -1.600000
0.000000 -1.600000 -0.800000
0.000000 -2.262742 -1.600000
0.000000 -1.788854 -1.131371
0.000000 -2.400000 -1.788854
0.000000 -2.400000 -1.788854
0.000000 -2.262742 -1.788854
0.000000 -2.262742 -1.788854
0.000000 -1.600000 -1.131371
0.000000 -1.600000 -1.131371
0.000000 -1.600000 -1.131371
0.000000 -1.131371 -0.800000
0.000000 -2.529822 -2.262742
0.000000 -1.788854 -1.600000
0.000000 -1.788854 -1.600000
0.000000 -2.400000 -2.262742
0.000000 -2.400000 -2.262742
0.000000 -2.529822 -2.400000
0.000000 -6.449806 -6.400000
