1.000000 -2.262742 0.800000
1.000000 -1.131371 1.600000
1.000000 1.600000 4.000000
1.000000 -0.800000 0.800000
1.000000 -0.800000 0.800000
1.000000 -0.800000 0.800000
1.000000 0.800000 1.600000
1.000000 1.600000 2.262742
1.000000 1.131371 1.788854
1.000000 1.131371 1.600000
1.000000 0.800000 1.131371
1.000000 0.800000 1.131371
1.000000 0.800000 1.131371
1.000000 3.298485 3.577709
1.000000 3.298485 3.577709
1.000000 1.600000 1.788854
1.000000 1.600000 1.788854
1.000000 3.394113 3.577709
1.000000 3.298485 3.394113
0.000000 -6.449806 inf
0.000000 -5.768882 -3.200000
0.000000 -0.800000 1.600000
0.000000 -1.131371 0.800000
0.000000 -1.788854 -1.131371
0.000000 -6.400000 -5.768882
0.000000 -2.400000 -1.788854
0.000000 -4.525483 -4.000000
0.000000 -2.262742 -1.788854
0.000000 -1.600000 -1.131371
0.000000 -1.600000 -1.131371
0.000000 -1.131371 -0.800000
0.000000 -6.092618 -5.824088
0.000000 -4.866210 -4.664762
0.000000 -2.529822 -2.400000
0.000000 -2.529822 -2.400000
0.000000 -2.529822 -2.400000
0.000000 -2.529822 -2.400000
0.000000 -5.768882 -5.656854
0.000000 -4.079216 -4.000000
0.000000 -6.449806 -6.400000
