1.000000 -1.000000 0.707107
1.000000 -0.500000 1.000000
1.000000 0.500000 1.802776
1.000000 0.500000 1.581139
1.000000 -0.500000 0.500000
1.000000 -0.500000 0.500000
1.000000 -0.500000 0.500000
1.000000 4.123106 5.000000
1.000000 1.802776 2.549510
1.000000 4.716991 5.385165
1.000000 1.500000 2.000000
1.000000 0.500000 1.000000
1.000000 0.500000 1.000000
1.000000 1.581139 2.000000
1.000000 1.000000 1.414214
1.000000 0.707107 1.118034
1.000000 0.707107 1.118034
1.000000 0.707107 1.118034
1.000000 5.500000 5.852350
1.000000 1.802776 2.121320
1.000000 4.609772 4.924429
1.000000 1.118034 1.414214
1.000000 1.118034 1.414214
1.000000 0.707107 1.000000
1.000000 0.707107 1.000000
1.000000 0.707107 1.000000
1.000000 4.716991 5.000000
1.000000 3.354102 3.605551
1.000000 4.716991 4.949747
1.000000 4.716991 4.949747
1.000000 7.615773 7.826238
1.000000 4.716991 4.924429
1.000000 0.500000 0.707107
1.000000 0.500000 0.707107
1.000000 0.500000 0.707107
1.000000 0.500000 0.707107
1.000000 0.500000 0.707107
1.000000 0.500000 0.707107
1.000000 7.632169 7.826238
1.000000 4.743416 4.924429
1.000000 4.743416 4.924429
1.000000 3.640055 3.807887
1.000000 3.201562 3.354102
1.000000 7.762087 7.905694
1.000000 2.549510 2.692582
1.000000 7.778175 7.905694
1.000000 5.099020 5.220153
1.000000 5.099020 5.220153
1.000000 1.000000 1.118034
1.000000 1.000000 1.118034
1.000000 1.000000 1.118034
1.000000 1.000000 1.118034
1.000000 1.000000 1.118034
1.000000 1.000000 1.118034
1.000000 1.000000 1.118034
1.000000 1.000000 1.118034
1.000000 1.000000 1.118034
1.000000 1.000000 1.118034
1.000000 4.609772 4.716991
1.000000 4.609772 4.716991
1.000000 4.609772 4.716991
1.000000 5.000000 5.099020
1.000000 4.031129 4.123106
1.000000 1.414214 1.500000
1.000000 1.500000 1.581139
1.000000 1.500000 1.581139
1.000000 1.500000 1.581139
1.000000 1.500000 1.581139
1.000000 4.924429 5.000000
1.000000 4.924429 5.000000
1.000000 5.024938 5.099020
1.000000 5.024938 5.099020
1.000000 10.124228 10.198039
1.000000 5.522681 5.590170
1.000000 2.000000 2.061553
1.000000 2.000000 2.061553
1.000000 2.000000 2.061553
1.000000 2.000000 2.061553
1.000000 2.061553 2.121320
1.000000 2.061553 2.121320
1.000000 2.061553 2.121320
1.000000 10.547512 10.594810
1.000000 8.015610 8.062258
1.000000 8.514693 8.558621
1.000000 9.013878 9.055385
1.000000 3.000000 3.041381
1.000000 3.500000 3.535534
1.000000 4.500000 4.527693
1.000000 4.924429 4.949747
1.000000 5.000000 5.024938
1.000000 5.500000 5.522681
1.000000 6.000000 6.020797
0.000000 -5.385165 inf
0.000000 -0.707107 7.615773
0.000000 -4.301163 3.000000
0.000000 -1.500000 4.609772
0.000000 -3.500000 1.802776
0.000000 -2.236068 1.000000
0.000000 -1.802776 0.500000
0.000000 -0.500000 1.802776
0.000000 -0.500000 1.500000
0.000000 -2.236068 -0.500000
0.000000 -0.500000 1.118034
0.000000 -0.500000 1.000000
0.000000 -0.500000 1.000000
0.000000 -1.000000 0.500000
0.000000 -1.000000 0.500000
0.000000 -0.707107 0.707107
0.000000 -0.707107 0.707107
0.000000 -0.707107 0.500000
0.000000 -0.707107 0.500000
0.000000 -0.500000 0.707107
0.000000 -1.581139 -0.500000
0.000000 -0.500000 0.500000
0.000000 -0.500000 0.500000
0.000000 -0.500000 0.500000
0.000000 -1.500000 -0.500000
0.000000 -1.802776 -1.118034
0.000000 -1.118034 -0.500000
0.000000 -1.118034 -0.500000
0.000000 -1.118034 -0.500000
0.000000 -1.000000 -0.500000
0.000000 -3.640055 -3.162278
0.000000 -1.581139 -1.118034
0.000000 -2.000000 -1.581139
0.000000 -1.414214 -1.118034
0.000000 -1.000000 -0.707107
0.000000 -1.000000 -0.707107
0.000000 -1.000000 -0.707107
0.000000 -1.000000 -0.707107
0.000000 -1.000000 -0.707107
0.000000 -1.000000 -0.707107
0.000000 -0.707107 -0.500000
0.000000 -0.707107 -0.500000
0.000000 -0.707107 -0.500000
0.000000 -0.707107 -0.500000
0.000000 -0.707107 -0.500000
0.000000 -0.707107 -0.500000
0.000000 -3.807887 -3.640055
0.000000 -5.315073 -5.147815
0.000000 -1.118034 -1.000000
0.000000 -1.118034 -1.000000
0.000000 -5.220153 -5.147815
0.000000 -2.061553 -2.000000
