1.000000 -0.500000 9.513149
1.000000 5.500000 7.826238
1.000000 1.118034 3.201562
1.000000 2.121320 4.031129
1.000000 0.707107 2.500000
1.000000 -0.707107 1.000000
1.000000 -0.707107 0.707107
1.000000 -0.707107 0.707107
1.000000 -0.500000 0.500000
1.000000 -0.500000 0.500000
1.000000 -0.500000 0.500000
1.000000 -0.500000 0.500000
1.000000 -0.500000 0.500000
1.000000 -0.500000 0.500000
1.000000 -0.500000 0.500000
1.000000 -0.500000 0.500000
1.000000 5.590170 6.519202
1.000000 0.500000 1.000000
1.000000 7.017834 7.500000
1.000000 2.061553 2.500000
1.000000 1.000000 1.414214
1.000000 1.000000 1.414214
1.000000 3.201562 3.605551
1.000000 2.549510 2.915476
1.000000 5.700877 6.041523
1.000000 3.201562 3.535534
1.000000 1.118034 1.414214
1.000000 1.118034 1.414214
1.000000 0.707107 1.000000
1.000000 0.707107 1.000000
1.000000 0.707107 1.000000
1.000000 0.707107 1.000000
1.000000 7.211103 7.500000
1.000000 2.236068 2.500000
1.000000 2.236068 2.500000
1.000000 7.158911 7.382412
1.000000 0.500000 0.707107
1.000000 0.500000 0.707107
1.000000 0.500000 0.707107
1.000000 0.500000 0.707107
1.000000 0.500000 0.707107
1.000000 0.500000 0.707107
1.000000 3.605551 3.807887
1.000000 5.830952 6.020797
1.000000 5.830952 6.020797
1.000000 3.354102 3.535534
1.000000 2.061553 2.236068
1.000000 5.700877 5.852350
1.000000 5.700877 5.852350
1.000000 7.017834 7.158911
1.000000 6.184658 6.324555
1.000000 1.000000 1.118034
1.000000 1.000000 1.118034
1.000000 1.000000 1.118034
1.000000 1.000000 1.118034
1.000000 1.000000 1.118034
1.000000 1.000000 1.118034
1.000000 1.000000 1.118034
1.000000 1.000000 1.118034
1.000000 2.121320 2.236068
1.000000 3.807887 3.905125
1.000000 6.020797 6.082763
1.000000 2.000000 2.061553
1.000000 2.061553 2.121320
1.000000 6.264982 6.324555
1.000000 2.500000 2.549510
1.000000 3.605551 3.640055
1.000000 4.500000 4.527693
1.000000 6.020797 6.041523
0.000000 -3.354102 inf
0.000000 -2.236068 1.118034
0.000000 -0.500000 1.802776
0.000000 -3.000000 -0.707107
0.000000 -2.915476 -1.118034
0.000000 -1.000000 0.707107
0.000000 -2.549510 -1.000000
0.000000 -2.500000 -1.000000
0.000000 -1.000000 0.500000
0.000000 -0.500000 1.000000
0.000000 -0.500000 1.000000
0.000000 -3.041381 -1.581139
0.000000 -0.707107 0.707107
0.000000 -0.707107 0.500000
0.000000 -0.707107 0.500000
0.000000 -0.707107 0.500000
0.000000 -2.500000 -1.414214
0.000000 -2.061553 -1.000000
0.000000 -2.000000 -1.000000
0.000000 -2.061553 -1.118034
0.000000 -1.414214 -0.500000
0.000000 -2.000000 -1.118034
0.000000 -1.581139 -0.707107
0.000000 -2.121320 -1.414214
0.000000 -2.061553 -1.500000
0.000000 -1.500000 -1.000000
0.000000 -2.000000 -1.500000
0.000000 -1.000000 -0.500000
0.000000 -2.549510 -2.121320
0.000000 -1.414214 -1.000000
0.000000 -1.118034 -0.707107
0.000000 -1.118034 -0.707107
0.000000 -1.802776 -1.414214
0.000000 -1.500000 -1.118034
0.000000 -1.802776 -1.500000
0.000000 -1.414214 -1.118034
0.000000 -1.000000 -0.707107
0.000000 -1.000000 -0.707107
0.000000 -1.000000 -0.707107
0.000000 -1.000000 -0.707107
0.000000 -1.000000 -0.707107
0.000000 -1.000000 -0.707107
0.000000 -2.500000 -2.236068
0.000000 -2.061553 -1.802776
0.000000 -1.802776 -1.581139
0.000000 -1.802776 -1.581139
0.000000 -1.802776 -1.581139
0.000000 -0.707107 -0.500000
0.000000 -0.707107 -0.500000
0.000000 -0.707107 -0.500000
0.000000 -0.707107 -0.500000
0.000000 -2.000000 -1.802776
0.000000 -2.000000 -1.802776
0.000000 -2.000000 -1.802776
0.000000 -2.000000 -1.802776
0.000000 -1.581139 -1.414214
0.000000 -1.118034 -1.000000
0.000000 -1.118034 -1.000000
0.000000 -1.500000 -1.414214
0.000000 -1.500000 -1.414214
0.000000 -1.500000 -1.414214
0.000000 -1.581139 -1.500000
0.000000 -1.581139 -1.500000
0.000000 -2.121320 -2.061553
