1.000000 -1.414214 10.295630
1.000000 -1.000000 1.000000
1.000000 1.000000 2.000000
1.000000 3.605551 4.242641
1.000000 1.000000 1.414214
1.000000 9.848858 10.198039
1.000000 4.000000 4.123106
0.000000 -4.242641 inf
0.000000 -1.414214 1.000000
0.000000 -4.242641 -2.000000
0.000000 -3.605551 -2.000000
0.000000 -3.000000 -2.000000
0.000000 -3.000000 -2.000000
0.000000 -2.828427 -2.000000
0.000000 -2.828427 -2.236068
0.000000 -2.828427 -2.236068
0.000000 -2.828427 -2.236068
0.000000 -1.414214 -1.000000
0.000000 -2.236068 -2.000000
0.000000 -3.000000 -2.828427
0.000000 -4.123106 -4.000000
