1.000000 4.000000 8.485281
1.000000 -1.000000 2.000000
1.000000 1.000000 3.605551
1.000000 -1.000000 1.000000
1.000000 -1.000000 1.000000
1.000000 -1.000000 1.000000
1.000000 -1.000000 1.000000
1.000000 5.000000 6.708204
1.000000 1.000000 2.236068
1.000000 1.000000 2.000000
1.000000 5.000000 5.656854
1.000000 5.830952 6.324555
1.000000 1.000000 1.414214
1.000000 1.000000 1.414214
1.000000 1.000000 1.414214
1.000000 1.000000 1.414214
1.000000 1.000000 1.414214
1.000000 6.403124 6.708204
1.000000 7.000000 7.280110
1.000000 5.385165 5.656854
1.000000 5.385165 5.656854
1.000000 7.810250 8.062258
1.000000 2.000000 2.236068
1.000000 2.000000 2.236068
1.000000 7.615773 7.810250
1.000000 8.062258 8.246211
1.000000 5.656854 5.830952
1.000000 5.000000 5.099020
1.000000 6.324555 6.403124
1.000000 6.324555 6.403124
1.000000 7.000000 7.071068
0.000000 -6.082763 inf
0.000000 -4.000000 2.000000
0.000000 -2.000000 1.000000
0.000000 -2.000000 1.000000
0.000000 -3.605551 -1.000000
0.000000 -3.605551 -1.000000
0.000000 -4.000000 -1.414214
0.000000 -1.414214 1.000000
0.000000 -1.414214 1.000000
0.000000 -1.000000 1.000000
0.000000 -1.000000 1.000000
0.000000 -1.000000 1.000000
0.000000 -2.236068 -1.000000
0.000000 -2.236068 -1.000000
0.000000 -2.236068 -1.000000
0.000000 -4.000000 -3.000000
0.000000 -2.000000 -1.000000
0.000000 -2.000000 -1.000000
0.000000 -2.000000 -1.000000
0.000000 -2.828427 -2.236068
0.000000 -2.828427 -2.236068
0.000000 -2.000000 -1.414214
0.000000 -3.605551 -3.162278
0.000000 -1.414214 -1.000000
0.000000 -1.414214 -1.000000
0.000000 -1.414214 -1.000000
0.000000 -1.414214 -1.000000
0.000000 -1.414214 -1.000000
0.000000 -5.830952 -5.656854
