1.000000 -1.000000 10.124228
1.000000 1.118034 2.549510
1.000000 7.500000 8.732125
1.000000 1.802776 2.500000
1.000000 3.807887 4.123106
1.000000 1.118034 1.414214
1.000000 0.707107 1.000000
1.000000 9.013878 9.300538
1.000000 8.321658 8.602325
1.000000 7.158911 7.433034
1.000000 9.178780 9.433981
1.000000 9.394147 9.617692
1.000000 3.807887 4.031129
1.000000 1.581139 1.802776
1.000000 0.500000 0.707107
1.000000 0.500000 0.707107
1.000000 7.615773 7.810250
1.000000 7.615773 7.810250
1.000000 9.656604 9.848858
1.000000 8.902247 9.055385
1.000000 7.500000 7.632169
1.000000 7.778175 7.905694
1.000000 7.778175 7.905694
1.000000 1.000000 1.118034
1.000000 1.000000 1.118034
1.000000 1.000000 1.118034
1.000000 2.121320 2.236068
1.000000 8.500000 8.602325
1.000000 8.500000 8.602325
1.000000 4.031129 4.123106
1.000000 1.500000 1.581139
1.000000 7.500000 7.566373
1.000000 8.000000 8.062258
1.000000 2.000000 2.061553
1.000000 2.000000 2.061553
1.000000 8.485281 8.514693
0.000000 -3.162278 inf
0.000000 -0.500000 3.000000
0.000000 -1.414214 0.500000
0.000000 -2.692582 -1.000000
0.000000 -2.500000 -1.118034
0.000000 -0.707107 0.500000
0.000000 -2.549510 -1.500000
0.000000 -0.500000 0.500000
0.000000 -2.500000 -1.500000
0.000000 -2.000000 -1.118034
0.000000 -2.121320 -1.500000
0.000000 -2.061553 -1.500000
0.000000 -1.000000 -0.500000
0.000000 -1.000000 -0.500000
0.000000 -2.000000 -1.500000
0.000000 -2.061553 -1.581139
0.000000 -1.581139 -1.118034
0.000000 -2.500000 -2.061553
0.000000 -1.802776 -1.500000
0.000000 -1.414214 -1.118034
0.000000 -1.414214 -1.118034
0.000000 -1.414214 -1.118034
0.000000 -1.000000 -0.707107
0.000000 -1.802776 -1.581139
0.000000 -1.802776 -1.581139
0.000000 -2.000000 -1.802776
0.000000 -2.000000 -1.802776
0.000000 -1.581139 -1.414214
0.000000 -1.581139 -1.414214
0.000000 -1.581139 -1.414214
0.000000 -1.118034 -1.000000
0.000000 -1.118034 -1.000000
0.000000 -1.118034 -1.000000
0.000000 -1.118034 -1.000000
0.000000 -1.118034 -1.000000
0.000000 -1.118034 -1.000000
0.000000 -2.236068 -2.121320
0.000000 -2.236068 -2.121320
0.000000 -2.236068 -2.121320
0.000000 -1.500000 -1.414214
0.000000 -3.000000 -2.915476
0.000000 -1.581139 -1.500000
0.000000 -1.581139 -1.500000
0.000000 -1.581139 -1.500000
