1.000000 -1.414214 15.132746
1.000000 6.000000 11.661904
1.000000 -3.605551 1.414214
1.000000 -2.236068 1.414214
1.000000 1.414214 2.236068
1.000000 1.000000 1.414214
1.000000 1.000000 1.414214
1.000000 1.000000 1.414214
1.000000 1.000000 1.414214
1.000000 10.440307 10.770330
1.000000 2.000000 2.236068
1.000000 11.180340 11.401754
1.000000 10.000000 10.049876
0.000000 -11.401754 inf
0.000000 -11.000000 -4.123106
0.000000 -2.828427 1.000000
0.000000 -1.414214 1.000000
0.000000 -1.000000 1.000000
0.000000 -1.000000 1.000000
0.000000 -1.000000 1.000000
0.000000 -1.000000 1.000000
0.000000 -5.656854 -4.000000
0.000000 -5.099020 -3.605551
0.000000 -6.000000 -5.385165
0.000000 -2.000000 -1.414214
0.000000 -2.000000 -1.414214
0.000000 -2.000000 -1.414214
0.000000 -2.000000 -1.414214
0.000000 -2.000000 -1.414214
0.000000 -5.000000 -4.472136
0.000000 -10.816654 -10.770330
