1.000000 8.062258 12.806248
1.000000 16.401219 16.970563
1.000000 16.278821 16.763055
1.000000 1.000000 1.414214
1.000000 1.000000 1.414214
1.000000 1.000000 1.414214
1.000000 1.000000 1.414214
1.000000 16.643317 17.029386
1.000000 11.704700 12.083046
1.000000 7.810250 8.062258
1.000000 8.246211 8.485281
1.000000 17.000000 17.204651
1.000000 12.165525 12.369317
1.000000 9.000000 9.055385
1.000000 13.000000 13.038405
1.000000 17.464249 17.492856
0.000000 -3.162278 inf
0.000000 -1.000000 13.000000
0.000000 -1.414214 7.000000
0.000000 -1.000000 7.280110
0.000000 -1.000000 2.000000
0.000000 -3.000000 -1.000000
0.000000 -1.000000 1.000000
0.000000 -1.000000 1.000000
0.000000 -3.000000 -2.000000
0.000000 -2.000000 -1.000000
0.000000 -2.828427 -2.236068
0.000000 -2.000000 -1.414214
0.000000 -2.000000 -1.414214
0.000000 -1.414214 -1.000000
0.000000 -1.414214 -1.000000
0.000000 -3.000000 -2.828427
