1.000000 4.272002 11.423660
1.000000 1.118034 2.500000
1.000000 -0.500000 0.500000
1.000000 -0.500000 0.500000
1.000000 -0.500000 0.500000
1.000000 0.500000 1.118034
1.000000 0.500000 1.118034
1.000000 1.000000 1.500000
1.000000 0.707107 1.118034
1.000000 0.707107 1.118034
1.000000 1.118034 1.414214
1.000000 0.707107 1.000000
1.000000 0.707107 1.000000
1.000000 0.707107 1.000000
1.000000 0.707107 1.000000
1.000000 0.707107 1.000000
1.000000 0.707107 1.000000
1.000000 2.236068 2.500000
1.000000 10.977249 11.236103
1.000000 1.802776 2.061553
1.000000 1.581139 1.802776
1.000000 1.581139 1.802776
1.000000 0.500000 0.707107
1.000000 4.272002 4.472136
1.000000 7.280110 7.433034
1.000000 6.184658 6.324555
1.000000 11.180340 11.313708
1.000000 1.000000 1.118034
1.000000 1.000000 1.118034
1.000000 1.000000 1.118034
1.000000 1.000000 1.118034
1.000000 1.000000 1.118034
1.000000 4.527693 4.609772
1.000000 4.527693 4.609772
1.000000 1.500000 1.581139
1.000000 1.500000 1.581139
1.000000 2.000000 2.061553
1.000000 2.000000 2.061553
1.000000 2.000000 2.061553
1.000000 2.000000 2.061553
1.000000 6.519202 6.576473
1.000000 10.965856 11.011358
1.000000 8.500000 8.514693
0.000000 -2.915476 inf
0.000000 -1.414214 2.828427
0.000000 -2.121320 1.414214
0.000000 -0.500000 2.000000
0.000000 -1.414214 0.707107
0.000000 -1.118034 1.000000
0.000000 -1.000000 1.118034
0.000000 -0.500000 1.581139
0.000000 -1.500000 0.500000
0.000000 -1.000000 0.707107
0.000000 -0.500000 1.118034
0.000000 -2.236068 -0.707107
0.000000 -1.000000 0.500000
0.000000 -1.000000 0.500000
0.000000 -1.000000 0.500000
0.000000 -2.000000 -0.707107
0.000000 -0.707107 0.500000
0.000000 -0.500000 0.707107
0.000000 -0.500000 0.500000
0.000000 -0.500000 0.500000
0.000000 -0.500000 0.500000
0.000000 -1.414214 -0.500000
0.000000 -1.581139 -1.000000
0.000000 -1.000000 -0.500000
0.000000 -2.000000 -1.500000
0.000000 -1.581139 -1.118034
0.000000 -1.414214 -1.000000
0.000000 -1.118034 -0.707107
0.000000 -1.000000 -0.707107
0.000000 -1.000000 -0.707107
0.000000 -0.707107 -0.500000
0.000000 -1.581139 -1.500000
