1.000000 -1.000000 7.433034
1.000000 -0.500000 1.000000
1.000000 1.118034 1.414214
1.000000 4.743416 4.924429
1.000000 5.522681 5.700877
1.000000 4.609772 4.716991
1.000000 1.500000 1.581139
1.000000 5.099020 5.147815
1.000000 6.500000 6.519202
0.000000 -2.915476 inf
0.000000 -2.692582 -1.118034
0.000000 -0.500000 1.000000
0.000000 -2.061553 -1.118034
0.000000 -2.000000 -1.414214
0.000000 -2.000000 -1.500000
0.000000 -2.500000 -2.061553
0.000000 -2.500000 -2.061553
0.000000 -1.414214 -1.000000
0.000000 -1.802776 -1.414214
0.000000 -1.802776 -1.414214
0.000000 -1.802776 -1.414214
0.000000 -2.500000 -2.121320
0.000000 -1.414214 -1.118034
0.000000 -1.802776 -1.581139
0.000000 -1.802776 -1.581139
0.000000 -1.581139 -1.414214
0.000000 -2.692582 -2.549510
0.000000 -2.236068 -2.121320
0.000000 -2.915476 -2.828427
0.000000 -1.500000 -1.414214
0.000000 -1.500000 -1.414214
0.000000 -1.500000 -1.414214
