1.000000 2.000000 11.180340
1.000000 -1.414214 1.000000
1.000000 -1.000000 1.000000
1.000000 -1.000000 1.000000
1.000000 -1.000000 1.000000
1.000000 -1.000000 1.000000
1.000000 -1.000000 1.000000
1.000000 -1.000000 1.000000
1.000000 -1.000000 1.000000
1.000000 -1.000000 1.000000
1.000000 1.000000 2.828427
1.000000 1.000000 2.000000
1.000000 1.000000 2.000000
1.000000 1.000000 2.000000
1.000000 8.944272 9.848858
1.000000 10.295630 10.770330
1.000000 1.000000 1.414214
1.000000 1.000000 1.414214
1.000000 1.000000 1.414214
1.000000 10.440307 10.770330
1.000000 9.219544 9.433981
1.000000 9.219544 9.433981
1.000000 9.219544 9.433981
1.000000 7.000000 7.071068
1.000000 11.000000 11.045361
0.000000 -6.324555 inf
0.000000 -5.000000 -1.000000
0.000000 -5.000000 -1.414214
0.000000 -3.605551 -1.000000
0.000000 -2.828427 -1.000000
0.000000 -3.605551 -2.236068
0.000000 -2.000000 -1.000000
0.000000 -3.162278 -2.236068
0.000000 -3.605551 -2.828427
0.000000 -3.605551 -3.000000
0.000000 -3.605551 -3.000000
0.000000 -2.000000 -1.414214
0.000000 -1.414214 -1.000000
0.000000 -1.414214 -1.000000
0.000000 -1.414214 -1.000000
0.000000 -1.414214 -1.000000
0.000000 -1.414214 -1.000000
0.000000 -1.414214 -1.000000
0.000000 -2.236068 -2.000000
0.000000 -5.830952 -5.656854
0.000000 -3.162278 -3.000000
0.000000 -3.162278 -3.000000
0.000000 -3.162278 -3.000000
0.000000 -4.123106 -4.000000
0.000000 -6.082763 -6.000000
