1.000000 -0.707107 7.648529
1.000000 -1.118034 5.147815
1.000000 -0.500000 4.949747
1.000000 -1.802776 0.500000
1.000000 -1.000000 0.500000
1.000000 -0.500000 0.707107
1.000000 3.535534 4.472136
1.000000 3.041381 3.905125
1.000000 0.707107 1.500000
1.000000 0.500000 1.000000
1.000000 1.000000 1.414214
1.000000 0.707107 1.118034
1.000000 3.605551 3.905125
1.000000 1.118034 1.414214
1.000000 1.118034 1.414214
1.000000 1.118034 1.414214
1.000000 0.707107 1.000000
1.000000 7.211103 7.500000
1.000000 2.915476 3.201562
1.000000 3.354102 3.640055
1.000000 4.472136 4.743416
1.000000 1.802776 2.061553
1.000000 4.716991 4.949747
1.000000 2.692582 2.915476
1.000000 2.692582 2.915476
1.000000 1.581139 1.802776
1.000000 1.581139 1.802776
1.000000 2.828427 3.041381
1.000000 6.946222 7.158911
1.000000 7.615773 7.826238
1.000000 6.500000 6.708204
1.000000 0.500000 0.707107
1.000000 0.500000 0.707107
1.000000 0.500000 0.707107
1.000000 0.500000 0.707107
1.000000 0.500000 0.707107
1.000000 0.500000 0.707107
1.000000 0.500000 0.707107
1.000000 9.617692 9.823441
1.000000 10.770330 10.965856
1.000000 3.162278 3.354102
1.000000 10.547512 10.735455
1.000000 7.433034 7.615773
1.000000 7.433034 7.615773
1.000000 7.905694 8.077747
1.000000 7.211103 7.382412
1.000000 7.211103 7.382412
1.000000 7.615773 7.778175
1.000000 9.962429 10.124228
1.000000 7.280110 7.433034
1.000000 4.123106 4.272002
1.000000 7.762087 7.905694
1.000000 2.549510 2.692582
1.000000 11.884864 12.020815
1.000000 4.609772 4.743416
1.000000 6.670832 6.800735
1.000000 3.905125 4.031129
1.000000 8.200610 8.321658
1.000000 3.041381 3.162278
1.000000 1.000000 1.118034
1.000000 1.000000 1.118034
1.000000 1.000000 1.118034
1.000000 1.000000 1.118034
1.000000 1.000000 1.118034
1.000000 7.382412 7.500000
1.000000 11.067972 11.180340
1.000000 10.404326 10.511898
1.000000 3.500000 3.605551
1.000000 3.535534 3.640055
1.000000 3.535534 3.640055
1.000000 3.807887 3.905125
1.000000 7.071068 7.158911
1.000000 8.544004 8.631338
1.000000 2.828427 2.915476
1.000000 8.860023 8.944272
1.000000 1.500000 1.581139
1.000000 1.500000 1.581139
1.000000 1.500000 1.581139
1.000000 1.500000 1.581139
1.000000 9.848858 9.924717
1.000000 4.924429 5.000000
1.000000 9.486833 9.552487
1.000000 2.000000 2.061553
1.000000 2.000000 2.061553
1.000000 2.061553 2.121320
1.000000 4.472136 4.527693
1.000000 7.017834 7.071068
1.000000 12.206556 12.257651
1.000000 7.382412 7.433034
1.000000 2.500000 2.549510
1.000000 8.015610 8.062258
1.000000 8.514693 8.558621
1.000000 3.000000 3.041381
1.000000 11.672618 11.704700
1.000000 12.589678 12.619429
1.000000 13.009612 13.038405
1.000000 5.000000 5.024938
1.000000 11.401754 11.423660
1.000000 7.762087 7.778175
0.000000 -5.656854 inf
0.000000 -2.915476 7.158911
0.000000 -1.802776 0.707107
0.000000 -0.500000 1.500000
0.000000 -0.500000 1.414214
0.000000 -3.535534 -1.802776
0.000000 -1.000000 0.707107
0.000000 -2.915476 -1.414214
0.000000 -0.500000 1.000000
0.000000 -0.500000 0.707107
0.000000 -0.500000 0.707107
0.000000 -3.354102 -2.236068
0.000000 -2.000000 -1.000000
0.000000 -0.500000 0.500000
0.000000 -2.000000 -1.118034
0.000000 -1.802776 -1.000000
0.000000 -3.201562 -2.500000
0.000000 -2.000000 -1.414214
0.000000 -1.581139 -1.000000
0.000000 -1.500000 -1.000000
0.000000 -2.000000 -1.500000
0.000000 -2.000000 -1.500000
0.000000 -2.500000 -2.000000
0.000000 -2.500000 -2.061553
0.000000 -2.000000 -1.581139
0.000000 -2.915476 -2.500000
0.000000 -1.802776 -1.414214
0.000000 -1.802776 -1.414214
0.000000 -1.802776 -1.414214
0.000000 -4.272002 -3.905125
0.000000 -2.121320 -1.802776
0.000000 -2.549510 -2.236068
0.000000 -2.549510 -2.236068
0.000000 -1.802776 -1.500000
0.000000 -1.414214 -1.118034
0.000000 -1.414214 -1.118034
0.000000 -1.414214 -1.118034
0.000000 -1.414214 -1.118034
0.000000 -2.500000 -2.236068
0.000000 -2.061553 -1.802776
0.000000 -1.802776 -1.581139
0.000000 -1.802776 -1.581139
0.000000 -2.692582 -2.500000
0.000000 -2.692582 -2.500000
0.000000 -1.581139 -1.414214
0.000000 -3.354102 -3.201562
0.000000 -2.692582 -2.549510
0.000000 -1.118034 -1.000000
0.000000 -1.118034 -1.000000
0.000000 -1.118034 -1.000000
0.000000 -1.118034 -1.000000
0.000000 -1.118034 -1.000000
0.000000 -5.590170 -5.500000
0.000000 -1.500000 -1.414214
0.000000 -1.581139 -1.500000
0.000000 -1.581139 -1.500000
0.000000 -1.581139 -1.500000
0.000000 -1.581139 -1.500000
0.000000 -1.581139 -1.500000
0.000000 -2.061553 -2.000000
0.000000 -2.061553 -2.000000
0.000000 -2.061553 -2.000000
0.000000 -2.061553 -2.000000
0.000000 -3.201562 -3.162278
