1.000000 -1.000000 5.700877
1.000000 -1.414214 2.236068
1.000000 -2.500000 0.500000
1.000000 -1.802776 0.707107
1.000000 -1.802776 0.500000
1.000000 -1.000000 1.000000
1.000000 -1.000000 1.000000
1.000000 -0.500000 1.414214
1.000000 -1.118034 0.500000
1.000000 -1.118034 0.500000
1.000000 -1.000000 0.500000
1.000000 -0.500000 1.000000
1.000000 -0.500000 0.707107
1.000000 -0.707107 0.500000
1.000000 -0.707107 0.500000
1.000000 -0.707107 0.500000
1.000000 -0.500000 0.707107
1.000000 -0.500000 0.707107
1.000000 1.118034 2.121320
1.000000 1.118034 2.121320
1.000000 -0.500000 0.500000
1.000000 6.708204 7.433034
1.000000 0.707107 1.414214
1.000000 0.500000 1.118034
1.000000 0.500000 1.000000
1.000000 1.118034 1.581139
1.000000 2.500000 2.915476
1.000000 1.000000 1.414214
1.000000 0.707107 1.118034
1.000000 0.707107 1.118034
1.000000 1.414214 1.802776
1.000000 2.500000 2.828427
1.000000 1.802776 2.121320
1.000000 1.500000 1.802776
1.000000 1.118034 1.414214
1.000000 1.118034 1.414214
1.000000 6.519202 6.800735
1.000000 1.802776 2.061553
1.000000 1.802776 2.061553
1.000000 2.000000 2.236068
1.000000 7.382412 7.615773
1.000000 6.500000 6.726812
1.000000 2.692582 2.915476
1.000000 1.581139 1.802776
1.000000 1.581139 1.802776
1.000000 1.581139 1.802776
1.000000 6.726812 6.946222
1.000000 6.726812 6.946222
1.000000 6.500000 6.708204
1.000000 0.500000 0.707107
1.000000 0.500000 0.707107
1.000000 0.500000 0.707107
1.000000 0.500000 0.707107
1.000000 0.500000 0.707107
1.000000 0.500000 0.707107
1.000000 0.500000 0.707107
1.000000 0.500000 0.707107
1.000000 0.500000 0.707107
1.000000 0.500000 0.707107
1.000000 0.500000 0.707107
1.000000 0.500000 0.707107
1.000000 0.500000 0.707107
1.000000 5.385165 5.590170
1.000000 1.802776 2.000000
1.000000 1.802776 2.000000
1.000000 6.519202 6.708204
1.000000 6.519202 6.708204
1.000000 10.594810 10.770330
1.000000 2.061553 2.236068
1.000000 2.061553 2.236068
1.000000 6.800735 6.964194
1.000000 6.800735 6.964194
1.000000 6.363961 6.519202
1.000000 7.280110 7.433034
1.000000 4.123106 4.272002
1.000000 6.964194 7.106335
1.000000 2.692582 2.828427
1.000000 10.307764 10.440307
1.000000 6.670832 6.800735
1.000000 7.158911 7.280110
1.000000 3.041381 3.162278
1.000000 1.000000 1.118034
1.000000 1.000000 1.118034
1.000000 1.000000 1.118034
1.000000 1.000000 1.118034
1.000000 1.000000 1.118034
1.000000 1.000000 1.118034
1.000000 1.000000 1.118034
1.000000 6.403124 6.519202
1.000000 2.121320 2.236068
1.000000 5.315073 5.408327
1.000000 7.071068 7.158911
1.000000 7.566373 7.648529
1.000000 1.500000 1.581139
1.000000 1.500000 1.581139
1.000000 6.726812 6.800735
1.000000 6.726812 6.800735
1.000000 10.062306 10.124228
1.000000 2.000000 2.061553
1.000000 2.000000 2.061553
1.000000 10.920165 10.977249
1.000000 7.516648 7.566373
1.000000 11.629703 11.672618
1.000000 12.041595 12.083046
1.000000 6.363961 6.403124
1.000000 6.363961 6.403124
1.000000 6.708204 6.726812
1.000000 7.000000 7.017834
1.000000 8.000000 8.015610
0.000000 -8.845903 inf
0.000000 -4.272002 6.363961
0.000000 -6.800735 0.500000
0.000000 -4.123106 -1.802776
0.000000 -0.500000 1.414214
0.000000 -1.000000 0.500000
0.000000 -0.500000 0.707107
0.000000 -0.500000 0.707107
0.000000 -0.707107 0.500000
0.000000 -2.500000 -1.414214
0.000000 -2.500000 -1.414214
0.000000 -2.500000 -1.414214
0.000000 -2.061553 -1.000000
0.000000 -3.162278 -2.121320
0.000000 -0.500000 0.500000
0.000000 -2.500000 -1.581139
0.000000 -3.041381 -2.236068
0.000000 -1.802776 -1.118034
0.000000 -3.000000 -2.500000
0.000000 -3.500000 -3.000000
0.000000 -2.236068 -1.802776
0.000000 -1.414214 -1.000000
0.000000 -1.118034 -0.707107
0.000000 -1.802776 -1.414214
0.000000 -1.500000 -1.118034
0.000000 -3.162278 -2.828427
0.000000 -1.802776 -1.500000
0.000000 -1.802776 -1.500000
0.000000 -1.414214 -1.118034
0.000000 -1.414214 -1.118034
0.000000 -1.000000 -0.707107
0.000000 -1.000000 -0.707107
0.000000 -2.061553 -1.802776
0.000000 -1.802776 -1.581139
0.000000 -1.802776 -1.581139
0.000000 -0.707107 -0.500000
0.000000 -1.581139 -1.414214
0.000000 -1.581139 -1.414214
0.000000 -1.581139 -1.414214
0.000000 -2.692582 -2.549510
0.000000 -2.692582 -2.549510
0.000000 -3.162278 -3.041381
0.000000 -3.162278 -3.041381
0.000000 -1.118034 -1.000000
0.000000 -1.118034 -1.000000
0.000000 -2.236068 -2.121320
0.000000 -5.408327 -5.315073
0.000000 -2.915476 -2.828427
0.000000 -1.500000 -1.414214
0.000000 -1.581139 -1.500000
0.000000 -1.581139 -1.500000
0.000000 -1.581139 -1.500000
0.000000 -1.581139 -1.500000
0.000000 -2.061553 -2.000000
0.000000 -3.041381 -3.000000
0.000000 -3.041381 -3.000000
0.000000 -4.031129 -4.000000
