1.000000 -1.000000 8.732125
1.000000 -1.000000 2.692582
1.000000 0.500000 2.692582
1.000000 -1.118034 0.707107
1.000000 -1.118034 0.707107
1.000000 -0.707107 1.118034
1.000000 -1.000000 0.707107
1.000000 -0.707107 1.000000
1.000000 -1.000000 0.500000
1.000000 -1.000000 0.500000
1.000000 -0.500000 1.000000
1.000000 -1.000000 0.500000
1.000000 -1.000000 0.500000
1.000000 -0.707107 0.500000
1.000000 -0.707107 0.500000
1.000000 -0.500000 0.707107
1.000000 -0.707107 0.500000
1.000000 -0.500000 0.500000
1.000000 -0.500000 0.500000
1.000000 -0.500000 0.500000
1.000000 0.500000 1.000000
1.000000 0.500000 1.000000
1.000000 1.414214 1.802776
1.000000 1.414214 1.802776
1.000000 6.020797 6.363961
1.000000 6.020797 6.363961
1.000000 6.403124 6.708204
1.000000 1.118034 1.414214
1.000000 0.707107 1.000000
1.000000 0.707107 1.000000
1.000000 0.707107 1.000000
1.000000 0.707107 1.000000
1.000000 8.321658 8.602325
1.000000 6.103278 6.363961
1.000000 6.020797 6.264982
1.000000 6.708204 6.946222
1.000000 1.581139 1.802776
1.000000 6.500000 6.708204
1.000000 6.500000 6.708204
1.000000 6.500000 6.708204
1.000000 0.500000 0.707107
1.000000 0.500000 0.707107
1.000000 0.500000 0.707107
1.000000 0.500000 0.707107
1.000000 0.500000 0.707107
1.000000 0.500000 0.707107
1.000000 0.500000 0.707107
1.000000 0.500000 0.707107
1.000000 0.500000 0.707107
1.000000 0.500000 0.707107
1.000000 1.802776 2.000000
1.000000 6.964194 7.158911
1.000000 7.615773 7.810250
1.000000 8.321658 8.514693
1.000000 7.433034 7.615773
1.000000 6.800735 6.964194
1.000000 8.381527 8.544004
1.000000 6.363961 6.519202
1.000000 7.280110 7.433034
1.000000 5.700877 5.852350
1.000000 3.354102 3.500000
1.000000 3.500000 3.640055
1.000000 6.670832 6.800735
1.000000 7.778175 7.905694
1.000000 6.946222 7.071068
1.000000 7.158911 7.280110
1.000000 8.381527 8.500000
1.000000 6.403124 6.519202
1.000000 8.139410 8.246211
1.000000 6.264982 6.363961
1.000000 10.606602 10.688779
1.000000 1.500000 1.581139
1.000000 1.500000 1.581139
1.000000 6.726812 6.800735
1.000000 9.055385 9.124144
1.000000 7.500000 7.566373
1.000000 6.020797 6.082763
1.000000 6.020797 6.082763
1.000000 2.000000 2.061553
1.000000 2.500000 2.549510
1.000000 2.500000 2.549510
1.000000 2.500000 2.549510
1.000000 6.363961 6.403124
1.000000 3.605551 3.640055
1.000000 8.485281 8.514693
1.000000 8.500000 8.514693
1.000000 9.500000 9.513149
1.000000 11.500000 11.510864
0.000000 -4.609772 inf
0.000000 -4.031129 5.700877
0.000000 -3.807887 -2.000000
0.000000 -0.500000 1.000000
0.000000 -3.000000 -1.581139
0.000000 -3.640055 -2.236068
0.000000 -2.692582 -1.414214
0.000000 -2.000000 -1.000000
0.000000 -3.605551 -2.692582
0.000000 -2.000000 -1.118034
0.000000 -2.236068 -1.414214
0.000000 -1.802776 -1.118034
0.000000 -1.118034 -0.500000
0.000000 -2.000000 -1.414214
0.000000 -2.549510 -2.000000
0.000000 -1.000000 -0.500000
0.000000 -1.802776 -1.414214
0.000000 -2.500000 -2.121320
0.000000 -2.500000 -2.121320
0.000000 -4.272002 -3.905125
0.000000 -4.472136 -4.123106
0.000000 -2.121320 -1.802776
0.000000 -1.802776 -1.500000
0.000000 -1.802776 -1.500000
0.000000 -1.414214 -1.118034
0.000000 -2.500000 -2.236068
0.000000 -2.236068 -2.000000
0.000000 -4.031129 -3.807887
0.000000 -1.802776 -1.581139
0.000000 -1.802776 -1.581139
0.000000 -1.802776 -1.581139
0.000000 -4.472136 -4.272002
0.000000 -2.000000 -1.802776
0.000000 -2.000000 -1.802776
0.000000 -2.692582 -2.500000
0.000000 -4.000000 -3.807887
0.000000 -2.236068 -2.061553
0.000000 -1.581139 -1.414214
0.000000 -3.640055 -3.500000
0.000000 -4.031129 -3.905125
0.000000 -2.121320 -2.000000
0.000000 -1.118034 -1.000000
0.000000 -1.118034 -1.000000
0.000000 -1.118034 -1.000000
0.000000 -2.236068 -2.121320
0.000000 -1.500000 -1.414214
0.000000 -1.500000 -1.414214
0.000000 -1.581139 -1.500000
0.000000 -1.581139 -1.500000
0.000000 -2.061553 -2.000000
0.000000 -2.061553 -2.000000
0.000000 -2.061553 -2.000000
0.000000 -2.061553 -2.000000
0.000000 -2.061553 -2.000000
0.000000 -2.121320 -2.061553
0.000000 -2.121320 -2.061553
0.000000 -3.041381 -3.000000
