1.000000 -2.121320 4.000000
1.000000 -2.915476 0.707107
1.000000 -2.500000 0.707107
1.000000 -2.000000 0.500000
1.000000 -0.500000 1.118034
1.000000 -1.000000 0.500000
1.000000 -1.000000 0.500000
1.000000 -0.707107 0.500000
1.000000 -0.500000 0.707107
1.000000 0.500000 1.414214
1.000000 0.707107 1.118034
1.000000 0.500000 0.707107
1.000000 0.500000 0.707107
1.000000 0.500000 0.707107
1.000000 0.500000 0.707107
1.000000 0.500000 0.707107
1.000000 0.500000 0.707107
1.000000 0.500000 0.707107
1.000000 3.605551 3.807887
1.000000 1.000000 1.118034
1.000000 1.000000 1.118034
1.000000 3.807887 3.905125
1.000000 3.500000 3.535534
1.000000 3.500000 3.535534
0.000000 -9.486833 inf
0.000000 -6.670832 -3.201562
0.000000 -7.382412 -6.000000
0.000000 -5.315073 -4.031129
0.000000 -3.354102 -2.692582
0.000000 -5.024938 -4.500000
0.000000 -5.147815 -4.743416
0.000000 -3.535534 -3.162278
0.000000 -1.000000 -0.707107
0.000000 -1.000000 -0.707107
0.000000 -4.301163 -4.031129
0.000000 -4.924429 -4.743416
0.000000 -6.670832 -6.500000
0.000000 -3.354102 -3.201562
0.000000 -5.830952 -5.700877
0.000000 -3.162278 -3.041381
0.000000 -8.845903 -8.732125
0.000000 -6.670832 -6.576473
0.000000 -4.123106 -4.031129
0.000000 -4.123106 -4.031129
0.000000 -8.944272 -8.860023
0.000000 -5.000000 -4.949747
0.000000 -5.000000 -4.949747
0.000000 -5.024938 -5.000000
0.000000 -6.519202 -6.500000
