1.000000 -0.800000 1.600000
1.000000 -0.800000 1.600000
1.000000 -0.800000 0.800000
1.000000 -0.800000 0.800000
1.000000 2.400000 3.394113
1.000000 2.400000 2.529822
1.000000 4.000000 4.079216
0.000000 -4.000000 inf
0.000000 -1.131371 3.200000
0.000000 -1.788854 0.800000
0.000000 -1.131371 0.800000
0.000000 -3.200000 -1.600000
0.000000 -0.800000 0.800000
0.000000 -0.800000 0.800000
0.000000 -0.800000 0.800000
0.000000 -2.400000 -1.131371
0.000000 -1.600000 -0.800000
0.000000 -2.884441 -2.400000
0.000000 -1.600000 -1.131371
0.000000 -2.884441 -2.529822
0.000000 -1.788854 -1.600000
