1.000000 2.000000 13.928388
1.000000 -1.118034 0.500000
1.000000 -1.000000 0.500000
1.000000 -0.707107 0.500000
1.000000 -0.500000 0.500000
1.000000 -0.500000 0.500000
1.000000 -0.500000 0.500000
1.000000 -0.500000 0.500000
1.000000 -0.500000 0.500000
1.000000 2.061553 3.041381
1.000000 1.000000 1.802776
1.000000 0.707107 1.500000
1.000000 0.500000 1.000000
1.000000 1.581139 2.000000
1.000000 0.707107 1.000000
1.000000 2.236068 2.500000
1.000000 3.807887 4.031129
1.000000 1.581139 1.802776
1.000000 0.500000 0.707107
1.000000 0.500000 0.707107
1.000000 0.500000 0.707107
1.000000 0.500000 0.707107
1.000000 0.500000 0.707107
1.000000 3.605551 3.807887
1.000000 4.123106 4.272002
1.000000 2.692582 2.828427
1.000000 2.121320 2.236068
1.000000 13.729530 13.829317
1.000000 4.527693 4.609772
1.000000 1.500000 1.581139
1.000000 3.535534 3.605551
1.000000 2.500000 2.549510
1.000000 13.416408 13.462912
1.000000 3.000000 3.041381
1.000000 3.162278 3.201562
1.000000 3.500000 3.535534
0.000000 -5.590170 inf
0.000000 -4.527693 0.500000
0.000000 -1.000000 1.000000
0.000000 -2.915476 -1.000000
0.000000 -1.118034 0.500000
0.000000 -2.061553 -0.707107
0.000000 -0.707107 0.500000
0.000000 -0.500000 0.500000
0.000000 -0.500000 0.500000
0.000000 -0.500000 0.500000
0.000000 -0.500000 0.500000
0.000000 -0.500000 0.500000
0.000000 -2.500000 -1.500000
0.000000 -0.500000 0.500000
0.000000 -2.000000 -1.118034
0.000000 -1.414214 -0.707107
0.000000 -1.118034 -0.500000
0.000000 -1.118034 -0.500000
0.000000 -1.000000 -0.500000
0.000000 -2.500000 -2.061553
0.000000 -2.500000 -2.061553
0.000000 -1.414214 -1.000000
0.000000 -1.000000 -0.707107
0.000000 -1.000000 -0.707107
0.000000 -0.707107 -0.500000
0.000000 -2.236068 -2.061553
0.000000 -1.581139 -1.414214
0.000000 -4.272002 -4.123106
0.000000 -2.915476 -2.828427
0.000000 -1.581139 -1.500000
0.000000 -1.581139 -1.500000
0.000000 -1.581139 -1.500000
0.000000 -2.061553 -2.000000
0.000000 -4.500000 -4.472136
