1.000000 -0.707107 9.962429
1.000000 4.031129 4.301163
1.000000 0.500000 0.707107
1.000000 4.272002 4.472136
1.000000 1.000000 1.118034
1.000000 4.242641 4.301163
1.000000 4.242641 4.301163
1.000000 9.013878 9.055385
1.000000 5.000000 5.024938
0.000000 -2.500000 inf
0.000000 -2.236068 -1.000000
0.000000 -2.236068 -1.000000
0.000000 -2.000000 -1.500000
0.000000 -1.581139 -1.118034
0.000000 -1.802776 -1.414214
0.000000 -1.802776 -1.500000
0.000000 -1.414214 -1.118034
0.000000 -1.414214 -1.118034
0.000000 -1.414214 -1.118034
0.000000 -1.414214 -1.118034
0.000000 -1.414214 -1.118034
0.000000 -1.414214 -1.118034
0.000000 -2.061553 -1.802776
0.000000 -1.802776 -1.581139
0.000000 -2.000000 -1.802776
0.000000 -1.581139 -1.414214
0.000000 -1.118034 -1.000000
0.000000 -1.118034 -1.000000
0.000000 -1.581139 -1.500000
0.000000 -2.061553 -2.000000
0.000000 -2.061553 -2.000000
0.000000 -2.121320 -2.061553
