1.000000 11.704700 12.083046
1.000000 12.369317 12.649111
1.000000 2.000000 2.236068
1.000000 13.152946 13.341664
1.000000 3.000000 3.162278
1.000000 11.180340 11.313708
1.000000 4.123106 4.242641
1.000000 4.123106 4.242641
1.000000 14.035669 14.142136
1.000000 15.000000 15.033296
0.000000 -3.162278 inf
0.000000 -1.000000 3.605551
0.000000 -1.000000 2.828427
0.000000 -1.000000 2.000000
0.000000 -1.000000 2.000000
0.000000 -1.414214 1.000000
0.000000 -1.000000 1.000000
0.000000 -2.828427 -1.414214
0.000000 -2.000000 -1.414214
