1.000000 0.500000 8.062258
1.000000 -2.061553 1.000000
1.000000 -1.500000 1.414214
1.000000 -1.000000 1.118034
1.000000 0.500000 2.121320
1.000000 -0.500000 0.707107
1.000000 -0.500000 0.500000
1.000000 -0.500000 0.500000
1.000000 1.581139 2.549510
1.000000 0.707107 1.118034
1.000000 1.118034 1.414214
1.000000 1.118034 1.414214
1.000000 0.707107 1.000000
1.000000 2.236068 2.500000
1.000000 1.802776 2.061553
1.000000 1.802776 2.061553
1.000000 0.500000 0.707107
1.000000 0.500000 0.707107
1.000000 0.500000 0.707107
1.000000 5.700877 5.830952
1.000000 1.000000 1.118034
1.000000 1.000000 1.118034
1.000000 1.500000 1.581139
1.000000 1.500000 1.581139
1.000000 2.000000 2.061553
1.000000 6.500000 6.519202
0.000000 -4.609772 inf
0.000000 -3.535534 -0.500000
0.000000 -3.201562 -1.500000
0.000000 -1.000000 0.500000
0.000000 -0.707107 0.500000
0.000000 -0.500000 0.707107
0.000000 -0.500000 0.500000
0.000000 -1.500000 -0.500000
0.000000 -3.535534 -2.549510
0.000000 -1.414214 -0.500000
0.000000 -2.828427 -2.000000
0.000000 -2.236068 -1.500000
0.000000 -2.500000 -2.000000
0.000000 -1.500000 -1.000000
0.000000 -1.414214 -1.118034
0.000000 -1.414214 -1.118034
0.000000 -1.000000 -0.707107
0.000000 -1.000000 -0.707107
0.000000 -1.000000 -0.707107
0.000000 -1.000000 -0.707107
0.000000 -1.000000 -0.707107
0.000000 -3.041381 -2.828427
0.000000 -0.707107 -0.500000
0.000000 -0.707107 -0.500000
0.000000 -0.707107 -0.500000
0.000000 -3.354102 -3.162278
0.000000 -2.236068 -2.061553
0.000000 -2.692582 -2.549510
0.000000 -2.828427 -2.692582
0.000000 -2.828427 -2.692582
0.000000 -1.118034 -1.000000
0.000000 -1.118034 -1.000000
0.000000 -1.118034 -1.000000
0.000000 -2.236068 -2.121320
0.000000 -2.915476 -2.828427
0.000000 -1.581139 -1.500000
0.000000 -2.061553 -2.000000
0.000000 -2.061553 -2.000000
0.000000 -3.535534 -3.500000
