1.000000 5.385165 11.313708
1.000000 10.295630 11.180340
1.000000 5.000000 5.656854
1.000000 2.236068 2.828427
1.000000 1.000000 1.414214
1.000000 1.000000 1.414214
1.000000 1.000000 1.414214
1.000000 10.440307 10.770330
1.000000 5.385165 5.656854
1.000000 2.000000 2.236068
1.000000 2.000000 2.236068
1.000000 7.071068 7.280110
1.000000 10.630146 10.816654
1.000000 8.062258 8.246211
1.000000 4.123106 4.242641
1.000000 4.123106 4.242641
1.000000 5.000000 5.099020
1.000000 6.000000 6.082763
1.000000 6.000000 6.082763
1.000000 10.000000 10.049876
0.000000 -2.000000 inf
0.000000 -1.414214 5.000000
0.000000 -1.414214 3.605551
0.000000 -1.414214 3.000000
0.000000 -1.000000 3.000000
0.000000 -1.000000 2.236068
0.000000 -1.000000 2.236068
0.000000 -1.000000 2.000000
0.000000 -1.000000 2.000000
0.000000 -1.000000 2.000000
0.000000 -1.414214 1.000000
0.000000 -1.000000 1.000000
0.000000 -1.000000 1.000000
0.000000 -1.000000 1.000000
0.000000 -1.414214 -1.000000
0.000000 -1.414214 -1.000000
