1.000000 1.000000 3.605551
1.000000 9.486833 10.440307
1.000000 3.605551 4.242641
1.000000 9.433981 10.000000
1.000000 4.000000 4.472136
1.000000 1.000000 1.414214
1.000000 1.000000 1.414214
1.000000 1.000000 1.414214
1.000000 5.099020 5.385165
1.000000 9.219544 9.486833
1.000000 9.219544 9.486833
1.000000 9.848858 10.000000
1.000000 4.123106 4.242641
1.000000 9.848858 9.899495
1.000000 10.000000 10.049876
1.000000 10.000000 10.049876
1.000000 10.000000 10.049876
1.000000 12.041595 12.083046
0.000000 -2.000000 inf
0.000000 -2.000000 8.944272
0.000000 -1.000000 5.099020
0.000000 -2.000000 2.236068
0.000000 -1.000000 1.414214
0.000000 -1.000000 1.000000
0.000000 -1.000000 1.000000
0.000000 -1.414214 -1.000000
