1.000000 -1.414214 5.522681
1.000000 2.500000 2.828427
1.000000 2.692582 2.915476
1.000000 4.609772 4.743416
1.000000 3.000000 3.041381
1.000000 5.000000 5.024938
0.000000 -5.385165 inf
0.000000 -2.000000 -1.500000
0.000000 -2.915476 -2.500000
0.000000 -3.807887 -3.500000
0.000000 -2.061553 -1.802776
0.000000 -4.031129 -3.807887
0.000000 -1.802776 -1.581139
0.000000 -2.000000 -1.802776
0.000000 -2.692582 -2.500000
0.000000 -4.031129 -3.905125
0.000000 -3.905125 -3.807887
0.000000 -4.031129 -4.000000
0.000000 -5.024938 -5.000000
