1.000000 -0.942809 2.828427
1.000000 -2.666667 0.666667
1.000000 0.666667 4.000000
1.000000 -2.108185 0.942809
1.000000 -0.942809 1.885618
1.000000 -2.000000 0.666667
1.000000 0.666667 3.333333
1.000000 2.666667 5.077182
1.000000 -0.666667 1.333333
1.000000 -1.333333 0.666667
1.000000 -1.333333 0.666667
1.000000 -0.942809 0.942809
1.000000 -0.942809 0.666667
1.000000 -0.942809 0.666667
1.000000 -0.942809 0.666667
1.000000 -0.942809 0.666667
1.000000 -0.666667 0.666667
1.000000 -0.666667 0.666667
1.000000 -0.666667 0.666667
1.000000 -0.666667 0.666667
1.000000 3.333333 4.268749
1.000000 3.590110 4.216370
1.000000 2.981424 3.590110
1.000000 1.333333 1.885618
1.000000 1.885618 2.403701
1.000000 1.490712 2.000000
1.000000 2.828427 3.333333
1.000000 3.399346 3.887301
1.000000 2.403701 2.828427
1.000000 2.403701 2.828427
1.000000 2.403701 2.828427
1.000000 1.490712 1.885618
1.000000 1.490712 1.885618
1.000000 1.490712 1.885618
1.000000 0.942809 1.333333
1.000000 2.981424 3.333333
1.000000 2.981424 3.333333
1.000000 2.981424 3.333333
1.000000 2.403701 2.748737
1.000000 2.403701 2.748737
1.000000 3.590110 3.887301
1.000000 3.590110 3.887301
1.000000 2.108185 2.403701
1.000000 2.108185 2.403701
1.000000 2.108185 2.403701
1.000000 0.666667 0.942809
1.000000 0.666667 0.942809
1.000000 0.666667 0.942809
1.000000 0.666667 0.942809
1.000000 0.666667 0.942809
1.000000 2.403701 2.666667
1.000000 3.333333 3.590110
1.000000 3.333333 3.590110
1.000000 1.885618 2.108185
1.000000 1.885618 2.108185
1.000000 3.399346 3.590110
1.000000 3.399346 3.590110
1.000000 3.887301 4.055175
1.000000 4.055175 4.216370
1.000000 1.333333 1.490712
1.000000 1.333333 1.490712
1.000000 1.333333 1.490712
1.000000 1.333333 1.490712
1.000000 1.333333 1.490712
1.000000 3.771236 3.887301
1.000000 2.000000 2.108185
1.000000 2.000000 2.108185
1.000000 2.000000 2.108185
1.000000 4.714045 4.807402
1.000000 2.666667 2.748737
1.000000 2.666667 2.748737
1.000000 2.666667 2.748737
1.000000 2.666667 2.748737
1.000000 2.748737 2.828427
1.000000 3.333333 3.399346
1.000000 3.333333 3.399346
1.000000 3.333333 3.399346
1.000000 4.000000 4.055175
1.000000 4.000000 4.055175
0.000000 -5.497474 inf
0.000000 -1.885618 2.403701
0.000000 -2.403701 0.666667
0.000000 -0.666667 2.108185
0.000000 -4.216370 -1.885618
0.000000 -0.666667 1.333333
0.000000 -0.942809 0.666667
0.000000 -4.268749 -2.666667
0.000000 -0.666667 0.666667
0.000000 -0.666667 0.666667
0.000000 -0.666667 0.666667
0.000000 -0.666667 0.666667
0.000000 -3.333333 -2.108185
0.000000 -2.403701 -1.333333
0.000000 -3.333333 -2.403701
0.000000 -3.333333 -2.403701
0.000000 -3.590110 -2.666667
0.000000 -1.490712 -0.666667
0.000000 -2.108185 -1.333333
0.000000 -2.108185 -1.333333
0.000000 -4.055175 -3.333333
0.000000 -2.000000 -1.333333
0.000000 -2.000000 -1.333333
0.000000 -4.714045 -4.055175
0.000000 -2.981424 -2.403701
0.000000 -2.981424 -2.403701
0.000000 -1.885618 -1.333333
0.000000 -1.885618 -1.333333
0.000000 -1.885618 -1.490712
0.000000 -2.748737 -2.403701
0.000000 -0.942809 -0.666667
0.000000 -0.942809 -0.666667
0.000000 -0.942809 -0.666667
0.000000 -4.268749 -4.000000
0.000000 -2.666667 -2.403701
0.000000 -5.077182 -4.853407
0.000000 -2.108185 -1.885618
0.000000 -4.216370 -4.055175
0.000000 -1.490712 -1.333333
0.000000 -1.490712 -1.333333
0.000000 -1.490712 -1.333333
0.000000 -1.490712 -1.333333
0.000000 -1.490712 -1.333333
0.000000 -2.981424 -2.828427
0.000000 -2.000000 -1.885618
0.000000 -2.748737 -2.666667
0.000000 -2.748737 -2.666667
0.000000 -2.748737 -2.666667
0.000000 -4.055175 -4.000000
