1.000000 -0.707107 7.632169
1.000000 -1.000000 0.707107
1.000000 -1.118034 0.500000
1.000000 2.549510 3.905125
1.000000 -0.500000 0.500000
1.000000 0.500000 1.118034
1.000000 3.605551 4.123106
1.000000 0.500000 1.000000
1.000000 3.605551 3.905125
1.000000 0.707107 1.000000
1.000000 7.106335 7.382412
1.000000 2.236068 2.500000
1.000000 7.211103 7.433034
1.000000 1.581139 1.802776
1.000000 0.500000 0.707107
1.000000 0.500000 0.707107
1.000000 0.500000 0.707107
1.000000 3.605551 3.807887
1.000000 6.964194 7.158911
1.000000 7.433034 7.615773
1.000000 3.640055 3.807887
1.000000 5.700877 5.852350
1.000000 2.549510 2.692582
1.000000 2.549510 2.692582
1.000000 7.071068 7.211103
1.000000 9.219544 9.340771
1.000000 7.158911 7.280110
1.000000 1.000000 1.118034
1.000000 7.382412 7.500000
1.000000 7.106335 7.211103
1.000000 3.807887 3.905125
1.000000 3.807887 3.905125
1.000000 3.535534 3.605551
1.000000 8.944272 9.013878
1.000000 7.500000 7.566373
1.000000 6.020797 6.082763
1.000000 7.382412 7.433034
1.000000 7.516648 7.566373
1.000000 7.762087 7.810250
1.000000 3.000000 3.041381
1.000000 9.617692 9.656604
0.000000 -3.041381 inf
0.000000 -2.500000 6.964194
0.000000 -2.915476 -1.500000
0.000000 -1.802776 -0.500000
0.000000 -2.915476 -1.802776
0.000000 -2.061553 -1.000000
0.000000 -2.061553 -1.000000
0.000000 -2.549510 -1.500000
0.000000 -0.500000 0.500000
0.000000 -1.802776 -1.000000
0.000000 -1.802776 -1.118034
0.000000 -2.000000 -1.414214
0.000000 -2.236068 -1.802776
0.000000 -2.121320 -1.802776
0.000000 -1.802776 -1.500000
0.000000 -1.414214 -1.118034
0.000000 -1.414214 -1.118034
0.000000 -1.000000 -0.707107
0.000000 -1.802776 -1.581139
0.000000 -1.118034 -1.000000
0.000000 -1.118034 -1.000000
0.000000 -1.118034 -1.000000
0.000000 -1.500000 -1.414214
0.000000 -1.500000 -1.414214
0.000000 -1.581139 -1.500000
0.000000 -2.549510 -2.500000
