1.000000 6.000000 14.035669
1.000000 -1.000000 2.000000
1.000000 -1.000000 1.000000
1.000000 -1.000000 1.000000
1.000000 -1.000000 1.000000
1.000000 -1.000000 1.000000
1.000000 -1.000000 1.000000
1.000000 -1.000000 1.000000
1.000000 -1.000000 1.000000
1.000000 -1.000000 1.000000
1.000000 1.000000 2.828427
1.000000 9.899495 11.661904
1.000000 7.071068 8.246211
1.000000 4.242641 5.385165
1.000000 1.414214 2.236068
1.000000 7.810250 8.485281
1.000000 7.000000 7.615773
1.000000 7.211103 7.810250
1.000000 2.236068 2.828427
1.000000 2.236068 2.828427
1.000000 1.414214 2.000000
1.000000 1.414214 2.000000
1.000000 4.472136 5.000000
1.000000 5.830952 6.324555
1.000000 11.180340 11.661904
1.000000 3.162278 3.605551
1.000000 3.162278 3.605551
1.000000 7.810250 8.246211
1.000000 1.000000 1.414214
1.000000 1.000000 1.414214
1.000000 1.000000 1.414214
1.000000 1.000000 1.414214
1.000000 1.000000 1.414214
1.000000 1.000000 1.414214
1.000000 1.000000 1.414214
1.000000 1.000000 1.414214
1.000000 1.000000 1.414214
1.000000 7.211103 7.615773
1.000000 7.211103 7.615773
1.000000 9.899495 10.295630
1.000000 3.605551 4.000000
1.000000 3.605551 4.000000
1.000000 3.605551 4.000000
1.000000 4.123106 4.472136
1.000000 13.601471 13.928388
1.000000 6.403124 6.708204
1.000000 10.000000 10.295630
1.000000 7.810250 8.062258
1.000000 6.082763 6.324555
1.000000 8.246211 8.485281
1.000000 2.000000 2.236068
1.000000 2.000000 2.236068
1.000000 2.000000 2.236068
1.000000 2.000000 2.236068
1.000000 4.242641 4.472136
1.000000 7.615773 7.810250
1.000000 7.615773 7.810250
1.000000 10.440307 10.630146
1.000000 10.440307 10.630146
1.000000 3.000000 3.162278
1.000000 3.000000 3.162278
1.000000 3.000000 3.162278
1.000000 4.000000 4.123106
1.000000 4.123106 4.242641
1.000000 5.000000 5.099020
1.000000 6.000000 6.082763
1.000000 9.000000 9.055385
1.000000 12.000000 12.041595
1.000000 12.000000 12.041595
0.000000 -5.000000 inf
0.000000 -3.605551 2.000000
0.000000 -3.162278 1.000000
0.000000 -1.000000 3.000000
0.000000 -1.000000 3.000000
0.000000 -2.828427 1.000000
0.000000 -1.000000 2.236068
0.000000 -1.000000 2.000000
0.000000 -2.000000 1.000000
0.000000 -3.605551 -1.000000
0.000000 -1.414214 1.000000
0.000000 -1.000000 1.414214
0.000000 -1.000000 1.414214
0.000000 -1.000000 1.000000
0.000000 -1.000000 1.000000
0.000000 -1.000000 1.000000
0.000000 -1.000000 1.000000
0.000000 -1.000000 1.000000
0.000000 -1.000000 1.000000
0.000000 -1.000000 1.000000
0.000000 -1.000000 1.000000
0.000000 -2.236068 -1.000000
0.000000 -2.000000 -1.000000
0.000000 -2.000000 -1.000000
0.000000 -2.000000 -1.000000
0.000000 -2.000000 -1.000000
0.000000 -2.236068 -1.414214
0.000000 -2.236068 -1.414214
0.000000 -2.000000 -1.414214
0.000000 -2.000000 -1.414214
0.000000 -2.000000 -1.414214
0.000000 -1.414214 -1.000000
0.000000 -1.414214 -1.000000
0.000000 -1.414214 -1.000000
0.000000 -1.414214 -1.000000
0.000000 -1.414214 -1.000000
0.000000 -1.414214 -1.000000
0.000000 -1.414214 -1.000000
0.000000 -1.414214 -1.000000
0.000000 -1.414214 -1.000000
0.000000 -1.414214 -1.000000
0.000000 -1.414214 -1.000000
0.000000 -1.414214 -1.000000
0.000000 -2.236068 -2.000000
0.000000 -2.236068 -2.000000
0.000000 -2.236068 -2.000000
0.000000 -3.000000 -2.828427
