1.000000 -1.118034 13.647344
1.000000 1.500000 2.061553
1.000000 0.707107 1.118034
1.000000 1.414214 1.802776
1.000000 1.118034 1.414214
1.000000 1.118034 1.414214
1.000000 0.707107 1.000000
1.000000 0.707107 1.000000
1.000000 0.707107 1.000000
1.000000 0.707107 1.000000
1.000000 13.416408 13.647344
1.000000 13.416408 13.647344
1.000000 1.581139 1.802776
1.000000 0.500000 0.707107
1.000000 0.500000 0.707107
1.000000 0.500000 0.707107
1.000000 0.500000 0.707107
1.000000 0.500000 0.707107
1.000000 1.000000 1.118034
1.000000 1.000000 1.118034
1.000000 13.313527 13.416408
1.000000 10.198039 10.295630
1.000000 13.416408 13.509256
1.000000 1.500000 1.581139
1.000000 2.000000 2.061553
1.000000 11.011358 11.045361
1.000000 13.200379 13.209845
0.000000 -3.041381 inf
0.000000 -1.118034 1.118034
0.000000 -1.000000 1.000000
0.000000 -0.500000 1.414214
0.000000 -0.500000 1.000000
0.000000 -0.707107 0.500000
0.000000 -0.707107 0.500000
0.000000 -0.500000 0.500000
0.000000 -0.500000 0.500000
0.000000 -0.500000 0.500000
0.000000 -0.500000 0.500000
0.000000 -2.121320 -1.414214
0.000000 -2.121320 -1.414214
0.000000 -2.500000 -1.802776
0.000000 -2.000000 -1.414214
0.000000 -2.121320 -1.581139
0.000000 -2.000000 -1.500000
0.000000 -2.236068 -1.802776
0.000000 -1.802776 -1.414214
0.000000 -1.802776 -1.414214
0.000000 -2.121320 -1.802776
0.000000 -1.802776 -1.500000
0.000000 -2.500000 -2.236068
0.000000 -2.500000 -2.236068
0.000000 -2.061553 -1.802776
0.000000 -2.236068 -2.000000
0.000000 -0.707107 -0.500000
0.000000 -0.707107 -0.500000
0.000000 -0.707107 -0.500000
0.000000 -2.000000 -1.802776
0.000000 -2.000000 -1.802776
0.000000 -2.692582 -2.500000
0.000000 -2.236068 -2.061553
0.000000 -2.692582 -2.549510
0.000000 -2.828427 -2.692582
0.000000 -1.118034 -1.000000
0.000000 -1.118034 -1.000000
0.000000 -2.236068 -2.121320
0.000000 -1.500000 -1.414214
0.000000 -1.581139 -1.500000
0.000000 -1.581139 -1.500000
0.000000 -1.581139 -1.500000
0.000000 -1.581139 -1.500000
0.000000 -1.581139 -1.500000
0.000000 -2.061553 -2.000000
0.000000 -2.061553 -2.000000
0.000000 -2.061553 -2.000000
