1.000000 11.510864 12.257651
1.000000 0.500000 1.000000
1.000000 1.118034 1.500000
1.000000 11.335784 11.672618
1.000000 11.401754 11.672618
1.000000 11.401754 11.672618
1.000000 11.672618 11.926860
1.000000 0.500000 0.707107
1.000000 12.093387 12.298374
1.000000 11.510864 11.715375
1.000000 12.539936 12.727922
1.000000 11.853270 12.020815
1.000000 11.926860 12.093387
1.000000 11.510864 11.672618
1.000000 12.379418 12.529964
1.000000 12.020815 12.165525
1.000000 12.980755 13.124405
1.000000 11.661904 11.800424
1.000000 11.672618 11.800424
1.000000 11.800424 11.926860
1.000000 1.000000 1.118034
1.000000 13.647344 13.729530
1.000000 12.298374 12.379418
1.000000 18.062392 18.110770
1.000000 12.041595 12.083046
1.000000 11.661904 11.672618
1.000000 12.806248 12.816006
1.000000 14.080128 14.089003
1.000000 15.000000 15.008331
0.000000 -1.414214 inf
0.000000 -1.000000 11.335784
0.000000 -1.414214 1.000000
0.000000 -0.500000 1.802776
0.000000 -0.500000 1.581139
0.000000 -0.707107 1.000000
0.000000 -1.000000 0.707107
0.000000 -1.118034 0.500000
0.000000 -0.500000 1.118034
0.000000 -1.000000 0.500000
0.000000 -0.500000 0.500000
0.000000 -1.000000 -0.500000
0.000000 -1.000000 -0.707107
0.000000 -1.118034 -1.000000
