1.000000 4.268749 5.374838
1.000000 2.403701 2.828427
1.000000 4.807402 5.206833
1.000000 0.942809 1.333333
1.000000 5.374838 5.734884
1.000000 5.077182 5.374838
1.000000 0.666667 0.942809
1.000000 8.692270 8.944272
1.000000 2.748737 2.981424
1.000000 9.067647 9.285592
1.000000 4.268749 4.472136
1.000000 1.333333 1.490712
1.000000 8.944272 9.067647
1.000000 6.036923 6.146363
1.000000 6.036923 6.146363
1.000000 2.666667 2.748737
1.000000 2.748737 2.828427
1.000000 9.475114 9.545214
1.000000 3.333333 3.399346
1.000000 7.333333 7.363574
0.000000 -1.490712 inf
0.000000 -0.666667 5.374838
0.000000 -1.333333 2.666667
0.000000 -0.942809 2.403701
0.000000 -0.666667 2.666667
0.000000 -0.666667 2.108185
0.000000 -1.333333 0.666667
0.000000 -0.942809 0.666667
0.000000 -0.666667 0.666667
0.000000 -0.942809 -0.666667
0.000000 -1.490712 -1.333333
