1.000000 6.403124 7.211103
1.000000 6.324555 7.000000
1.000000 1.414214 2.000000
1.000000 1.000000 1.414214
1.000000 1.000000 1.414214
1.000000 6.708204 7.071068
1.000000 6.708204 7.071068
1.000000 7.280110 7.615773
1.000000 6.708204 7.000000
1.000000 5.000000 5.099020
1.000000 8.000000 8.062258
0.000000 -2.236068 inf
0.000000 -1.414214 4.123106
0.000000 -2.000000 1.000000
0.000000 -1.000000 2.000000
0.000000 -1.414214 1.000000
0.000000 -2.000000 -1.000000
0.000000 -2.000000 -1.414214
0.000000 -2.000000 -1.414214
0.000000 -1.414214 -1.000000
