1.000000 -0.800000 13.023056
1.000000 3.394113 4.000000
1.000000 12.445079 13.023056
1.000000 12.496399 13.023056
1.000000 12.496399 13.023056
1.000000 1.788854 2.262742
1.000000 6.449806 6.881860
1.000000 12.649111 13.023056
1.000000 2.529822 2.884441
1.000000 2.529822 2.884441
1.000000 12.521981 12.800000
1.000000 3.394113 3.577709
1.000000 12.106197 12.237647
1.000000 7.244308 7.375636
1.000000 11.892855 12.000000
1.000000 12.419340 12.521981
1.000000 6.788225 6.881860
1.000000 6.788225 6.881860
1.000000 6.788225 6.881860
0.000000 -3.577709 inf
0.000000 -0.800000 1.788854
0.000000 -0.800000 1.788854
0.000000 -3.200000 -0.800000
0.000000 -3.298485 -1.600000
0.000000 -0.800000 0.800000
0.000000 -2.262742 -1.131371
0.000000 -1.788854 -0.800000
0.000000 -1.600000 -0.800000
0.000000 -1.600000 -0.800000
0.000000 -1.788854 -1.131371
0.000000 -2.400000 -1.788854
0.000000 -2.262742 -1.788854
0.000000 -2.262742 -1.788854
0.000000 -1.600000 -1.131371
0.000000 -1.600000 -1.131371
0.000000 -1.600000 -1.131371
0.000000 -1.600000 -1.131371
0.000000 -1.788854 -1.600000
0.000000 -1.788854 -1.600000
