1.000000 -2.000000 3.605551
1.000000 -1.414214 1.000000
1.000000 -1.414214 1.000000
1.000000 -1.414214 1.000000
1.000000 -1.000000 1.000000
1.000000 -1.000000 1.000000
1.000000 -1.000000 1.000000
1.000000 1.000000 2.000000
1.000000 1.000000 1.414214
0.000000 -7.280110 inf
0.000000 -1.414214 5.099020
0.000000 -1.000000 1.000000
0.000000 -5.830952 -4.472136
0.000000 -4.242641 -3.000000
0.000000 -4.000000 -3.162278
0.000000 -5.830952 -5.000000
0.000000 -2.236068 -1.414214
0.000000 -5.385165 -5.000000
0.000000 -5.385165 -5.099020
0.000000 -4.472136 -4.242641
0.000000 -3.162278 -3.000000
0.000000 -6.082763 -6.000000
