1.000000 -2.236068 6.000000
1.000000 -2.828427 1.000000
1.000000 -1.414214 2.000000
1.000000 -1.414214 1.000000
1.000000 -1.000000 1.000000
1.000000 -1.000000 1.000000
1.000000 -1.000000 1.000000
1.000000 -1.000000 1.000000
1.000000 9.219544 9.899495
1.000000 1.000000 1.414214
1.000000 9.219544 9.486833
1.000000 9.219544 9.433981
1.000000 9.219544 9.433981
1.000000 5.000000 5.099020
1.000000 12.000000 12.041595
0.000000 -9.000000 inf
0.000000 -1.000000 8.944272
0.000000 -4.242641 -2.236068
0.000000 -1.000000 1.000000
0.000000 -7.211103 -5.385165
0.000000 -8.246211 -7.000000
0.000000 -4.000000 -3.000000
0.000000 -2.000000 -1.414214
0.000000 -6.403124 -5.830952
0.000000 -6.324555 -5.830952
0.000000 -5.830952 -5.385165
0.000000 -1.414214 -1.000000
0.000000 -1.414214 -1.000000
0.000000 -3.162278 -2.828427
0.000000 -6.082763 -5.830952
0.000000 -3.000000 -2.828427
0.000000 -3.000000 -2.828427
0.000000 -3.162278 -3.000000
0.000000 -3.162278 -3.000000
