1.000000 0.707107 2.061553
1.000000 1.802776 2.915476
1.000000 2.000000 2.692582
1.000000 0.707107 1.118034
1.000000 3.201562 3.535534
1.000000 3.201562 3.535534
1.000000 1.802776 2.121320
1.000000 1.118034 1.414214
1.000000 2.236068 2.500000
1.000000 2.236068 2.500000
1.000000 17.888544 18.124569
1.000000 17.888544 18.117671
1.000000 2.692582 2.915476
1.000000 1.581139 1.802776
1.000000 17.923448 18.117671
1.000000 2.500000 2.692582
1.000000 3.354102 3.535534
1.000000 2.061553 2.236068
1.000000 3.640055 3.807887
1.000000 3.000000 3.162278
1.000000 4.123106 4.272002
1.000000 2.549510 2.692582
1.000000 18.069311 18.200275
1.000000 18.069311 18.200275
1.000000 20.615528 20.742469
1.000000 1.000000 1.118034
1.000000 1.000000 1.118034
1.000000 1.000000 1.118034
1.000000 1.000000 1.118034
1.000000 20.402206 20.518285
1.000000 2.121320 2.236068
1.000000 18.248288 18.357560
1.000000 18.337121 18.439089
1.000000 21.289669 21.377558
1.000000 1.500000 1.581139
1.000000 1.500000 1.581139
1.000000 1.500000 1.581139
1.000000 1.500000 1.581139
1.000000 18.668155 18.741665
1.000000 3.535534 3.605551
1.000000 18.601075 18.668155
1.000000 2.000000 2.061553
1.000000 2.000000 2.061553
1.000000 2.000000 2.061553
1.000000 2.000000 2.061553
1.000000 2.061553 2.121320
1.000000 22.090722 22.141590
1.000000 19.059119 19.104973
1.000000 3.000000 3.041381
1.000000 4.500000 4.527693
1.000000 19.006578 19.026298
1.000000 20.988092 21.005952
1.000000 23.005434 23.021729
1.000000 19.500000 19.506409
0.000000 -1.802776 inf
0.000000 -1.500000 17.888544
0.000000 -1.118034 1.802776
0.000000 -1.414214 1.414214
0.000000 -1.000000 1.118034
0.000000 -1.581139 0.500000
0.000000 -1.000000 1.000000
0.000000 -1.414214 0.500000
0.000000 -0.707107 1.000000
0.000000 -0.500000 1.118034
0.000000 -0.707107 0.500000
0.000000 -1.000000 -0.500000
0.000000 -1.000000 -0.500000
0.000000 -1.000000 -0.500000
0.000000 -1.500000 -1.000000
0.000000 -1.414214 -1.000000
0.000000 -1.414214 -1.118034
0.000000 -1.000000 -0.707107
0.000000 -1.000000 -0.707107
0.000000 -1.000000 -0.707107
0.000000 -1.000000 -0.707107
0.000000 -1.000000 -0.707107
0.000000 -1.000000 -0.707107
0.000000 -0.707107 -0.500000
0.000000 -1.118034 -1.000000
0.000000 -1.118034 -1.000000
0.000000 -1.581139 -1.500000
