1.000000 0.707107 5.000000
1.000000 -1.414214 0.500000
1.000000 -0.500000 1.000000
1.000000 -0.500000 0.500000
1.000000 -0.500000 0.500000
1.000000 -0.500000 0.500000
1.000000 1.500000 2.500000
1.000000 0.500000 1.000000
1.000000 3.000000 3.500000
1.000000 2.061553 2.500000
1.000000 0.707107 1.000000
1.000000 0.707107 1.000000
1.000000 0.707107 1.000000
1.000000 4.716991 4.949747
1.000000 1.581139 1.802776
1.000000 1.581139 1.802776
1.000000 1.802776 2.000000
1.000000 1.802776 2.000000
1.000000 2.061553 2.236068
1.000000 1.000000 1.118034
1.000000 1.000000 1.118034
1.000000 1.000000 1.118034
1.000000 1.000000 1.118034
1.000000 1.000000 1.118034
1.000000 1.500000 1.581139
1.000000 8.558621 8.631338
1.000000 2.000000 2.061553
1.000000 3.000000 3.041381
1.000000 3.500000 3.535534
1.000000 9.000000 9.013878
0.000000 -4.743416 inf
0.000000 -2.000000 2.000000
0.000000 -2.061553 1.414214
0.000000 -2.828427 0.500000
0.000000 -1.500000 0.500000
0.000000 -0.500000 1.414214
0.000000 -1.000000 0.500000
0.000000 -1.000000 0.500000
0.000000 -2.121320 -0.707107
0.000000 -0.707107 0.500000
0.000000 -0.707107 0.500000
0.000000 -0.500000 0.707107
0.000000 -0.500000 0.707107
0.000000 -0.500000 0.707107
0.000000 -2.500000 -1.581139
0.000000 -1.414214 -0.707107
0.000000 -1.118034 -0.500000
0.000000 -1.581139 -1.000000
0.000000 -3.905125 -3.354102
0.000000 -1.000000 -0.500000
0.000000 -3.500000 -3.000000
0.000000 -1.414214 -1.000000
0.000000 -1.414214 -1.000000
0.000000 -1.802776 -1.500000
0.000000 -1.414214 -1.118034
0.000000 -1.000000 -0.707107
0.000000 -0.707107 -0.500000
0.000000 -0.707107 -0.500000
0.000000 -4.472136 -4.272002
0.000000 -3.162278 -3.041381
0.000000 -1.118034 -1.000000
0.000000 -1.118034 -1.000000
0.000000 -1.118034 -1.000000
0.000000 -1.118034 -1.000000
0.000000 -1.118034 -1.000000
0.000000 -2.236068 -2.121320
0.000000 -4.609772 -4.527693
0.000000 -1.581139 -1.500000
0.000000 -3.605551 -3.535534
0.000000 -3.605551 -3.535534
