1.000000 -1.000000 3.905125
1.000000 -0.500000 3.500000
1.000000 -0.500000 1.000000
1.000000 -1.000000 0.500000
1.000000 2.500000 3.000000
1.000000 0.500000 1.000000
1.000000 0.707107 1.000000
1.000000 0.500000 0.707107
1.000000 0.500000 0.707107
1.000000 2.500000 2.692582
1.000000 2.500000 2.692582
1.000000 2.549510 2.692582
1.000000 2.692582 2.828427
1.000000 1.000000 1.118034
1.000000 2.061553 2.121320
1.000000 3.000000 3.041381
0.000000 -2.500000 inf
0.000000 -1.414214 2.236068
0.000000 -2.121320 -1.118034
0.000000 -2.121320 -1.118034
0.000000 -2.000000 -1.118034
0.000000 -2.000000 -1.118034
0.000000 -2.061553 -1.414214
0.000000 -1.000000 -0.500000
0.000000 -1.581139 -1.118034
0.000000 -1.581139 -1.118034
0.000000 -1.802776 -1.414214
0.000000 -1.500000 -1.118034
0.000000 -1.802776 -1.500000
0.000000 -1.802776 -1.500000
0.000000 -2.000000 -1.802776
0.000000 -2.000000 -1.802776
0.000000 -2.236068 -2.061553
0.000000 -1.581139 -1.414214
0.000000 -1.118034 -1.000000
0.000000 -1.500000 -1.414214
0.000000 -1.581139 -1.500000
0.000000 -1.581139 -1.500000
0.000000 -1.581139 -1.500000
0.000000 -1.581139 -1.500000
0.000000 -2.061553 -2.000000
0.000000 -2.061553 -2.000000
0.000000 -2.061553 -2.000000
0.000000 -2.061553 -2.000000
