1.000000 8.544004 11.629703
1.000000 1.581139 3.905125
1.000000 4.000000 5.500000
1.000000 5.408327 6.519202
1.000000 3.000000 3.905125
1.000000 0.707107 1.414214
1.000000 2.915476 3.535534
1.000000 1.581139 2.061553
1.000000 1.118034 1.581139
1.000000 2.500000 2.915476
1.000000 1.000000 1.414214
1.000000 4.949747 5.315073
1.000000 6.184658 6.500000
1.000000 5.000000 5.315073
1.000000 1.118034 1.414214
1.000000 10.404326 10.700467
1.000000 0.707107 1.000000
1.000000 2.915476 3.201562
1.000000 2.915476 3.201562
1.000000 10.547512 10.816654
1.000000 2.236068 2.500000
1.000000 5.147815 5.408327
1.000000 3.354102 3.605551
1.000000 10.735455 10.977249
1.000000 1.581139 1.802776
1.000000 1.581139 1.802776
1.000000 1.581139 1.802776
1.000000 10.965856 11.180340
1.000000 10.307764 10.511898
1.000000 3.162278 3.354102
1.000000 3.162278 3.354102
1.000000 3.162278 3.354102
1.000000 8.544004 8.732125
1.000000 5.408327 5.590170
1.000000 11.236103 11.412712
1.000000 4.924429 5.099020
1.000000 4.301163 4.472136
1.000000 5.220153 5.385165
1.000000 3.000000 3.162278
1.000000 3.000000 3.162278
1.000000 4.123106 4.272002
1.000000 4.123106 4.272002
1.000000 5.000000 5.147815
1.000000 10.920165 11.067972
1.000000 2.549510 2.692582
1.000000 2.549510 2.692582
1.000000 3.500000 3.640055
1.000000 6.184658 6.324555
1.000000 3.905125 4.031129
1.000000 3.905125 4.031129
1.000000 3.905125 4.031129
1.000000 1.000000 1.118034
1.000000 1.000000 1.118034
1.000000 1.000000 1.118034
1.000000 1.000000 1.118034
1.000000 1.000000 1.118034
1.000000 1.000000 1.118034
1.000000 1.000000 1.118034
1.000000 5.590170 5.700877
1.000000 3.535534 3.640055
1.000000 3.535534 3.640055
1.000000 10.511898 10.606602
1.000000 2.915476 3.000000
1.000000 1.500000 1.581139
1.000000 1.500000 1.581139
1.000000 10.700467 10.770330
1.000000 10.049876 10.111874
1.000000 6.020797 6.082763
1.000000 2.000000 2.061553
1.000000 2.500000 2.549510
1.000000 2.500000 2.549510
1.000000 2.500000 2.549510
1.000000 5.656854 5.700877
1.000000 5.656854 5.700877
1.000000 11.629703 11.672618
1.000000 12.041595 12.083046
1.000000 3.000000 3.041381
1.000000 3.000000 3.041381
1.000000 3.162278 3.201562
1.000000 3.162278 3.201562
1.000000 3.162278 3.201562
1.000000 3.500000 3.535534
1.000000 3.500000 3.535534
1.000000 3.500000 3.535534
1.000000 3.500000 3.535534
1.000000 4.000000 4.031129
1.000000 4.000000 4.031129
1.000000 4.000000 4.031129
1.000000 16.007811 16.031220
1.000000 6.000000 6.020797
1.000000 6.500000 6.519202
0.000000 -5.590170 inf
0.000000 -1.118034 7.000000
0.000000 -2.692582 2.828427
0.000000 -2.000000 2.692582
0.000000 -2.549510 1.500000
0.000000 -0.500000 3.500000
0.000000 -1.500000 1.500000
0.000000 -0.707107 2.236068
0.000000 -1.500000 1.000000
0.000000 -1.500000 1.000000
0.000000 -1.414214 1.000000
0.000000 -1.414214 1.000000
0.000000 -1.414214 1.000000
0.000000 -0.707107 1.500000
0.000000 -1.414214 0.707107
0.000000 -1.581139 0.500000
0.000000 -1.118034 0.707107
0.000000 -0.707107 1.118034
0.000000 -1.118034 0.707107
0.000000 -1.000000 0.707107
0.000000 -1.000000 0.500000
0.000000 -1.000000 0.500000
0.000000 -1.000000 0.500000
0.000000 -0.500000 1.000000
0.000000 -0.707107 0.500000
0.000000 -0.500000 0.707107
0.000000 -0.500000 0.707107
0.000000 -0.500000 0.707107
0.000000 -0.500000 0.500000
0.000000 -0.500000 0.500000
0.000000 -1.581139 -1.000000
0.000000 -2.000000 -1.500000
0.000000 -1.500000 -1.000000
0.000000 -1.000000 -0.500000
0.000000 -1.000000 -0.500000
0.000000 -1.000000 -0.500000
0.000000 -1.000000 -0.500000
0.000000 -1.500000 -1.118034
0.000000 -1.500000 -1.118034
0.000000 -1.414214 -1.118034
0.000000 -1.000000 -0.707107
0.000000 -1.000000 -0.707107
0.000000 -1.000000 -0.707107
0.000000 -1.000000 -0.707107
0.000000 -1.802776 -1.581139
0.000000 -4.924429 -4.716991
0.000000 -0.707107 -0.500000
0.000000 -2.000000 -1.802776
0.000000 -3.162278 -3.000000
0.000000 -1.118034 -1.000000
0.000000 -1.118034 -1.000000
0.000000 -1.118034 -1.000000
0.000000 -1.118034 -1.000000
0.000000 -1.118034 -1.000000
0.000000 -3.605551 -3.535534
