1.000000 -0.500000 2.500000
1.000000 -1.000000 0.707107
1.000000 -1.118034 0.500000
1.000000 -0.500000 0.500000
1.000000 2.000000 2.500000
1.000000 1.000000 1.118034
1.000000 1.500000 1.581139
0.000000 -4.031129 inf
0.000000 -0.500000 1.500000
0.000000 -3.000000 -2.061553
0.000000 -2.500000 -1.581139
0.000000 -1.802776 -1.000000
0.000000 -1.414214 -1.000000
0.000000 -1.414214 -1.000000
0.000000 -1.802776 -1.414214
0.000000 -1.500000 -1.118034
0.000000 -1.414214 -1.118034
0.000000 -1.414214 -1.118034
0.000000 -1.414214 -1.118034
0.000000 -1.000000 -0.707107
0.000000 -3.162278 -2.915476
0.000000 -0.707107 -0.500000
0.000000 -2.692582 -2.500000
0.000000 -2.692582 -2.549510
0.000000 -3.905125 -3.807887
0.000000 -2.549510 -2.500000
