1.000000 1.000000 8.544004
1.000000 -1.414214 1.000000
1.000000 -1.000000 1.000000
1.000000 -1.000000 1.000000
1.000000 -1.000000 1.000000
1.000000 -1.000000 1.000000
1.000000 -1.000000 1.000000
1.000000 1.000000 2.828427
1.000000 1.414214 3.162278
1.000000 1.000000 2.236068
1.000000 2.000000 3.162278
1.000000 1.414214 2.236068
1.000000 1.414214 2.000000
1.000000 1.000000 1.414214
1.000000 1.000000 1.414214
1.000000 1.000000 1.414214
1.000000 6.324555 6.708204
1.000000 2.000000 2.236068
1.000000 2.000000 2.236068
1.000000 2.000000 2.236068
1.000000 2.000000 2.236068
1.000000 2.000000 2.236068
1.000000 8.000000 8.062258
0.000000 -6.324555 inf
0.000000 -3.605551 1.000000
0.000000 -1.000000 1.000000
0.000000 -5.656854 -4.000000
0.000000 -5.656854 -4.123106
0.000000 -2.236068 -1.000000
0.000000 -2.000000 -1.000000
0.000000 -3.000000 -2.000000
0.000000 -2.236068 -1.414214
0.000000 -2.000000 -1.414214
0.000000 -2.000000 -1.414214
0.000000 -4.123106 -3.605551
0.000000 -1.414214 -1.000000
0.000000 -1.414214 -1.000000
0.000000 -1.414214 -1.000000
0.000000 -2.236068 -2.000000
0.000000 -2.236068 -2.000000
0.000000 -2.236068 -2.000000
0.000000 -5.830952 -5.656854
0.000000 -3.162278 -3.000000
0.000000 -4.123106 -4.000000
0.000000 -5.099020 -5.000000
