1.000000 -1.000000 9.848858
1.000000 -2.828427 1.000000
1.000000 -1.414214 1.000000
1.000000 -1.414214 1.000000
1.000000 -1.414214 1.000000
1.000000 -1.000000 1.000000
1.000000 -1.000000 1.000000
1.000000 -1.000000 1.000000
1.000000 -1.000000 1.000000
1.000000 -1.000000 1.000000
1.000000 -1.000000 1.000000
1.000000 -1.000000 1.000000
1.000000 7.615773 9.219544
1.000000 1.000000 2.236068
1.000000 1.414214 2.000000
1.000000 4.472136 5.000000
1.000000 3.605551 4.123106
1.000000 5.830952 6.324555
1.000000 1.000000 1.414214
1.000000 1.000000 1.414214
1.000000 1.000000 1.414214
1.000000 1.000000 1.414214
1.000000 6.082763 6.324555
1.000000 9.219544 9.433981
1.000000 5.656854 5.830952
1.000000 6.324555 6.403124
1.000000 8.000000 8.062258
1.000000 8.000000 8.062258
1.000000 8.000000 8.062258
0.000000 -8.062258 inf
0.000000 -7.071068 -2.000000
0.000000 -7.000000 -4.000000
0.000000 -1.000000 1.414214
0.000000 -5.000000 -2.828427
0.000000 -1.000000 1.000000
0.000000 -1.000000 1.000000
0.000000 -6.000000 -4.000000
0.000000 -3.000000 -2.000000
0.000000 -3.000000 -2.236068
0.000000 -8.000000 -7.280110
0.000000 -7.000000 -6.324555
0.000000 -2.828427 -2.236068
0.000000 -2.000000 -1.414214
0.000000 -2.000000 -1.414214
0.000000 -4.123106 -3.605551
0.000000 -1.414214 -1.000000
0.000000 -1.414214 -1.000000
0.000000 -1.414214 -1.000000
0.000000 -4.000000 -3.605551
0.000000 -4.472136 -4.123106
0.000000 -2.236068 -2.000000
0.000000 -2.236068 -2.000000
0.000000 -2.236068 -2.000000
0.000000 -2.236068 -2.000000
0.000000 -4.472136 -4.242641
0.000000 -4.123106 -4.000000
