1.000000 -1.000000 8.321658
1.000000 -0.500000 1.581139
1.000000 2.061553 4.000000
1.000000 -1.000000 0.500000
1.000000 -0.707107 0.707107
1.000000 -0.707107 0.707107
1.000000 -0.500000 0.707107
1.000000 -0.500000 0.500000
1.000000 0.500000 1.118034
1.000000 0.707107 1.118034
1.000000 0.707107 1.118034
1.000000 1.414214 1.802776
1.000000 1.414214 1.802776
1.000000 1.118034 1.500000
1.000000 3.201562 3.535534
1.000000 1.118034 1.414214
1.000000 1.118034 1.414214
1.000000 1.118034 1.414214
1.000000 0.707107 1.000000
1.000000 0.707107 1.000000
1.000000 0.707107 1.000000
1.000000 0.707107 1.000000
1.000000 2.692582 2.915476
1.000000 1.581139 1.802776
1.000000 0.500000 0.707107
1.000000 0.500000 0.707107
1.000000 0.500000 0.707107
1.000000 0.500000 0.707107
1.000000 0.500000 0.707107
1.000000 0.500000 0.707107
1.000000 0.500000 0.707107
1.000000 0.500000 0.707107
1.000000 0.500000 0.707107
1.000000 0.500000 0.707107
1.000000 0.500000 0.707107
1.000000 0.500000 0.707107
1.000000 0.500000 0.707107
1.000000 0.500000 0.707107
1.000000 3.354102 3.535534
1.000000 3.354102 3.535534
1.000000 2.061553 2.236068
1.000000 7.905694 8.077747
1.000000 3.640055 3.807887
1.000000 1.414214 1.581139
1.000000 1.414214 1.581139
1.000000 3.041381 3.162278
1.000000 1.000000 1.118034
1.000000 1.000000 1.118034
1.000000 1.000000 1.118034
1.000000 1.000000 1.118034
1.000000 4.031129 4.123106
1.000000 7.071068 7.158911
1.000000 4.527693 4.609772
1.000000 1.500000 1.581139
1.000000 3.535534 3.605551
1.000000 6.020797 6.082763
1.000000 2.000000 2.061553
1.000000 4.242641 4.301163
1.000000 7.778175 7.826238
1.000000 8.200610 8.246211
1.000000 3.500000 3.535534
1.000000 4.000000 4.031129
1.000000 4.500000 4.527693
1.000000 4.500000 4.527693
0.000000 -3.605551 inf
0.000000 -0.500000 7.500000
0.000000 -2.500000 3.201562
0.000000 -3.201562 -1.118034
0.000000 -2.500000 -0.500000
0.000000 -0.500000 1.000000
0.000000 -2.828427 -1.581139
0.000000 -0.500000 0.707107
0.000000 -2.000000 -1.000000
0.000000 -2.500000 -1.581139
0.000000 -1.802776 -1.118034
0.000000 -2.061553 -1.414214
0.000000 -2.061553 -1.414214
0.000000 -2.061553 -1.581139
0.000000 -2.236068 -1.802776
0.000000 -2.915476 -2.500000
0.000000 -1.118034 -0.707107
0.000000 -1.118034 -0.707107
0.000000 -1.500000 -1.118034
0.000000 -1.500000 -1.118034
0.000000 -1.802776 -1.500000
0.000000 -1.414214 -1.118034
0.000000 -1.414214 -1.118034
0.000000 -1.000000 -0.707107
0.000000 -1.000000 -0.707107
0.000000 -1.000000 -0.707107
0.000000 -2.061553 -1.802776
0.000000 -2.061553 -1.802776
0.000000 -2.061553 -1.802776
0.000000 -2.915476 -2.692582
0.000000 -0.707107 -0.500000
0.000000 -0.707107 -0.500000
0.000000 -0.707107 -0.500000
0.000000 -0.707107 -0.500000
0.000000 -2.000000 -1.802776
0.000000 -2.828427 -2.692582
0.000000 -3.041381 -2.915476
0.000000 -3.041381 -2.915476
0.000000 -2.121320 -2.000000
0.000000 -1.581139 -1.500000
0.000000 -1.581139 -1.500000
0.000000 -2.061553 -2.000000
