1.000000 -1.414214 2.236068
1.000000 -1.000000 2.236068
1.000000 -1.414214 1.414214
1.000000 -1.000000 1.000000
1.000000 -1.000000 1.000000
1.000000 -1.000000 1.000000
1.000000 1.000000 2.000000
1.000000 5.000000 5.656854
1.000000 5.000000 5.656854
1.000000 5.385165 5.830952
1.000000 1.000000 1.414214
1.000000 1.000000 1.414214
1.000000 1.000000 1.414214
1.000000 7.280110 7.615773
1.000000 6.000000 6.324555
1.000000 5.385165 5.656854
1.000000 6.082763 6.324555
1.000000 7.071068 7.280110
1.000000 7.615773 7.810250
1.000000 5.656854 5.830952
1.000000 7.000000 7.071068
1.000000 8.000000 8.062258
0.000000 -5.385165 inf
0.000000 -4.000000 5.000000
0.000000 -1.000000 1.000000
0.000000 -3.162278 -2.236068
0.000000 -5.000000 -4.123106
0.000000 -4.000000 -3.162278
0.000000 -3.000000 -2.236068
0.000000 -2.000000 -1.414214
0.000000 -1.414214 -1.000000
0.000000 -1.414214 -1.000000
0.000000 -1.414214 -1.000000
0.000000 -1.414214 -1.000000
0.000000 -5.385165 -5.000000
0.000000 -4.242641 -4.000000
0.000000 -2.236068 -2.000000
0.000000 -2.236068 -2.000000
0.000000 -2.236068 -2.000000
0.000000 -3.000000 -2.828427
