1.000000 -4.000000 1.414214
1.000000 -2.000000 1.000000
1.000000 -1.000000 1.000000
1.000000 -1.000000 1.000000
1.000000 -1.000000 1.000000
1.000000 -1.000000 1.000000
1.000000 -1.000000 1.000000
1.000000 10.440307 10.770330
1.000000 5.099020 5.385165
1.000000 11.000000 11.180340
1.000000 11.045361 11.180340
0.000000 -8.485281 inf
0.000000 -1.000000 10.440307
0.000000 -2.000000 3.000000
0.000000 -1.000000 2.000000
0.000000 -1.000000 1.000000
0.000000 -5.000000 -4.123106
0.000000 -5.000000 -4.242641
0.000000 -8.000000 -7.280110
0.000000 -8.062258 -7.615773
0.000000 -1.414214 -1.000000
0.000000 -7.615773 -7.280110
0.000000 -4.472136 -4.242641
0.000000 -8.062258 -8.000000
