1.000000 2.236068 6.324555
1.000000 3.162278 3.354102
1.000000 5.700877 5.830952
1.000000 5.408327 5.522681
1.000000 2.500000 2.549510
1.000000 3.500000 3.535534
0.000000 -3.807887 inf
0.000000 -2.500000 -1.000000
0.000000 -2.000000 -1.118034
0.000000 -1.118034 -0.500000
0.000000 -1.581139 -1.000000
0.000000 -1.414214 -1.000000
0.000000 -1.414214 -1.000000
0.000000 -1.118034 -0.707107
0.000000 -1.000000 -0.707107
0.000000 -1.118034 -1.000000
0.000000 -1.118034 -1.000000
0.000000 -1.118034 -1.000000
