1.000000 8.845903 15.206906
1.000000 -0.500000 0.500000
1.000000 -0.500000 0.500000
1.000000 3.500000 3.807887
1.000000 0.707107 1.000000
1.000000 14.840822 15.132746
1.000000 14.840822 15.116216
1.000000 4.031129 4.301163
1.000000 14.983324 15.206906
1.000000 1.581139 1.802776
1.000000 9.394147 9.604686
1.000000 0.500000 0.707107
1.000000 9.192388 9.394147
1.000000 4.272002 4.472136
1.000000 3.354102 3.535534
1.000000 3.354102 3.535534
1.000000 9.013878 9.178780
1.000000 3.000000 3.162278
1.000000 14.080128 14.230249
1.000000 4.609772 4.743416
1.000000 3.041381 3.162278
1.000000 1.000000 1.118034
1.000000 2.121320 2.236068
1.000000 8.902247 9.013878
1.000000 4.609772 4.716991
1.000000 9.552487 9.656604
1.000000 9.823441 9.924717
1.000000 14.713939 14.807093
1.000000 14.916434 15.008331
1.000000 14.916434 15.008331
1.000000 2.828427 2.915476
1.000000 2.828427 2.915476
1.000000 4.527693 4.609772
1.000000 1.500000 1.581139
1.000000 10.124228 10.198039
1.000000 2.000000 2.061553
1.000000 4.242641 4.301163
1.000000 8.845903 8.902247
1.000000 13.901439 13.928388
1.000000 11.000000 11.011358
0.000000 -1.802776 inf
0.000000 -1.802776 3.201562
0.000000 -0.500000 4.031129
0.000000 -1.414214 2.828427
0.000000 -0.500000 2.121320
0.000000 -0.707107 1.802776
0.000000 -1.581139 0.500000
0.000000 -0.500000 1.414214
0.000000 -1.000000 0.500000
0.000000 -1.000000 0.500000
0.000000 -0.500000 1.000000
0.000000 -0.500000 0.707107
0.000000 -0.707107 0.500000
0.000000 -0.500000 0.707107
0.000000 -0.500000 0.707107
0.000000 -0.500000 0.500000
0.000000 -1.802776 -1.118034
0.000000 -1.118034 -0.500000
0.000000 -1.118034 -0.500000
0.000000 -1.000000 -0.500000
0.000000 -1.000000 -0.500000
0.000000 -1.000000 -0.500000
0.000000 -1.414214 -1.000000
0.000000 -1.414214 -1.000000
0.000000 -1.118034 -0.707107
0.000000 -1.000000 -0.707107
0.000000 -1.000000 -0.707107
0.000000 -1.000000 -0.707107
0.000000 -1.000000 -0.707107
0.000000 -1.000000 -0.707107
0.000000 -1.000000 -0.707107
0.000000 -1.000000 -0.707107
0.000000 -0.707107 -0.500000
0.000000 -0.707107 -0.500000
0.000000 -0.707107 -0.500000
0.000000 -1.500000 -1.414214
0.000000 -1.500000 -1.414214
0.000000 -1.581139 -1.500000
0.000000 -1.581139 -1.500000
