1.000000 1.000000 4.123106
1.000000 1.500000 2.500000
1.000000 -0.500000 0.500000
1.000000 1.000000 1.802776
1.000000 1.802776 2.500000
1.000000 0.500000 1.118034
1.000000 0.500000 1.000000
1.000000 1.000000 1.500000
1.000000 2.500000 2.915476
1.000000 0.707107 1.118034
1.000000 1.118034 1.500000
1.000000 1.802776 2.121320
1.000000 1.802776 2.121320
1.000000 1.802776 2.121320
1.000000 0.707107 1.000000
1.000000 0.707107 1.000000
1.000000 0.707107 1.000000
1.000000 1.802776 2.061553
1.000000 6.264982 6.500000
1.000000 4.242641 4.472136
1.000000 6.500000 6.708204
1.000000 0.500000 0.707107
1.000000 0.500000 0.707107
1.000000 0.500000 0.707107
1.000000 0.500000 0.707107
1.000000 0.500000 0.707107
1.000000 0.500000 0.707107
1.000000 2.061553 2.236068
1.000000 4.301163 4.472136
1.000000 6.800735 6.964194
1.000000 6.103278 6.264982
1.000000 7.158911 7.280110
1.000000 3.041381 3.162278
1.000000 3.041381 3.162278
1.000000 4.123106 4.242641
1.000000 1.000000 1.118034
1.000000 1.000000 1.118034
1.000000 1.000000 1.118034
1.000000 2.121320 2.236068
1.000000 2.121320 2.236068
1.000000 2.121320 2.236068
1.000000 2.121320 2.236068
1.000000 2.121320 2.236068
1.000000 4.609772 4.716991
1.000000 3.905125 4.000000
1.000000 4.031129 4.123106
1.000000 2.828427 2.915476
1.000000 7.566373 7.648529
1.000000 5.024938 5.099020
1.000000 2.000000 2.061553
1.000000 2.000000 2.061553
1.000000 2.000000 2.061553
1.000000 2.000000 2.061553
1.000000 2.000000 2.061553
1.000000 2.061553 2.121320
1.000000 2.061553 2.121320
1.000000 4.242641 4.301163
1.000000 8.015610 8.062258
1.000000 3.162278 3.201562
1.000000 3.500000 3.535534
1.000000 4.500000 4.527693
1.000000 4.500000 4.527693
1.000000 6.020797 6.041523
1.000000 8.500000 8.514693
0.000000 -4.949747 inf
0.000000 -1.802776 1.802776
0.000000 -1.581139 2.000000
0.000000 -2.061553 1.118034
0.000000 -1.118034 1.802776
0.000000 -1.500000 0.500000
0.000000 -0.707107 1.000000
0.000000 -1.118034 0.500000
0.000000 -1.118034 0.500000
0.000000 -3.535534 -2.000000
0.000000 -1.000000 0.500000
0.000000 -1.000000 0.500000
0.000000 -0.707107 0.500000
0.000000 -1.581139 -0.500000
0.000000 -0.500000 0.500000
0.000000 -1.500000 -0.500000
0.000000 -0.500000 0.500000
0.000000 -1.118034 -0.500000
0.000000 -1.000000 -0.500000
0.000000 -1.500000 -1.000000
0.000000 -1.500000 -1.000000
0.000000 -1.000000 -0.500000
0.000000 -1.414214 -1.000000
0.000000 -1.414214 -1.000000
0.000000 -1.118034 -0.707107
0.000000 -1.000000 -0.707107
0.000000 -1.000000 -0.707107
0.000000 -1.000000 -0.707107
0.000000 -1.000000 -0.707107
0.000000 -1.000000 -0.707107
0.000000 -1.802776 -1.581139
0.000000 -0.707107 -0.500000
0.000000 -0.707107 -0.500000
0.000000 -0.707107 -0.500000
0.000000 -0.707107 -0.500000
0.000000 -0.707107 -0.500000
0.000000 -0.707107 -0.500000
0.000000 -0.707107 -0.500000
0.000000 -1.581139 -1.414214
0.000000 -1.581139 -1.414214
0.000000 -4.609772 -4.472136
0.000000 -1.118034 -1.000000
0.000000 -1.118034 -1.000000
0.000000 -2.236068 -2.121320
0.000000 -1.500000 -1.414214
0.000000 -2.121320 -2.061553
