1.000000 -3.577601 4.961240
1.000000 -0.992248 0.992248
1.000000 2.218734 2.806501
1.000000 2.218734 2.806501
1.000000 1.403251 1.984496
1.000000 0.992248 1.403251
1.000000 0.992248 1.403251
1.000000 0.992248 1.403251
1.000000 0.992248 1.403251
1.000000 0.992248 1.403251
1.000000 0.992248 1.403251
1.000000 4.091144 4.437468
1.000000 4.209752 4.437468
1.000000 3.968992 4.091144
1.000000 4.091144 4.209752
0.000000 -14.650367 inf
0.000000 -11.613966 -6.275528
0.000000 -0.992248 3.968992
0.000000 -0.992248 0.992248
0.000000 -5.343419 -4.961240
0.000000 -5.343419 -4.961240
0.000000 -5.343419 -5.059492
0.000000 -14.206830 -14.102495
0.000000 -5.059492 -4.961240
0.000000 -5.059492 -4.961240
0.000000 -7.016253 -6.945736
0.000000 -13.820416 -13.784751
