1.000000 1.600000 2.400000
1.000000 2.262742 2.884441
1.000000 2.529822 2.884441
1.000000 0.800000 1.131371
1.000000 0.800000 1.131371
0.000000 -5.059644 inf
0.000000 -2.884441 0.800000
0.000000 -1.600000 0.800000
0.000000 -2.262742 -0.800000
0.000000 -2.262742 -1.600000
0.000000 -2.262742 -1.788854
0.000000 -1.131371 -0.800000
0.000000 -4.866210 -4.664762
0.000000 -4.866210 -4.664762
0.000000 -4.866210 -4.664762
0.000000 -2.529822 -2.400000
0.000000 -2.529822 -2.400000
0.000000 -4.866210 -4.800000
