1.000000 -0.500000 2.500000
1.000000 0.500000 2.121320
1.000000 -1.000000 0.500000
1.000000 -0.500000 1.000000
1.000000 1.414214 2.500000
1.000000 -0.500000 0.500000
1.000000 -0.500000 0.500000
1.000000 -0.500000 0.500000
1.000000 0.707107 1.581139
1.000000 0.500000 1.118034
1.000000 0.500000 1.118034
1.000000 0.500000 1.000000
1.000000 0.500000 1.000000
1.000000 1.000000 1.414214
1.000000 0.707107 1.118034
1.000000 0.707107 1.118034
1.000000 0.707107 1.118034
1.000000 1.118034 1.500000
1.000000 1.118034 1.414214
1.000000 1.118034 1.414214
1.000000 1.118034 1.414214
1.000000 0.707107 1.000000
1.000000 0.707107 1.000000
1.000000 0.707107 1.000000
1.000000 0.707107 1.000000
1.000000 1.581139 1.802776
1.000000 0.500000 0.707107
1.000000 0.500000 0.707107
1.000000 0.500000 0.707107
1.000000 0.500000 0.707107
1.000000 0.500000 0.707107
1.000000 1.414214 1.581139
1.000000 2.692582 2.828427
1.000000 1.000000 1.118034
1.000000 1.000000 1.118034
1.000000 1.000000 1.118034
1.000000 1.000000 1.118034
1.000000 1.000000 1.118034
1.000000 1.000000 1.118034
1.000000 1.000000 1.118034
1.000000 1.000000 1.118034
1.000000 1.000000 1.118034
1.000000 1.000000 1.118034
1.000000 1.000000 1.118034
1.000000 1.500000 1.581139
1.000000 1.500000 1.581139
1.000000 8.558621 8.631338
1.000000 2.000000 2.061553
1.000000 2.000000 2.061553
1.000000 3.000000 3.041381
0.000000 -4.609772 inf
0.000000 -3.201562 -1.000000
0.000000 -3.162278 -1.000000
0.000000 -1.000000 1.118034
0.000000 -1.118034 0.707107
0.000000 -1.000000 0.500000
0.000000 -1.802776 -0.500000
0.000000 -0.500000 0.500000
0.000000 -0.500000 0.500000
0.000000 -1.500000 -0.500000
0.000000 -2.500000 -1.500000
0.000000 -1.414214 -0.500000
0.000000 -1.414214 -0.500000
0.000000 -1.000000 -0.500000
0.000000 -1.500000 -1.000000
0.000000 -1.500000 -1.000000
0.000000 -1.000000 -0.500000
0.000000 -2.915476 -2.549510
0.000000 -1.000000 -0.707107
0.000000 -1.000000 -0.707107
0.000000 -2.500000 -2.236068
0.000000 -3.162278 -2.915476
0.000000 -3.807887 -3.640055
0.000000 -1.118034 -1.000000
0.000000 -1.581139 -1.500000
0.000000 -2.061553 -2.000000
0.000000 -3.041381 -3.000000
0.000000 -3.201562 -3.162278
