1.000000 2.000000 7.000000
1.000000 4.123106 8.062258
1.000000 5.385165 6.324555
1.000000 2.236068 3.162278
1.000000 1.000000 1.414214
1.000000 6.324555 6.708204
1.000000 5.830952 6.082763
1.000000 7.071068 7.280110
1.000000 3.000000 3.162278
1.000000 6.000000 6.082763
1.000000 8.000000 8.062258
0.000000 -2.236068 inf
0.000000 -2.000000 3.000000
0.000000 -2.000000 1.000000
0.000000 -1.000000 1.414214
0.000000 -2.000000 -1.000000
0.000000 -2.000000 -1.414214
0.000000 -1.414214 -1.000000
0.000000 -1.414214 -1.000000
0.000000 -1.414214 -1.000000
0.000000 -1.414214 -1.000000
0.000000 -2.236068 -2.000000
