1.000000 -0.800000 6.449806
1.000000 -1.131371 3.200000
1.000000 1.600000 4.800000
1.000000 -0.800000 2.262742
1.000000 -1.788854 1.131371
1.000000 1.600000 4.308132
1.000000 -1.788854 0.800000
1.000000 -0.800000 1.600000
1.000000 1.788854 4.079216
1.000000 -0.800000 0.800000
1.000000 -0.800000 0.800000
1.000000 -0.800000 0.800000
1.000000 -0.800000 0.800000
1.000000 -0.800000 0.800000
1.000000 -0.800000 0.800000
1.000000 -0.800000 0.800000
1.000000 1.131371 2.400000
1.000000 1.600000 2.400000
1.000000 1.788854 2.400000
1.000000 5.656854 6.248200
1.000000 1.788854 2.262742
1.000000 1.788854 2.262742
1.000000 1.788854 2.262742
1.000000 1.131371 1.600000
1.000000 1.131371 1.600000
1.000000 4.664762 5.122499
1.000000 5.656854 6.092618
1.000000 3.200000 3.577709
1.000000 2.529822 2.884441
1.000000 0.800000 1.131371
1.000000 5.768882 6.092618
1.000000 5.824088 6.092618
1.000000 2.262742 2.529822
1.000000 6.400000 6.596969
1.000000 1.600000 1.788854
1.000000 1.600000 1.788854
1.000000 1.600000 1.788854
1.000000 1.600000 1.788854
1.000000 1.600000 1.788854
1.000000 1.600000 1.788854
1.000000 6.248200 6.400000
1.000000 2.400000 2.529822
1.000000 5.656854 5.768882
1.000000 3.200000 3.298485
1.000000 5.059644 5.122499
0.000000 -7.200000 inf
0.000000 -0.800000 6.400000
0.000000 -2.529822 0.800000
0.000000 -1.788854 0.800000
0.000000 -3.298485 -0.800000
0.000000 -4.664762 -2.262742
0.000000 -2.884441 -0.800000
0.000000 -0.800000 1.131371
0.000000 -1.131371 0.800000
0.000000 -2.529822 -0.800000
0.000000 -0.800000 0.800000
0.000000 -2.262742 -1.131371
0.000000 -2.262742 -1.131371
0.000000 -3.577709 -2.529822
0.000000 -1.600000 -0.800000
0.000000 -2.400000 -1.600000
0.000000 -3.298485 -2.529822
0.000000 -3.298485 -2.529822
0.000000 -2.529822 -1.788854
0.000000 -1.788854 -1.131371
0.000000 -2.262742 -1.788854
0.000000 -2.262742 -1.788854
0.000000 -1.600000 -1.131371
0.000000 -1.600000 -1.131371
0.000000 -1.600000 -1.131371
0.000000 -1.600000 -1.131371
0.000000 -3.298485 -2.884441
0.000000 -3.298485 -2.884441
0.000000 -1.131371 -0.800000
0.000000 -5.656854 -5.366563
0.000000 -1.788854 -1.600000
0.000000 -1.788854 -1.600000
0.000000 -1.788854 -1.600000
0.000000 -1.788854 -1.600000
0.000000 -1.788854 -1.600000
0.000000 -1.788854 -1.600000
0.000000 -1.788854 -1.600000
0.000000 -2.400000 -2.262742
0.000000 -2.529822 -2.400000
0.000000 -2.529822 -2.400000
0.000000 -5.768882 -5.656854
