1.000000 -1.000000 2.236068
1.000000 -1.000000 2.000000
1.000000 -1.414214 1.000000
1.000000 -1.000000 1.414214
1.000000 -1.000000 1.000000
1.000000 -1.000000 1.000000
1.000000 -1.000000 1.000000
1.000000 3.162278 3.605551
1.000000 13.000000 13.416408
1.000000 1.000000 1.414214
1.000000 1.000000 1.414214
1.000000 1.000000 1.414214
1.000000 3.605551 4.000000
1.000000 4.123106 4.472136
1.000000 13.601471 13.928388
1.000000 14.317821 14.560220
1.000000 5.000000 5.099020
1.000000 15.132746 15.231546
0.000000 -6.708204 inf
0.000000 -2.000000 7.280110
0.000000 -3.605551 -1.000000
0.000000 -1.414214 1.000000
0.000000 -3.000000 -1.414214
0.000000 -2.000000 -1.000000
0.000000 -2.000000 -1.414214
0.000000 -2.000000 -1.414214
0.000000 -2.000000 -1.414214
0.000000 -1.414214 -1.000000
0.000000 -1.414214 -1.000000
0.000000 -1.414214 -1.000000
