1.000000 3.000000 10.198039
1.000000 -1.000000 1.000000
1.000000 9.055385 10.000000
1.000000 2.236068 2.828427
1.000000 1.414214 2.000000
1.000000 9.055385 9.486833
1.000000 1.000000 1.414214
1.000000 2.000000 2.236068
1.000000 8.062258 8.246211
1.000000 3.000000 3.162278
1.000000 7.071068 7.211103
1.000000 5.000000 5.099020
0.000000 -5.385165 inf
0.000000 -2.000000 2.236068
0.000000 -1.000000 3.000000
0.000000 -1.000000 2.236068
0.000000 -1.000000 2.000000
0.000000 -1.414214 1.000000
0.000000 -1.414214 1.000000
0.000000 -1.000000 1.000000
0.000000 -1.000000 1.000000
0.000000 -1.000000 1.000000
0.000000 -1.000000 1.000000
0.000000 -1.000000 1.000000
0.000000 -3.605551 -2.000000
0.000000 -2.000000 -1.000000
0.000000 -4.472136 -3.605551
0.000000 -3.605551 -3.000000
0.000000 -3.605551 -3.162278
0.000000 -3.605551 -3.162278
0.000000 -1.414214 -1.000000
0.000000 -1.414214 -1.000000
0.000000 -1.414214 -1.000000
0.000000 -1.414214 -1.000000
0.000000 -2.236068 -2.000000
0.000000 -4.472136 -4.242641
0.000000 -4.123106 -4.000000
