1.000000 -1.000000 2.500000
1.000000 -1.500000 0.707107
1.000000 -1.500000 0.500000
1.000000 0.500000 2.000000
1.000000 -0.500000 1.000000
1.000000 0.707107 2.061553
1.000000 -0.500000 0.707107
1.000000 -0.500000 0.707107
1.000000 -0.500000 0.707107
1.000000 -0.500000 0.707107
1.000000 -0.707107 0.500000
1.000000 -0.707107 0.500000
1.000000 2.828427 4.031129
1.000000 3.000000 3.605551
1.000000 1.414214 2.000000
1.000000 0.500000 1.000000
1.000000 1.000000 1.414214
1.000000 1.118034 1.500000
1.000000 1.802776 2.121320
1.000000 1.118034 1.414214
1.000000 1.118034 1.414214
1.000000 1.118034 1.414214
1.000000 0.707107 1.000000
1.000000 0.707107 1.000000
1.000000 5.590170 5.830952
1.000000 1.581139 1.802776
1.000000 1.581139 1.802776
1.000000 0.500000 0.707107
1.000000 0.500000 0.707107
1.000000 0.500000 0.707107
1.000000 0.500000 0.707107
1.000000 0.500000 0.707107
1.000000 0.500000 0.707107
1.000000 0.500000 0.707107
1.000000 0.500000 0.707107
1.000000 0.500000 0.707107
1.000000 1.802776 2.000000
1.000000 1.802776 2.000000
1.000000 3.162278 3.354102
1.000000 3.354102 3.535534
1.000000 2.061553 2.236068
1.000000 5.700877 5.830952
1.000000 3.041381 3.162278
1.000000 1.000000 1.118034
1.000000 1.000000 1.118034
1.000000 1.000000 1.118034
1.000000 2.121320 2.236068
1.000000 2.121320 2.236068
1.000000 7.648529 7.762087
1.000000 7.106335 7.211103
1.000000 6.576473 6.670832
1.000000 2.828427 2.915476
1.000000 1.500000 1.581139
1.000000 1.500000 1.581139
1.000000 1.500000 1.581139
1.000000 1.500000 1.581139
1.000000 2.000000 2.061553
1.000000 2.000000 2.061553
1.000000 6.946222 7.000000
1.000000 6.000000 6.020797
1.000000 6.000000 6.020797
1.000000 7.500000 7.516648
0.000000 -3.640055 inf
0.000000 -2.236068 5.590170
0.000000 -1.802776 1.802776
0.000000 -1.414214 0.500000
0.000000 -0.500000 1.118034
0.000000 -2.549510 -1.000000
0.000000 -3.162278 -1.802776
0.000000 -2.000000 -1.000000
0.000000 -2.500000 -1.500000
0.000000 -1.118034 -0.500000
0.000000 -2.000000 -1.414214
0.000000 -1.581139 -1.000000
0.000000 -1.000000 -0.500000
0.000000 -1.118034 -0.707107
0.000000 -1.118034 -0.707107
0.000000 -1.500000 -1.118034
0.000000 -3.162278 -2.828427
0.000000 -2.828427 -2.500000
0.000000 -1.414214 -1.118034
0.000000 -1.000000 -0.707107
0.000000 -1.000000 -0.707107
0.000000 -0.707107 -0.500000
0.000000 -0.707107 -0.500000
0.000000 -2.000000 -1.802776
0.000000 -2.692582 -2.500000
0.000000 -2.692582 -2.500000
0.000000 -1.581139 -1.414214
0.000000 -1.118034 -1.000000
0.000000 -1.118034 -1.000000
0.000000 -2.236068 -2.121320
0.000000 -1.500000 -1.414214
0.000000 -1.581139 -1.500000
0.000000 -1.581139 -1.500000
0.000000 -3.605551 -3.535534
0.000000 -2.061553 -2.000000
0.000000 -2.061553 -2.000000
0.000000 -2.549510 -2.500000
