1.000000 -1.000000 1.000000
1.000000 -1.000000 1.000000
1.000000 7.211103 7.615773
1.000000 7.280110 7.615773
1.000000 7.280110 7.615773
1.000000 7.280110 7.615773
1.000000 6.403124 6.708204
1.000000 5.385165 5.656854
1.000000 5.385165 5.656854
1.000000 7.071068 7.211103
1.000000 6.000000 6.082763
1.000000 8.000000 8.062258
1.000000 8.000000 8.062258
0.000000 -2.236068 inf
0.000000 -1.000000 7.211103
0.000000 -1.000000 5.000000
0.000000 -1.000000 2.000000
0.000000 -1.000000 1.000000
0.000000 -1.414214 -1.000000
0.000000 -2.236068 -2.000000
