1.000000 2.000000 8.944272
1.000000 1.000000 7.071068
1.000000 1.414214 2.000000
1.000000 5.830952 6.324555
1.000000 5.830952 6.324555
1.000000 1.000000 1.414214
1.000000 6.082763 6.324555
1.000000 2.000000 2.236068
1.000000 2.000000 2.236068
1.000000 8.485281 8.544004
0.000000 -2.828427 inf
0.000000 -2.000000 1.414214
0.000000 -1.414214 1.000000
0.000000 -1.000000 1.000000
0.000000 -2.236068 -1.000000
0.000000 -2.000000 -1.000000
0.000000 -2.000000 -1.414214
0.000000 -1.414214 -1.000000
0.000000 -1.414214 -1.000000
0.000000 -1.414214 -1.000000
0.000000 -1.414214 -1.000000
0.000000 -1.414214 -1.000000
0.000000 -1.414214 -1.000000
0.000000 -1.414214 -1.000000
