1.000000 -3.000000 2.000000
1.000000 -2.236068 2.236068
1.000000 -2.000000 1.000000
1.000000 -1.414214 1.414214
1.000000 -1.000000 1.000000
1.000000 1.000000 2.000000
1.000000 1.000000 1.414214
1.000000 1.000000 1.414214
1.000000 9.000000 9.219544
1.000000 9.055385 9.219544
0.000000 -10.770330 inf
0.000000 -1.000000 8.544004
0.000000 -7.071068 -3.162278
0.000000 -5.000000 -3.000000
0.000000 -4.000000 -3.000000
0.000000 -6.000000 -5.099020
0.000000 -4.123106 -3.605551
0.000000 -3.605551 -3.162278
0.000000 -4.000000 -3.605551
0.000000 -3.162278 -2.828427
0.000000 -3.162278 -3.000000
0.000000 -3.162278 -3.000000
