1.000000 -3.807887 1.581139
1.000000 -2.000000 1.500000
1.000000 -1.802776 1.414214
1.000000 -2.500000 0.500000
1.000000 -0.707107 1.000000
1.000000 -1.118034 0.500000
1.000000 -1.000000 0.500000
1.000000 -0.707107 0.707107
1.000000 -0.707107 0.500000
1.000000 -0.500000 0.707107
1.000000 -0.707107 0.500000
1.000000 -0.500000 0.500000
1.000000 -0.500000 0.500000
1.000000 0.500000 1.000000
1.000000 0.500000 1.000000
1.000000 1.118034 1.414214
1.000000 0.707107 1.000000
1.000000 0.707107 1.000000
1.000000 0.707107 1.000000
1.000000 0.707107 1.000000
1.000000 0.500000 0.707107
1.000000 1.802776 2.000000
1.000000 1.000000 1.118034
1.000000 1.000000 1.118034
1.000000 2.000000 2.061553
0.000000 -8.860023 inf
0.000000 -7.280110 -4.472136
0.000000 -6.000000 -4.123106
0.000000 -4.272002 -2.828427
0.000000 -0.500000 0.500000
0.000000 -5.147815 -4.472136
0.000000 -6.946222 -6.403124
0.000000 -2.500000 -2.000000
0.000000 -5.000000 -4.500000
0.000000 -5.147815 -4.716991
0.000000 -1.000000 -0.707107
0.000000 -4.472136 -4.301163
0.000000 -6.670832 -6.500000
0.000000 -1.118034 -1.000000
0.000000 -6.519202 -6.403124
0.000000 -4.609772 -4.500000
0.000000 -4.716991 -4.609772
0.000000 -2.915476 -2.828427
0.000000 -5.000000 -4.924429
0.000000 -5.000000 -4.924429
0.000000 -5.099020 -5.024938
0.000000 -2.061553 -2.000000
0.000000 -5.000000 -4.949747
0.000000 -5.000000 -4.949747
0.000000 -2.549510 -2.500000
0.000000 -4.031129 -4.000000
0.000000 -5.024938 -5.000000
