1.000000 -3.577601 4.437468
1.000000 -3.577601 1.984496
1.000000 -2.218734 0.992248
1.000000 -1.984496 0.992248
1.000000 -1.403251 0.992248
1.000000 -0.992248 0.992248
1.000000 3.137764 3.968992
1.000000 1.403251 1.984496
1.000000 3.137764 3.577601
1.000000 0.992248 1.403251
1.000000 0.992248 1.403251
1.000000 1.984496 2.218734
1.000000 3.968992 4.091144
0.000000 -10.959738 inf
0.000000 -0.992248 1.403251
0.000000 -10.959738 -8.985188
0.000000 -5.059492 -3.577601
0.000000 -6.035609 -4.961240
0.000000 -5.953488 -4.961240
0.000000 -10.959738 -9.971970
0.000000 -10.732804 -10.118984
0.000000 -3.968992 -3.577601
0.000000 -10.686839 -10.359374
0.000000 -10.359374 -10.118984
0.000000 -9.148075 -8.985188
0.000000 -10.118984 -9.971970
0.000000 -8.985188 -8.874936
0.000000 -10.959738 -10.914729
