1.000000 -0.500000 2.121320
1.000000 -1.414214 0.500000
1.000000 -0.500000 1.118034
1.000000 -1.118034 0.500000
1.000000 -0.500000 0.500000
1.000000 0.500000 1.000000
1.000000 1.802776 2.121320
1.000000 0.707107 1.000000
1.000000 0.707107 1.000000
1.000000 0.707107 1.000000
1.000000 0.707107 1.000000
1.000000 2.236068 2.500000
1.000000 2.692582 2.915476
1.000000 0.500000 0.707107
1.000000 0.500000 0.707107
1.000000 0.500000 0.707107
1.000000 0.500000 0.707107
1.000000 0.500000 0.707107
1.000000 4.272002 4.472136
1.000000 2.500000 2.692582
1.000000 4.301163 4.472136
1.000000 1.414214 1.581139
1.000000 2.549510 2.692582
1.000000 2.000000 2.121320
1.000000 3.041381 3.162278
1.000000 1.000000 1.118034
1.000000 1.000000 1.118034
1.000000 1.000000 1.118034
1.000000 2.000000 2.061553
1.000000 2.000000 2.061553
1.000000 2.500000 2.549510
1.000000 3.500000 3.535534
1.000000 5.000000 5.024938
0.000000 -3.535534 inf
0.000000 -0.500000 2.500000
0.000000 -2.061553 0.707107
0.000000 -1.000000 1.581139
0.000000 -3.354102 -1.414214
0.000000 -0.707107 1.000000
0.000000 -0.500000 1.118034
0.000000 -2.061553 -0.707107
0.000000 -0.500000 0.500000
0.000000 -1.500000 -1.118034
0.000000 -1.500000 -1.118034
0.000000 -1.500000 -1.118034
0.000000 -2.915476 -2.549510
0.000000 -1.414214 -1.118034
0.000000 -2.236068 -2.000000
0.000000 -2.692582 -2.500000
0.000000 -3.500000 -3.354102
0.000000 -2.692582 -2.549510
0.000000 -2.121320 -2.000000
0.000000 -1.118034 -1.000000
0.000000 -1.118034 -1.000000
0.000000 -2.236068 -2.121320
0.000000 -2.549510 -2.500000
