1.000000 1.118034 6.082763
1.000000 1.000000 3.640055
1.000000 1.000000 3.605551
1.000000 -0.500000 1.581139
1.000000 1.000000 3.041381
1.000000 4.031129 5.700877
1.000000 -0.500000 1.000000
1.000000 1.000000 2.236068
1.000000 1.500000 2.692582
1.000000 1.000000 2.061553
1.000000 -0.500000 0.500000
1.000000 0.500000 1.500000
1.000000 1.500000 2.500000
1.000000 1.118034 1.802776
1.000000 1.414214 2.000000
1.000000 2.915476 3.500000
1.000000 0.500000 1.000000
1.000000 2.000000 2.500000
1.000000 2.000000 2.500000
1.000000 0.500000 1.000000
1.000000 0.500000 1.000000
1.000000 1.500000 2.000000
1.000000 1.118034 1.581139
1.000000 1.118034 1.581139
1.000000 0.707107 1.118034
1.000000 0.707107 1.118034
1.000000 2.236068 2.549510
1.000000 1.118034 1.414214
1.000000 0.707107 1.000000
1.000000 0.707107 1.000000
1.000000 0.707107 1.000000
1.000000 0.707107 1.000000
1.000000 2.915476 3.201562
1.000000 4.031129 4.301163
1.000000 2.236068 2.500000
1.000000 2.236068 2.500000
1.000000 2.236068 2.500000
1.000000 2.236068 2.500000
1.000000 1.802776 2.061553
1.000000 2.915476 3.162278
1.000000 5.147815 5.385165
1.000000 2.692582 2.915476
1.000000 2.692582 2.915476
1.000000 1.581139 1.802776
1.000000 1.581139 1.802776
1.000000 0.500000 0.707107
1.000000 0.500000 0.707107
1.000000 0.500000 0.707107
1.000000 0.500000 0.707107
1.000000 0.500000 0.707107
1.000000 0.500000 0.707107
1.000000 0.500000 0.707107
1.000000 0.500000 0.707107
1.000000 0.500000 0.707107
1.000000 0.500000 0.707107
1.000000 4.272002 4.472136
1.000000 4.272002 4.472136
1.000000 1.802776 2.000000
1.000000 3.162278 3.354102
1.000000 3.354102 3.535534
1.000000 2.061553 2.236068
1.000000 2.828427 3.000000
1.000000 1.414214 1.581139
1.000000 5.220153 5.385165
1.000000 5.220153 5.385165
1.000000 3.000000 3.162278
1.000000 3.201562 3.354102
1.000000 3.201562 3.354102
1.000000 5.700877 5.852350
1.000000 4.123106 4.272002
1.000000 4.123106 4.272002
1.000000 3.354102 3.500000
1.000000 2.549510 2.692582
1.000000 2.549510 2.692582
1.000000 2.692582 2.828427
1.000000 3.041381 3.162278
1.000000 3.041381 3.162278
1.000000 4.123106 4.242641
1.000000 4.123106 4.242641
1.000000 1.000000 1.118034
1.000000 1.000000 1.118034
1.000000 1.000000 1.118034
1.000000 1.000000 1.118034
1.000000 1.000000 1.118034
1.000000 1.000000 1.118034
1.000000 1.000000 1.118034
1.000000 1.000000 1.118034
1.000000 1.000000 1.118034
1.000000 1.000000 1.118034
1.000000 1.000000 1.118034
1.000000 1.000000 1.118034
1.000000 1.000000 1.118034
1.000000 1.000000 1.118034
1.000000 1.000000 1.118034
1.000000 1.000000 1.118034
1.000000 1.000000 1.118034
1.000000 1.000000 1.118034
1.000000 1.000000 1.118034
1.000000 1.000000 1.118034
1.000000 2.121320 2.236068
1.000000 4.924429 5.024938
1.000000 5.220153 5.315073
1.000000 3.905125 4.000000
1.000000 3.905125 4.000000
1.000000 6.000000 6.082763
1.000000 1.500000 1.581139
1.000000 1.500000 1.581139
1.000000 1.500000 1.581139
1.000000 1.500000 1.581139
1.000000 1.500000 1.581139
1.000000 1.500000 1.581139
1.000000 1.500000 1.581139
1.000000 1.500000 1.581139
1.000000 3.535534 3.605551
1.000000 5.522681 5.590170
1.000000 2.000000 2.061553
1.000000 2.000000 2.061553
1.000000 2.000000 2.061553
1.000000 2.000000 2.061553
1.000000 4.242641 4.301163
1.000000 2.500000 2.549510
1.000000 2.500000 2.549510
1.000000 2.500000 2.549510
1.000000 3.000000 3.041381
1.000000 3.162278 3.201562
1.000000 3.500000 3.535534
1.000000 4.500000 4.527693
1.000000 4.500000 4.527693
1.000000 4.500000 4.527693
1.000000 4.500000 4.527693
1.000000 5.000000 5.024938
1.000000 6.000000 6.020797
0.000000 -2.692582 inf
0.000000 -1.118034 2.915476
0.000000 -1.414214 1.000000
0.000000 -0.707107 1.414214
0.000000 -1.118034 1.000000
0.000000 -1.000000 1.118034
0.000000 -1.500000 0.500000
0.000000 -1.000000 1.000000
0.000000 -1.000000 1.000000
0.000000 -0.707107 1.118034
0.000000 -1.118034 0.707107
0.000000 -2.236068 -0.500000
0.000000 -1.000000 0.707107
0.000000 -0.707107 1.000000
0.000000 -1.118034 0.500000
0.000000 -0.500000 1.118034
0.000000 -1.118034 0.500000
0.000000 -1.000000 0.500000
0.000000 -1.000000 0.500000
0.000000 -1.000000 0.500000
0.000000 -1.000000 0.500000
0.000000 -0.500000 1.000000
0.000000 -1.000000 0.500000
0.000000 -1.000000 0.500000
0.000000 -1.000000 0.500000
0.000000 -1.000000 0.500000
0.000000 -0.707107 0.707107
0.000000 -0.707107 0.707107
0.000000 -0.707107 0.500000
0.000000 -0.707107 0.500000
0.000000 -1.581139 -0.500000
0.000000 -0.500000 0.500000
0.000000 -0.500000 0.500000
0.000000 -0.500000 0.500000
0.000000 -0.500000 0.500000
0.000000 -0.500000 0.500000
0.000000 -1.414214 -0.500000
0.000000 -1.802776 -1.000000
0.000000 -1.500000 -0.707107
0.000000 -1.118034 -0.500000
0.000000 -1.118034 -0.500000
0.000000 -1.000000 -0.500000
0.000000 -1.000000 -0.500000
0.000000 -1.000000 -0.500000
0.000000 -1.000000 -0.500000
0.000000 -1.000000 -0.500000
0.000000 -1.000000 -0.500000
0.000000 -1.000000 -0.500000
0.000000 -1.000000 -0.500000
0.000000 -1.000000 -0.500000
0.000000 -1.581139 -1.118034
0.000000 -1.581139 -1.118034
0.000000 -1.414214 -1.000000
0.000000 -1.414214 -1.000000
0.000000 -1.802776 -1.500000
0.000000 -1.000000 -0.707107
0.000000 -1.000000 -0.707107
0.000000 -1.000000 -0.707107
0.000000 -1.000000 -0.707107
0.000000 -1.000000 -0.707107
0.000000 -1.000000 -0.707107
0.000000 -1.000000 -0.707107
0.000000 -1.000000 -0.707107
0.000000 -1.000000 -0.707107
0.000000 -1.000000 -0.707107
0.000000 -1.000000 -0.707107
0.000000 -1.000000 -0.707107
0.000000 -0.707107 -0.500000
0.000000 -0.707107 -0.500000
0.000000 -0.707107 -0.500000
0.000000 -0.707107 -0.500000
0.000000 -0.707107 -0.500000
0.000000 -0.707107 -0.500000
0.000000 -0.707107 -0.500000
0.000000 -0.707107 -0.500000
0.000000 -0.707107 -0.500000
0.000000 -0.707107 -0.500000
0.000000 -0.707107 -0.500000
0.000000 -0.707107 -0.500000
0.000000 -0.707107 -0.500000
0.000000 -0.707107 -0.500000
0.000000 -0.707107 -0.500000
0.000000 -1.118034 -1.000000
0.000000 -1.118034 -1.000000
0.000000 -1.118034 -1.000000
0.000000 -1.118034 -1.000000
0.000000 -1.118034 -1.000000
0.000000 -1.500000 -1.414214
0.000000 -1.581139 -1.500000
