1.000000 -1.000000 7.500000
1.000000 2.061553 4.242641
1.000000 -1.581139 0.500000
1.000000 -1.118034 0.500000
1.000000 -1.118034 0.500000
1.000000 -1.000000 0.500000
1.000000 -0.707107 0.500000
1.000000 -0.707107 0.500000
1.000000 3.640055 4.609772
1.000000 2.121320 2.828427
1.000000 0.500000 1.000000
1.000000 0.500000 1.000000
1.000000 2.692582 3.162278
1.000000 2.121320 2.500000
1.000000 5.385165 5.700877
1.000000 1.500000 1.802776
1.000000 1.500000 1.802776
1.000000 0.707107 1.000000
1.000000 0.707107 1.000000
1.000000 2.915476 3.201562
1.000000 2.692582 2.915476
1.000000 1.581139 1.802776
1.000000 1.581139 1.802776
1.000000 1.581139 1.802776
1.000000 0.500000 0.707107
1.000000 0.500000 0.707107
1.000000 0.500000 0.707107
1.000000 3.000000 3.201562
1.000000 2.500000 2.692582
1.000000 2.500000 2.692582
1.000000 3.640055 3.807887
1.000000 2.549510 2.692582
1.000000 6.264982 6.403124
1.000000 3.905125 4.031129
1.000000 3.905125 4.031129
1.000000 4.123106 4.242641
1.000000 1.000000 1.118034
1.000000 2.121320 2.236068
1.000000 2.121320 2.236068
1.000000 5.590170 5.700877
1.000000 1.414214 1.500000
1.000000 2.915476 3.000000
1.000000 6.103278 6.184658
1.000000 1.500000 1.581139
1.000000 2.000000 2.061553
1.000000 2.000000 2.061553
1.000000 2.000000 2.061553
1.000000 2.500000 2.549510
1.000000 3.000000 3.041381
1.000000 3.500000 3.535534
1.000000 4.000000 4.031129
1.000000 4.242641 4.272002
1.000000 4.500000 4.527693
1.000000 6.000000 6.020797
1.000000 6.500000 6.519202
1.000000 6.500000 6.519202
0.000000 -4.500000 inf
0.000000 -4.031129 -1.000000
0.000000 -0.500000 2.500000
0.000000 -0.707107 2.236068
0.000000 -3.605551 -1.118034
0.000000 -0.500000 1.802776
0.000000 -0.707107 1.581139
0.000000 -0.500000 1.118034
0.000000 -0.500000 1.000000
0.000000 -1.000000 0.500000
0.000000 -0.500000 1.000000
0.000000 -3.041381 -1.802776
0.000000 -3.041381 -2.061553
0.000000 -3.535534 -2.692582
0.000000 -2.121320 -1.414214
0.000000 -1.802776 -1.118034
0.000000 -1.802776 -1.118034
0.000000 -2.061553 -1.414214
0.000000 -2.000000 -1.414214
0.000000 -3.000000 -2.549510
0.000000 -1.500000 -1.118034
0.000000 -2.828427 -2.500000
0.000000 -1.802776 -1.581139
0.000000 -1.802776 -1.581139
0.000000 -2.692582 -2.549510
0.000000 -1.500000 -1.414214
0.000000 -1.581139 -1.500000
0.000000 -1.581139 -1.500000
0.000000 -2.549510 -2.500000
0.000000 -3.041381 -3.000000
0.000000 -3.041381 -3.000000
