1.000000 1.500000 10.547512
1.000000 -1.000000 0.500000
1.000000 -0.500000 0.707107
1.000000 -0.707107 0.500000
1.000000 -0.500000 0.500000
1.000000 1.118034 1.581139
1.000000 8.944272 9.340771
1.000000 2.236068 2.500000
1.000000 8.944272 9.178780
1.000000 10.062306 10.295630
1.000000 0.500000 0.707107
1.000000 0.500000 0.707107
1.000000 0.500000 0.707107
1.000000 9.924717 10.124228
1.000000 9.013878 9.192388
1.000000 9.013878 9.178780
1.000000 9.394147 9.552487
1.000000 9.823441 9.962429
1.000000 10.307764 10.404326
1.000000 9.124144 9.219544
1.000000 7.071068 7.158911
1.000000 1.500000 1.581139
1.000000 9.219544 9.300538
1.000000 9.604686 9.656604
1.000000 7.500000 7.516648
1.000000 9.500000 9.513149
0.000000 -4.472136 inf
0.000000 -3.535534 -1.000000
0.000000 -2.915476 -1.118034
0.000000 -2.692582 -1.414214
0.000000 -2.549510 -1.500000
0.000000 -0.500000 0.500000
0.000000 -1.802776 -1.000000
0.000000 -2.500000 -1.802776
0.000000 -2.000000 -1.414214
0.000000 -1.581139 -1.000000
0.000000 -3.354102 -2.828427
0.000000 -1.414214 -1.000000
0.000000 -1.414214 -1.000000
0.000000 -1.802776 -1.414214
0.000000 -1.802776 -1.581139
0.000000 -0.707107 -0.500000
0.000000 -1.118034 -1.000000
0.000000 -1.118034 -1.000000
0.000000 -2.236068 -2.121320
0.000000 -1.500000 -1.414214
0.000000 -1.500000 -1.414214
0.000000 -1.500000 -1.414214
0.000000 -1.581139 -1.500000
0.000000 -1.581139 -1.500000
0.000000 -2.549510 -2.500000
