1.000000 -0.500000 0.500000
1.000000 -0.500000 0.500000
1.000000 0.500000 0.707107
1.000000 0.500000 0.707107
1.000000 4.123106 4.272002
1.000000 3.354102 3.500000
1.000000 1.000000 1.118034
1.000000 3.535534 3.640055
0.000000 -1.581139 inf
0.000000 -1.414214 3.041381
0.000000 -1.118034 -0.707107
0.000000 -1.414214 -1.118034
0.000000 -1.000000 -0.707107
0.000000 -1.000000 -0.707107
0.000000 -1.000000 -0.707107
0.000000 -0.707107 -0.500000
0.000000 -1.118034 -1.000000
0.000000 -1.500000 -1.414214
