1.000000 -1.000000 7.500000
1.000000 -0.707107 1.118034
1.000000 -1.000000 0.707107
1.000000 -1.000000 0.500000
1.000000 1.118034 1.414214
1.000000 0.707107 1.000000
1.000000 5.024938 5.099020
1.000000 7.017834 7.071068
0.000000 -5.024938 inf
0.000000 -3.000000 -1.118034
0.000000 -2.915476 -1.118034
0.000000 -0.500000 1.000000
0.000000 -2.121320 -1.000000
0.000000 -0.500000 0.500000
0.000000 -2.121320 -1.581139
0.000000 -1.414214 -1.000000
0.000000 -1.802776 -1.414214
0.000000 -1.802776 -1.414214
0.000000 -1.802776 -1.500000
0.000000 -1.802776 -1.581139
0.000000 -2.692582 -2.500000
0.000000 -1.118034 -1.000000
0.000000 -1.118034 -1.000000
0.000000 -1.118034 -1.000000
0.000000 -1.581139 -1.500000
