1.000000 -2.828427 1.000000
1.000000 -2.828427 1.000000
1.000000 -2.236068 1.000000
1.000000 -2.236068 1.000000
1.000000 -2.000000 1.000000
1.000000 -2.000000 1.000000
1.000000 -1.414214 1.000000
1.000000 -1.000000 1.000000
1.000000 -1.000000 1.000000
1.000000 -1.000000 1.000000
1.000000 -1.000000 1.000000
1.000000 -1.000000 1.000000
1.000000 -1.000000 1.000000
1.000000 -1.000000 1.000000
1.000000 -1.000000 1.000000
1.000000 -1.000000 1.000000
1.000000 -1.000000 1.000000
1.000000 -1.000000 1.000000
1.000000 -1.000000 1.000000
1.000000 -1.000000 1.000000
1.000000 -1.000000 1.000000
1.000000 -1.000000 1.000000
1.000000 -1.000000 1.000000
1.000000 -1.000000 1.000000
1.000000 -1.000000 1.000000
1.000000 -1.000000 1.000000
1.000000 1.000000 1.414214
1.000000 1.000000 1.414214
0.000000 -10.295630 inf
0.000000 -8.602325 -3.605551
0.000000 -3.605551 -2.236068
0.000000 -9.848858 -9.219544
0.000000 -2.828427 -2.236068
0.000000 -2.000000 -1.414214
0.000000 -4.000000 -3.605551
0.000000 -5.385165 -5.000000
0.000000 -9.486833 -9.219544
0.000000 -2.236068 -2.000000
0.000000 -2.236068 -2.000000
0.000000 -3.162278 -3.000000
0.000000 -4.123106 -4.000000
0.000000 -8.602325 -8.485281
0.000000 -5.099020 -5.000000
0.000000 -5.099020 -5.000000
0.000000 -8.544004 -8.485281
