1.000000 1.000000 inf
1.000000 1.000000 inf
1.000000 1.000000 inf
1.000000 1.000000 inf
1.000000 1.000000 inf
1.000000 1.000000 inf
1.000000 1.000000 inf
1.000000 1.000000 inf
1.000000 1.000000 inf
1.000000 1.000000 inf
1.000000 1.000000 inf
1.000000 1.000000 inf
1.000000 1.000000 inf
1.000000 1.000000 inf
1.000000 1.000000 inf
1.000000 1.000000 inf
1.000000 1.000000 inf
1.000000 1.000000 inf
1.000000 1.000000 18.357560
1.000000 1.000000 17.204651
1.000000 1.000000 15.652476
1.000000 4.000000 14.142136
1.000000 3.162278 12.649111
1.000000 4.000000 12.806248
1.000000 8.000000 13.000000
1.000000 6.324555 10.770330
1.000000 4.000000 8.062258
1.000000 5.000000 9.055385
1.000000 11.180340 14.212670
1.000000 10.049876 12.727922
1.000000 1.000000 3.605551
1.000000 7.000000 9.486833
1.000000 2.236068 4.242641
1.000000 -1.000000 1.000000
1.000000 -1.000000 1.000000
1.000000 -1.000000 1.000000
1.000000 -1.000000 1.000000
1.000000 -1.000000 1.000000
1.000000 -1.000000 1.000000
1.000000 -1.000000 1.000000
1.000000 -1.000000 1.000000
1.000000 -1.000000 1.000000
1.000000 -1.000000 1.000000
1.000000 -1.000000 1.000000
1.000000 -1.000000 1.000000
1.000000 -1.000000 1.000000
1.000000 -1.000000 1.000000
1.000000 -1.000000 1.000000
1.000000 -1.000000 1.000000
1.000000 -1.000000 1.000000
1.000000 -1.000000 1.000000
1.000000 2.236068 4.000000
1.000000 6.000000 7.615773
1.000000 2.000000 3.605551
1.000000 2.000000 3.605551
1.000000 4.123106 5.385165
1.000000 8.944272 10.198039
1.000000 1.000000 2.236068
1.000000 1.000000 2.236068
1.000000 1.000000 2.236068
1.000000 1.000000 2.236068
1.000000 1.000000 2.236068
1.000000 1.000000 2.236068
1.000000 1.000000 2.236068
1.000000 2.000000 3.162278
1.000000 3.162278 4.242641
1.000000 10.630146 11.704700
1.000000 1.000000 2.000000
1.000000 1.000000 2.000000
1.000000 1.000000 2.000000
1.000000 1.000000 2.000000
1.000000 1.000000 2.000000
1.000000 1.000000 2.000000
1.000000 4.000000 5.000000
1.000000 1.000000 2.000000
1.000000 2.000000 3.000000
1.000000 1.000000 2.000000
1.000000 8.062258 9.055385
1.000000 11.180340 12.165525
1.000000 3.162278 4.123106
1.000000 3.162278 4.123106
1.000000 5.385165 6.324555
1.000000 8.062258 8.944272
1.000000 4.123106 5.000000
1.000000 3.605551 4.472136
1.000000 2.000000 2.828427
1.000000 2.000000 2.828427
1.000000 2.000000 2.828427
1.000000 7.000000 7.810250
1.000000 2.828427 3.605551
1.000000 2.828427 3.605551
1.000000 2.236068 3.000000
1.000000 4.242641 5.000000
1.000000 6.324555 7.071068
1.000000 12.649111 13.341664
1.000000 11.000000 11.661904
1.000000 3.605551 4.242641
1.000000 12.369317 13.000000
1.000000 8.602325 9.219544
1.000000 5.385165 6.000000
1.000000 3.000000 3.605551
1.000000 7.211103 7.810250
1.000000 6.403124 7.000000
1.000000 2.236068 2.828427
1.000000 2.236068 2.828427
1.000000 2.236068 2.828427
1.000000 2.236068 2.828427
1.000000 2.236068 2.828427
1.000000 2.236068 2.828427
1.000000 1.414214 2.000000
1.000000 1.414214 2.000000
1.000000 1.414214 2.000000
1.000000 1.414214 2.000000
1.000000 1.414214 2.000000
1.000000 1.414214 2.000000
1.000000 5.830952 6.403124
1.000000 5.830952 6.403124
1.000000 10.630146 11.180340
1.000000 4.472136 5.000000
1.000000 4.472136 5.000000
1.000000 3.605551 4.123106
1.000000 3.605551 4.123106
1.000000 12.529964 13.038405
1.000000 6.708204 7.211103
1.000000 6.708204 7.211103
1.000000 5.830952 6.324555
1.000000 5.830952 6.324555
1.000000 8.062258 8.544004
1.000000 8.062258 8.544004
1.000000 10.295630 10.770330
1.000000 4.000000 4.472136
1.000000 4.000000 4.472136
1.000000 12.529964 13.000000
1.000000 12.083046 12.529964
1.000000 12.083046 12.529964
1.000000 12.083046 12.529964
1.000000 9.848858 10.295630
1.000000 7.615773 8.062258
1.000000 5.385165 5.830952
1.000000 5.385165 5.830952
1.000000 3.162278 3.605551
1.000000 3.162278 3.605551
1.000000 3.162278 3.605551
1.000000 3.162278 3.605551
1.000000 3.162278 3.605551
1.000000 3.162278 3.605551
1.000000 3.162278 3.605551
1.000000 3.162278 3.605551
1.000000 3.162278 3.605551
1.000000 3.162278 3.605551
1.000000 9.055385 9.486833
1.000000 11.661904 12.083046
1.000000 1.000000 1.414214
1.000000 1.000000 1.414214
1.000000 1.000000 1.414214
1.000000 1.000000 1.414214
1.000000 1.000000 1.414214
1.000000 1.000000 1.414214
1.000000 1.000000 1.414214
1.000000 1.000000 1.414214
1.000000 1.000000 1.414214
1.000000 1.000000 1.414214
1.000000 1.000000 1.414214
1.000000 1.000000 1.414214
1.000000 1.000000 1.414214
1.000000 1.000000 1.414214
1.000000 1.000000 1.414214
1.000000 1.000000 1.414214
1.000000 1.000000 1.414214
1.000000 1.000000 1.414214
1.000000 1.000000 1.414214
1.000000 1.000000 1.414214
1.000000 1.000000 1.414214
1.000000 1.000000 1.414214
1.000000 1.000000 1.414214
1.000000 1.000000 1.414214
1.000000 1.000000 1.414214
1.000000 1.000000 1.414214
1.000000 1.000000 1.414214
1.000000 1.000000 1.414214
1.000000 1.000000 1.414214
1.000000 1.000000 1.414214
1.000000 1.000000 1.414214
1.000000 1.000000 1.414214
1.000000 1.000000 1.414214
1.000000 1.000000 1.414214
1.000000 1.000000 1.414214
1.000000 1.000000 1.414214
1.000000 1.000000 1.414214
1.000000 1.000000 1.414214
1.000000 1.000000 1.414214
1.000000 1.000000 1.414214
1.000000 1.000000 1.414214
1.000000 1.000000 1.414214
1.000000 1.000000 1.414214
1.000000 1.000000 1.414214
1.000000 1.000000 1.414214
1.000000 1.000000 1.414214
1.000000 1.000000 1.414214
1.000000 1.000000 1.414214
1.000000 1.000000 1.414214
1.000000 1.000000 1.414214
1.000000 1.000000 1.414214
1.000000 1.000000 1.414214
1.000000 10.770330 11.180340
1.000000 10.770330 11.180340
1.000000 10.770330 11.180340
1.000000 7.211103 7.615773
1.000000 8.602325 9.000000
1.000000 10.049876 10.440307
1.000000 13.928388 14.317821
1.000000 5.000000 5.385165
1.000000 5.000000 5.385165
1.000000 6.324555 6.708204
1.000000 6.324555 6.708204
1.000000 10.816654 11.180340
1.000000 10.816654 11.180340
1.000000 6.708204 7.071068
1.000000 9.486833 9.848858
1.000000 4.123106 4.472136
1.000000 4.123106 4.472136
1.000000 4.123106 4.472136
1.000000 8.602325 8.944272
1.000000 7.280110 7.615773
1.000000 7.280110 7.615773
1.000000 2.828427 3.162278
1.000000 12.041595 12.369317
1.000000 12.041595 12.369317
1.000000 13.601471 13.928388
1.000000 6.000000 6.324555
1.000000 14.560220 14.866069
1.000000 13.038405 13.341664
1.000000 11.401754 11.704700
1.000000 11.401754 11.704700
1.000000 11.401754 11.704700
1.000000 11.401754 11.704700
1.000000 11.401754 11.704700
1.000000 8.246211 8.544004
1.000000 8.246211 8.544004
1.000000 11.704700 12.000000
1.000000 15.231546 15.524175
1.000000 12.083046 12.369317
1.000000 5.099020 5.385165
1.000000 5.099020 5.385165
1.000000 12.369317 12.649111
1.000000 8.944272 9.219544
1.000000 9.219544 9.486833
1.000000 9.219544 9.486833
1.000000 9.219544 9.486833
1.000000 8.000000 8.246211
1.000000 10.049876 10.295630
1.000000 10.198039 10.440307
1.000000 6.082763 6.324555
1.000000 6.082763 6.324555
1.000000 6.082763 6.324555
1.000000 6.082763 6.324555
1.000000 2.000000 2.236068
1.000000 2.000000 2.236068
1.000000 2.000000 2.236068
1.000000 2.000000 2.236068
1.000000 2.000000 2.236068
1.000000 2.000000 2.236068
1.000000 2.000000 2.236068
1.000000 2.000000 2.236068
1.000000 2.000000 2.236068
1.000000 2.000000 2.236068
1.000000 2.000000 2.236068
1.000000 2.000000 2.236068
1.000000 2.000000 2.236068
1.000000 2.000000 2.236068
1.000000 2.000000 2.236068
1.000000 2.000000 2.236068
1.000000 2.000000 2.236068
1.000000 2.000000 2.236068
1.000000 2.000000 2.236068
1.000000 10.770330 11.000000
1.000000 4.242641 4.472136
1.000000 4.242641 4.472136
1.000000 4.242641 4.472136
1.000000 4.242641 4.472136
1.000000 4.242641 4.472136
1.000000 4.242641 4.472136
1.000000 4.242641 4.472136
1.000000 17.888544 18.110770
1.000000 9.000000 9.219544
1.000000 7.000000 7.211103
1.000000 7.071068 7.280110
1.000000 7.071068 7.280110
1.000000 12.165525 12.369317
1.000000 12.165525 12.369317
1.000000 10.000000 10.198039
1.000000 10.000000 10.198039
1.000000 10.000000 10.198039
1.000000 10.000000 10.198039
1.000000 12.529964 12.727922
1.000000 10.440307 10.630146
1.000000 10.440307 10.630146
1.000000 10.630146 10.816654
1.000000 10.630146 10.816654
1.000000 10.630146 10.816654
1.000000 13.416408 13.601471
1.000000 8.062258 8.246211
1.000000 11.000000 11.180340
1.000000 2.828427 3.000000
1.000000 5.830952 6.000000
1.000000 9.055385 9.219544
1.000000 9.055385 9.219544
1.000000 3.000000 3.162278
1.000000 3.000000 3.162278
1.000000 3.000000 3.162278
1.000000 3.000000 3.162278
1.000000 3.000000 3.162278
1.000000 3.000000 3.162278
1.000000 3.000000 3.162278
1.000000 3.000000 3.162278
1.000000 3.000000 3.162278
1.000000 3.000000 3.162278
1.000000 3.000000 3.162278
1.000000 3.000000 3.162278
1.000000 3.000000 3.162278
1.000000 10.049876 10.198039
1.000000 7.071068 7.211103
1.000000 7.071068 7.211103
1.000000 7.071068 7.211103
1.000000 11.045361 11.180340
1.000000 12.041595 12.165525
1.000000 12.041595 12.165525
1.000000 12.041595 12.165525
1.000000 4.000000 4.123106
1.000000 4.000000 4.123106
1.000000 4.000000 4.123106
1.000000 4.000000 4.123106
1.000000 4.000000 4.123106
1.000000 4.000000 4.123106
1.000000 4.000000 4.123106
1.000000 4.000000 4.123106
1.000000 4.000000 4.123106
1.000000 4.000000 4.123106
1.000000 4.123106 4.242641
1.000000 4.123106 4.242641
1.000000 4.123106 4.242641
1.000000 8.485281 8.602325
1.000000 8.485281 8.602325
1.000000 13.038405 13.152946
1.000000 15.033296 15.132746
1.000000 5.000000 5.099020
1.000000 5.000000 5.099020
1.000000 5.000000 5.099020
1.000000 5.000000 5.099020
1.000000 6.000000 6.082763
1.000000 6.000000 6.082763
1.000000 6.000000 6.082763
1.000000 6.000000 6.082763
1.000000 6.000000 6.082763
1.000000 6.000000 6.082763
1.000000 6.000000 6.082763
1.000000 6.324555 6.403124
1.000000 6.324555 6.403124
1.000000 6.324555 6.403124
1.000000 7.000000 7.071068
1.000000 7.000000 7.071068
1.000000 7.000000 7.071068
1.000000 7.000000 7.071068
1.000000 7.000000 7.071068
1.000000 7.000000 7.071068
1.000000 7.211103 7.280110
1.000000 7.211103 7.280110
1.000000 8.000000 8.062258
1.000000 8.000000 8.062258
1.000000 8.000000 8.062258
1.000000 9.000000 9.055385
1.000000 9.000000 9.055385
1.000000 9.000000 9.055385
1.000000 10.000000 10.049876
1.000000 10.000000 10.049876
1.000000 10.000000 10.049876
1.000000 11.000000 11.045361
1.000000 11.000000 11.045361
1.000000 11.661904 11.704700
1.000000 12.000000 12.041595
1.000000 13.000000 13.038405
0.000000 -2.828427 inf
0.000000 -2.236068 inf
0.000000 1.000000 inf
0.000000 1.000000 inf
0.000000 -2.828427 inf
0.000000 -2.000000 6.082763
0.000000 -1.000000 7.000000
0.000000 -1.000000 6.708204
0.000000 -1.414214 5.000000
0.000000 -2.236068 3.000000
0.000000 -1.414214 3.605551
0.000000 -1.000000 4.000000
0.000000 -1.000000 3.605551
0.000000 -2.236068 2.236068
0.000000 -1.000000 3.000000
0.000000 -1.000000 3.000000
0.000000 -1.000000 3.000000
0.000000 -1.000000 3.000000
0.000000 -1.000000 3.000000
0.000000 -1.000000 3.000000
0.000000 -1.000000 3.000000
0.000000 -1.000000 2.828427
0.000000 -1.000000 2.828427
0.000000 -1.414214 2.000000
0.000000 -1.414214 2.000000
0.000000 -1.000000 2.236068
0.000000 -1.000000 2.236068
0.000000 -1.000000 2.236068
0.000000 -1.000000 2.236068
0.000000 -1.000000 2.000000
0.000000 -1.000000 2.000000
0.000000 -1.000000 2.000000
0.000000 -1.000000 2.000000
0.000000 -1.000000 2.000000
0.000000 -1.000000 2.000000
0.000000 -1.000000 2.000000
0.000000 -1.000000 2.000000
0.000000 -2.000000 1.000000
0.000000 -1.000000 2.000000
0.000000 -1.414214 1.414214
0.000000 -1.000000 1.414214
0.000000 -1.414214 1.000000
0.000000 -1.414214 1.000000
0.000000 -1.000000 1.414214
0.000000 -1.000000 1.414214
0.000000 -1.000000 1.414214
0.000000 -1.000000 1.414214
0.000000 -1.000000 1.414214
0.000000 -1.000000 1.414214
0.000000 -1.414214 1.000000
0.000000 -1.414214 1.000000
0.000000 -1.414214 1.000000
0.000000 -1.000000 1.000000
0.000000 -1.000000 1.000000
0.000000 -1.000000 1.000000
0.000000 -1.000000 1.000000
0.000000 -1.000000 1.000000
0.000000 -1.000000 1.000000
0.000000 -1.000000 1.000000
0.000000 -1.000000 1.000000
0.000000 -1.000000 1.000000
0.000000 -1.000000 1.000000
0.000000 -1.000000 1.000000
0.000000 -1.000000 1.000000
0.000000 -1.000000 1.000000
0.000000 -1.000000 1.000000
0.000000 -1.000000 1.000000
0.000000 -1.000000 1.000000
0.000000 -1.000000 1.000000
0.000000 -1.000000 1.000000
0.000000 -1.000000 1.000000
0.000000 -1.000000 1.000000
0.000000 -1.000000 1.000000
0.000000 -1.000000 1.000000
0.000000 -1.000000 1.000000
0.000000 -1.000000 1.000000
0.000000 -1.000000 1.000000
0.000000 -1.000000 1.000000
0.000000 -1.000000 1.000000
0.000000 -1.000000 1.000000
0.000000 -1.000000 1.000000
0.000000 -1.000000 1.000000
0.000000 -1.000000 1.000000
0.000000 -1.000000 1.000000
0.000000 -1.000000 1.000000
0.000000 -1.000000 1.000000
0.000000 -1.000000 1.000000
0.000000 -1.000000 1.000000
0.000000 -1.000000 1.000000
0.000000 -1.000000 1.000000
0.000000 -1.000000 1.000000
0.000000 -1.000000 1.000000
0.000000 -1.000000 1.000000
0.000000 -1.000000 1.000000
0.000000 -1.000000 1.000000
0.000000 -1.000000 1.000000
0.000000 -1.000000 1.000000
0.000000 -1.000000 1.000000
0.000000 -1.000000 1.000000
0.000000 -1.000000 1.000000
0.000000 -1.000000 1.000000
0.000000 -1.000000 1.000000
0.000000 -1.000000 1.000000
0.000000 -1.000000 1.000000
0.000000 -1.000000 1.000000
0.000000 -1.000000 1.000000
0.000000 -1.000000 1.000000
0.000000 -1.000000 1.000000
0.000000 -1.000000 1.000000
0.000000 -1.000000 1.000000
0.000000 -1.000000 1.000000
0.000000 -1.000000 1.000000
0.000000 -1.000000 1.000000
0.000000 -1.000000 1.000000
0.000000 -1.000000 1.000000
0.000000 -1.000000 1.000000
0.000000 -1.000000 1.000000
0.000000 -1.000000 1.000000
0.000000 -1.000000 1.000000
0.000000 -1.000000 1.000000
0.000000 -1.000000 1.000000
0.000000 -1.000000 1.000000
0.000000 -1.000000 1.000000
0.000000 -1.000000 1.000000
0.000000 -1.000000 1.000000
0.000000 -1.000000 1.000000
0.000000 -1.000000 1.000000
0.000000 -1.000000 1.000000
0.000000 -1.000000 1.000000
0.000000 -1.000000 1.000000
0.000000 -1.000000 1.000000
0.000000 -1.000000 1.000000
0.000000 -1.000000 1.000000
0.000000 -1.000000 1.000000
0.000000 -1.000000 1.000000
0.000000 -1.000000 1.000000
0.000000 -1.000000 1.000000
0.000000 -1.000000 1.000000
0.000000 -1.000000 1.000000
0.000000 -1.000000 1.000000
0.000000 -1.000000 1.000000
0.000000 -1.000000 1.000000
0.000000 -1.000000 1.000000
0.000000 -1.000000 1.000000
0.000000 -1.000000 1.000000
0.000000 -1.000000 1.000000
0.000000 -1.000000 1.000000
0.000000 -1.000000 1.000000
0.000000 -1.000000 1.000000
0.000000 -1.000000 1.000000
0.000000 -1.000000 1.000000
0.000000 -1.000000 1.000000
0.000000 -1.000000 1.000000
0.000000 -1.000000 1.000000
0.000000 -1.000000 1.000000
0.000000 -1.000000 1.000000
0.000000 1.000000 2.236068
0.000000 -2.000000 -1.000000
0.000000 1.000000 2.000000
0.000000 -1.414214 -1.000000
0.000000 -2.236068 -2.000000
0.000000 -2.236068 -2.000000
